30 30
719317895 354541746 88601177 481055468 697614278 636123261 959975609 514717185 665926587 63005523 889012906 526923720 78162856 804468591 730869063 685982725 454930147 678989150 227070435 684202868 375846047 282517396 701069437 880431950 371506499 599613084 433530479 744930950 119988911 559391127
1 30 495322715
1 7 962645082
2 11 22
1 17 284231009
2 4 9
2 6 25
1 6 160216205
2 21 24
2 5 30
1 17 878365164
2 13 27
2 1 30
1 1 182624511
2 6 13
2 17 20
2 1 23
2 5 24
1 5 207566732
1 29 687035595
2 17 23
2 25 30
2 24 28
1 28 887104494
2 2 17
1 14 420427177
2 25 27
1 1 103251905
1 26 586880330
2 9 27
2 5 6
