100 100
719317895 354541746 88601177 481055468 697614278 636123261 959975609 514717185 665926587 63005523 889012906 526923720 78162856 804468591 730869063 685982725 454930147 678989150 227070435 684202868 375846047 282517396 701069437 880431950 371506499 599613084 433530479 744930950 119988911 559391127 130798591 979095102 495322715 206205581 148328903 962645082 402151918 283803286 389352907 340331825 299106559 204832593 284231009 759056210 28654912 860355588 683796713 590786620 119454105 547650310 567086999 160216205 790985570 239479573 562575556 410353381 88555902 343573593 219498033 878365164 7851590 560237663 106636717 858782683 87636616 481052062 239703649 624413593 108626337 182624511 43529840 866696077 828051750 324422880 892769620 39170673 705547372 380226497 224529239 998157402 137380421 339006616 589618656 707416645 207566732 612781919 123626749 687035595 141421282 288350321 817433414 915767225 718240990 762018640 712000860 685298125 545020735 618129052 887104494 453639296
1 2 591601745
2 30 41
1 57 125041617
1 65 990671825
2 74 92
1 27 442886780
2 79 100
1 12 941864410
2 5 20
1 31 187578048
1 17 187193962
1 5 243593120
2 56 89
1 84 128807075
1 36 808846698
1 1 355107458
2 79 89
1 76 870800047
2 23 59
2 49 62
2 9 65
2 1 98
1 16 680320601
1 13 912787941
2 26 45
1 76 603241468
1 28 338282765
1 25 815956414
2 35 82
2 4 68
1 72 702293614
2 77 78
1 33 845358896
2 24 84
2 7 72
2 12 43
1 55 21458870
2 17 92
1 21 348114032
1 57 976357138
2 31 37
2 53 99
2 48 84
1 69 960261461
1 58 643771796
1 15 170931613
1 7 266232614
1 56 123075405
2 15 21
2 1 39
1 3 873831244
1 15 514884951
2 5 73
2 10 82
2 27 39
2 18 80
2 16 59
2 17 75
1 11 782289696
2 43 50
2 1 94
1 2 656134005
2 45 85
1 24 97180733
1 80 569025609
1 86 606839048
1 3 413014545
1 36 129241002
1 32 128049640
2 71 73
1 32 56770240
2 27 70
2 55 86
2 35 79
1 57 42862030
2 60 97
2 48 60
2 29 93
1 42 490171943
2 30 58
1 77 546499607
2 9 11
2 10 33
1 29 485910759
2 15 65
1 78 156980642
2 73 93
1 30 950248503
2 80 84
1 30 463462424
2 6 76
1 36 862942075
1 96 511560624
2 16 55
2 31 75
2 22 59
2 47 69
1 88 942327741
1 43 143359362
2 38 85
