100 100 50 50 80 50 0 10
100 100 50 50 80 50 0 -10
100 100 50 50 80 50 10 0
100 100 50 50 80 50 -10 0
100 100 50 50 80 50 10 10
100 100 50 50 80 50 -10 -10
100 100 50 50 50 80 0 10
100 100 50 50 50 80 0 -10
100 100 50 50 50 80 10 0
100 100 50 50 50 80 -10 0
100 100 50 50 50 80 10 10
100 100 50 50 50 80 -10 -10
100 100 50 50 80 50 0 1
100 100 50 50 80 50 0 -1
100 100 50 50 80 50 1 0
100 100 50 50 80 50 -1 0
100 100 50 50 50 80 0 1
100 100 50 50 50 80 0 -1
100 100 50 50 50 80 1 0
100 100 50 50 50 80 -1 0
82 655 55 102 6 529 227 165
405 904 311 223 279 898 751 -570
65 964 40 702 2 682 2 768
60 55 29 41 5 46 301 778
71 956 5 632 13 181 408 -452
589 993 283 242 159 81 67 -958
56 636 25 347 19 528 43 -874
373 615 52 290 330 498 -929 90
345 518 112 491 72 212 -148 828
147 221 104 199 70 213 140 116
928 960 865 238 164 427 -937 -655
71 389 56 201 52 381 -295 528
59 214 19 124 32 164 336 -257
704 423 500 208 56 175 -703 775
417 826 128 642 32 820 -705 -343
978 894 294 203 782 596 236 -87
552 289 4 154 97 15 -600 612
565 355 28 50 490 55 -181 -435
780 17 288 14 68 12 153 65
364 328 203 36 158 133 -544 324
25 434 9 82 9 193 570 -850
824 805 651 760 600 254 -477 -862
123 254 53 48 73 186 934 404
852 414 729 70 662 215 -468 468
557 750 163 598 468 718 -605 869
268 467 224 265 193 371 -476 -474
744 608 483 353 414 492 265 -677
855 636 349 112 78 44 627 509
406 999 287 363 104 211 679 11
644 321 38 49 507 317 777 -710
55 569 26 301 29 42 542 -884
495 862 63 107 112 343 -178 -235
82 117 8 22 53 13 954 -586
683 342 628 328 89 254 12 874
21 475 6 148 20 104 885 212
946 51 333 1 804 21 373 88
282 213 80 58 264 96 568 404
296 72 57 36 287 17 -248 386
61 737 30 736 55 427 338 837
138 806 82 45 95 337 354 -970
781 914 686 439 115 251 -966 -528
856 565 658 169 109 45 -631 -328
191 448 124 152 117 366 -538 179
661 840 200 140 552 117 118 -659
104 258 4 165 93 256 -23 222
430 974 423 339 176 416 389 42
985 608 118 73 361 171 340 -427
171 239 36 155 28 28 257 95
76 483 57 321 71 161 -580 967
903 10 453 8 138 4 -609 -580
0 0 0 0 0 0 0 0
