10000
5 32
2 22
10 63
7 30
2 22
6 78
3 52
1 43
8 58
4 71
9 91
10 94
1 91
8 0
8 40
10 62
5 95
2 51
5 81
9 46
7 89
7 72
7 30
3 66
9 29
7 10
4 11
3 77
1 65
7 68
9 5
6 88
8 35
2 23
7 9
5 52
4 92
8 60
10 53
6 90
9 100
4 77
3 1
1 69
9 58
7 53
2 32
4 43
2 73
5 4
2 46
2 52
6 100
7 99
9 20
5 8
4 38
9 32
1 60
1 1
7 92
2 81
6 36
2 7
5 53
6 77
8 9
10 39
3 83
3 37
8 56
10 25
6 48
8 25
1 45
6 97
5 73
8 43
1 5
5 74
3 79
5 60
10 2
10 96
9 8
7 100
6 28
6 77
10 78
5 90
7 5
9 66
8 34
7 86
4 46
6 41
4 3
8 3
9 63
8 45
8 63
1 56
6 8
10 11
5 76
2 94
4 95
1 28
3 2
5 25
1 5
9 76
10 4
9 49
7 89
8 75
7 76
6 31
8 36
9 12
3 44
6 100
6 79
2 75
9 73
10 49
7 64
3 94
1 93
5 69
9 71
10 71
1 47
3 62
1 23
6 0
1 20
1 78
2 68
8 96
2 67
7 87
1 1
2 61
7 54
7 45
4 79
8 9
7 22
10 6
8 69
1 31
8 11
9 80
8 67
4 83
4 30
3 39
6 6
6 61
7 100
7 74
6 31
5 62
3 91
6 86
9 100
8 61
1 40
8 85
3 92
9 6
5 22
7 32
7 53
4 39
8 81
9 92
1 5
4 17
3 13
9 20
9 0
5 26
9 84
10 78
10 43
1 48
5 8
7 39
8 40
8 33
9 20
4 11
2 84
4 13
5 21
10 29
10 4
9 54
2 70
2 26
9 15
4 22
9 8
10 67
4 65
1 25
7 28
4 36
1 89
9 79
9 13
1 4
2 7
1 19
3 12
1 47
8 69
5 17
4 10
3 71
2 25
5 44
3 55
9 50
10 78
3 88
10 29
2 50
4 89
10 71
2 66
10 72
1 53
4 24
5 63
5 91
7 77
1 90
3 51
5 55
2 93
4 92
1 84
8 68
5 20
3 95
4 27
2 29
1 29
1 25
1 83
6 16
4 61
4 6
9 12
6 73
9 78
5 5
8 49
4 76
10 6
2 31
5 80
7 56
10 94
5 81
8 68
4 48
5 24
8 44
5 57
3 43
5 42
3 89
5 19
9 64
3 20
10 17
7 87
9 75
2 19
1 34
4 0
9 35
5 17
9 77
7 11
5 81
10 42
2 17
3 76
10 50
10 62
1 21
9 20
10 58
4 48
2 90
3 91
7 5
2 12
7 33
3 29
1 26
2 9
1 92
7 49
2 91
3 41
2 73
1 63
1 95
6 53
5 95
4 48
4 28
9 41
10 11
4 78
6 6
9 65
3 26
5 15
10 40
10 31
3 75
6 64
7 48
1 7
4 84
4 92
9 46
4 79
3 86
10 84
2 7
6 90
4 11
8 33
8 48
4 80
10 21
1 48
5 100
6 70
8 63
7 66
3 72
4 77
5 37
1 68
1 86
1 32
6 43
4 77
6 96
5 45
8 52
6 31
7 19
9 86
9 82
3 80
8 53
3 66
3 82
8 58
8 57
6 13
5 9
4 26
4 76
6 85
3 93
10 51
8 88
2 17
8 20
6 67
2 79
3 46
10 93
4 70
7 99
3 79
8 65
2 48
6 90
3 34
7 67
10 99
10 63
3 59
2 15
3 68
5 5
5 5
4 25
8 78
5 46
7 91
3 36
6 67
3 96
5 11
2 64
1 99
2 74
3 39
4 75
6 15
9 64
2 37
5 72
2 18
2 99
2 56
9 82
9 30
6 70
10 92
8 98
9 85
7 8
2 27
6 50
10 86
4 21
3 67
4 53
1 94
6 77
5 7
3 75
4 86
1 100
2 6
10 9
4 30
8 81
9 25
5 91
6 68
4 4
9 19
1 9
3 95
2 35
8 37
5 78
9 60
3 13
2 1
3 19
4 88
10 41
3 19
10 93
1 14
6 34
1 7
4 6
8 16
3 64
6 86
6 25
6 84
4 72
7 84
7 100
5 78
6 57
8 47
4 24
10 13
6 36
1 8
6 9
4 100
5 68
9 71
8 0
1 90
8 96
3 85
4 92
6 32
2 35
10 35
9 4
9 77
2 69
1 33
3 72
9 59
9 8
7 87
8 36
10 40
1 77
6 76
4 56
6 10
9 34
3 25
4 9
1 7
4 10
2 76
3 99
3 22
10 93
6 68
6 28
9 21
8 80
9 72
7 46
6 21
6 39
5 78
3 42
10 17
8 22
6 63
4 88
6 29
8 76
1 19
5 78
1 67
1 29
5 89
9 3
9 53
4 100
2 99
5 1
9 72
2 36
1 88
7 89
10 14
7 96
8 71
8 9
3 67
7 50
8 64
4 40
7 57
2 55
2 90
4 82
7 80
5 40
8 58
8 96
4 27
2 34
4 33
8 80
2 11
7 68
6 14
4 14
5 12
7 3
4 75
5 11
9 22
1 70
6 73
2 56
5 4
9 11
5 15
5 8
2 84
10 4
10 47
5 49
5 85
4 49
8 41
6 29
3 65
10 94
1 80
9 90
1 18
1 40
9 70
10 20
1 59
7 21
2 55
10 39
3 39
2 28
2 10
2 35
7 18
5 49
5 100
5 6
9 31
3 77
9 100
6 29
3 33
8 11
1 28
3 60
4 36
6 58
3 28
9 83
6 62
10 95
6 65
8 16
7 1
9 48
5 2
9 78
3 7
7 50
3 51
6 78
10 37
4 26
9 24
4 48
10 87
6 13
3 77
1 86
6 22
6 43
9 64
9 67
9 97
1 45
9 89
5 57
6 96
10 25
6 42
4 9
7 63
9 71
7 21
3 77
10 26
9 49
4 72
6 87
1 60
7 89
9 77
6 14
3 58
10 14
6 42
6 49
9 29
3 22
1 83
5 61
3 50
5 29
4 55
8 48
2 11
1 36
3 53
3 87
7 79
7 27
2 58
9 61
6 79
6 91
9 34
2 69
9 4
6 21
9 20
7 40
4 82
4 93
8 54
5 66
2 44
6 0
1 13
7 43
3 63
5 31
9 90
10 13
8 99
1 0
7 57
1 69
5 4
5 85
10 100
4 3
2 66
1 92
10 57
1 33
5 10
9 21
5 4
8 3
1 92
7 20
8 64
9 57
8 21
7 56
2 42
4 92
7 37
9 47
6 20
1 75
1 37
3 32
6 20
2 36
5 32
9 57
7 65
8 88
7 11
1 46
7 93
5 11
1 3
10 44
6 1
10 59
10 38
1 61
10 15
3 69
2 21
6 81
8 76
9 94
8 92
7 92
7 1
1 52
8 35
7 43
4 91
1 1
7 4
9 97
2 6
3 83
3 29
2 75
10 34
5 39
6 89
6 87
3 77
6 25
8 78
3 100
3 32
7 76
8 59
6 29
4 87
9 42
5 67
8 44
7 5
6 89
1 77
2 57
3 10
6 78
4 4
8 16
10 41
6 72
7 97
1 38
8 79
10 75
3 81
1 27
10 56
7 10
8 78
7 87
8 85
6 58
9 4
2 23
8 77
6 94
9 41
1 49
10 50
9 40
7 52
2 38
2 64
4 17
5 100
1 52
5 95
9 69
5 50
3 36
2 70
3 67
2 23
9 17
4 90
1 28
10 95
2 58
9 22
1 75
1 30
4 55
10 94
5 60
7 97
1 66
10 5
5 32
7 52
8 86
7 84
10 1
7 13
5 74
7 2
5 41
9 29
8 98
9 47
5 61
3 70
5 79
2 70
7 5
5 49
8 5
2 19
7 50
9 34
3 76
2 59
7 86
1 85
6 25
2 1
8 4
9 32
10 55
5 73
5 15
7 42
5 94
9 96
2 0
8 67
7 25
3 64
8 17
3 15
7 44
8 87
10 39
1 45
2 10
7 0
7 71
4 50
7 82
9 70
7 55
1 54
6 54
3 21
9 50
7 73
4 78
1 73
3 58
3 43
1 1
3 76
7 88
3 83
10 13
5 62
5 95
2 17
1 44
10 88
10 55
10 74
8 45
4 36
3 57
6 34
9 46
3 24
4 72
5 37
1 1
4 41
4 14
8 27
2 3
6 30
3 89
3 43
5 40
7 88
3 76
4 88
2 2
6 48
5 44
5 12
7 96
9 17
4 37
10 42
4 1
9 33
6 15
4 73
4 16
2 12
1 22
2 61
9 9
1 75
5 72
2 79
6 99
10 76
6 80
10 100
8 34
5 8
6 7
3 40
6 11
7 82
10 2
5 52
5 47
9 10
7 25
5 46
9 44
3 60
4 13
2 34
1 87
7 67
10 71
7 73
5 53
8 23
9 78
8 28
2 70
9 98
6 96
1 13
5 90
10 65
3 9
1 7
4 78
4 45
1 30
5 1
10 58
10 24
10 67
7 29
4 83
9 23
1 81
3 92
1 93
6 53
1 77
7 38
5 39
8 27
7 15
5 28
8 95
2 81
3 62
8 63
8 29
4 53
3 17
1 61
1 24
5 3
9 8
8 84
7 97
4 30
10 87
5 83
10 63
3 59
7 66
2 83
8 14
5 22
7 23
10 37
3 47
2 1
1 10
7 17
7 67
6 23
7 60
5 31
1 82
9 27
4 31
7 73
8 82
4 74
4 30
2 24
2 58
5 47
8 25
7 8
3 53
3 75
2 39
8 56
9 13
3 39
6 66
2 19
9 8
8 29
7 13
5 56
7 87
5 2
1 80
1 97
1 70
4 81
8 20
5 56
1 65
8 67
10 94
1 27
3 35
2 27
6 2
7 70
6 38
2 24
3 20
9 1
9 30
9 55
9 1
9 93
5 77
3 69
5 85
3 20
6 38
1 79
1 35
2 84
1 19
3 60
2 71
10 22
7 69
1 3
2 13
8 93
4 96
5 7
4 56
5 45
5 32
1 30
1 85
7 65
10 12
1 2
3 32
8 63
2 83
10 35
5 96
8 3
5 30
1 74
8 48
1 79
3 25
9 100
7 96
3 86
1 75
3 95
2 82
1 60
8 77
2 88
3 65
6 58
1 21
3 99
4 38
6 59
7 14
3 54
5 87
9 92
7 4
4 78
10 60
7 40
3 2
2 17
7 28
2 6
6 7
6 27
4 60
2 83
5 73
6 3
2 64
1 9
8 43
8 54
10 90
9 0
2 55
1 64
2 69
2 12
1 4
3 39
8 79
9 33
1 22
3 4
8 46
7 44
4 71
3 68
4 84
6 63
4 30
9 83
8 98
10 52
1 7
2 53
8 12
3 52
7 16
8 79
9 47
1 32
2 80
5 72
3 32
5 73
4 7
2 24
6 18
6 29
7 43
5 50
6 70
9 46
5 37
7 90
5 1
6 8
2 5
1 64
9 81
2 87
2 82
10 89
1 68
10 98
3 17
2 25
1 68
5 60
5 55
4 0
10 81
10 36
4 0
5 44
6 48
8 64
8 94
3 58
7 85
9 63
6 91
3 12
6 29
6 19
3 32
4 20
8 24
5 33
5 1
7 85
8 24
4 40
9 47
2 84
7 25
6 61
2 67
8 3
6 62
8 70
3 78
2 68
7 16
9 76
8 16
5 30
1 58
2 75
10 58
1 76
1 85
3 60
5 68
2 73
8 73
3 24
1 89
6 67
4 20
6 81
8 12
8 11
7 79
4 66
2 27
2 21
10 24
5 38
6 77
6 66
7 77
10 89
9 91
2 95
7 93
6 13
7 57
7 69
4 69
1 97
10 17
3 9
3 21
2 25
1 84
3 91
6 94
8 99
3 87
5 92
7 59
1 81
7 79
6 94
6 17
9 94
8 74
7 20
4 15
6 27
10 95
3 4
1 35
8 45
1 57
7 45
1 99
2 67
10 71
4 20
4 77
8 47
9 44
4 90
5 63
4 50
8 50
3 48
2 61
4 2
1 4
2 17
1 93
4 98
3 50
9 77
3 57
3 9
10 11
5 75
9 53
7 38
5 4
1 46
2 75
7 59
2 4
5 53
7 20
3 79
3 7
4 62
1 46
7 59
9 83
3 37
9 41
2 100
9 45
10 68
9 49
1 30
8 37
8 69
4 6
5 59
7 78
6 63
7 6
3 73
3 48
5 29
2 34
7 36
3 37
5 24
2 51
2 11
8 21
6 61
1 5
5 25
2 29
6 28
5 41
6 78
1 92
2 86
1 74
3 93
5 38
1 69
2 5
1 29
7 9
2 65
4 80
10 47
1 43
8 89
2 100
1 69
5 69
3 0
3 33
7 94
4 7
1 9
1 18
1 88
8 59
2 33
5 12
1 13
6 6
8 75
2 67
9 92
10 30
6 63
6 57
5 60
9 4
10 33
2 60
10 70
8 63
6 75
3 63
1 34
5 22
6 63
6 15
9 13
9 3
4 45
5 54
3 51
7 44
6 0
4 64
2 40
2 48
6 41
9 49
8 23
9 41
10 16
7 31
5 38
7 10
8 30
4 85
1 33
9 34
1 58
6 3
8 30
7 85
3 45
1 46
10 78
8 14
9 72
10 47
6 79
4 61
1 80
5 18
3 87
7 65
1 14
5 32
4 87
1 19
4 96
6 88
10 2
7 47
9 47
9 82
2 23
9 38
4 89
1 75
8 5
8 19
1 91
3 7
4 18
4 85
6 2
3 53
3 1
2 88
3 17
4 77
8 64
9 5
10 36
1 59
4 26
3 18
2 9
8 13
3 13
8 27
8 80
2 3
2 66
3 42
6 57
1 99
6 70
1 1
5 22
9 99
9 59
8 61
4 73
6 15
10 78
3 94
2 84
2 80
10 90
3 26
1 58
9 1
2 3
10 20
6 94
4 81
4 93
1 79
5 53
2 25
6 48
9 77
8 44
4 78
7 14
10 33
6 56
6 6
9 57
7 98
9 0
7 46
7 29
3 71
6 10
2 57
2 72
3 72
7 69
2 16
7 89
3 62
10 14
6 80
3 98
2 37
6 20
8 45
1 34
5 0
3 64
5 57
4 77
2 40
6 2
7 44
7 72
9 63
8 42
8 5
6 90
3 45
1 12
4 87
6 97
6 66
1 21
3 15
3 43
9 84
3 78
10 57
9 77
2 70
1 7
1 74
5 64
4 79
10 88
10 36
3 9
3 42
6 82
7 5
10 24
4 35
3 39
4 60
5 69
7 38
4 85
9 15
8 41
7 29
2 76
4 47
10 85
7 93
8 29
8 45
4 49
10 97
5 95
2 79
7 5
10 17
8 30
3 95
3 43
2 22
1 24
3 6
2 35
4 40
6 58
2 15
4 12
5 3
3 27
2 75
8 24
4 18
4 81
6 8
3 65
10 22
1 94
6 48
2 17
3 61
5 88
4 66
8 12
5 65
9 90
7 54
7 41
1 4
5 18
2 11
4 80
6 34
6 35
3 38
10 45
8 69
4 48
10 64
4 78
6 30
1 40
3 21
2 74
9 23
3 5
7 99
5 21
6 53
9 70
8 40
2 91
5 63
8 34
3 99
7 73
7 53
5 5
4 84
4 25
3 74
1 42
7 40
4 63
6 29
1 37
7 93
8 36
7 91
2 15
9 95
9 35
5 90
1 8
5 12
6 35
9 70
3 47
3 98
5 17
8 30
9 42
1 18
9 73
3 23
10 47
4 36
4 16
9 14
9 9
4 40
3 62
10 92
4 60
10 44
4 52
7 79
1 48
8 4
8 1
1 66
10 82
1 92
9 65
5 10
8 63
9 0
8 100
9 75
2 28
4 100
2 50
7 48
9 100
9 47
7 91
2 30
1 100
3 64
7 34
1 47
3 51
5 85
4 47
7 69
6 20
1 67
2 32
3 6
3 41
9 34
4 33
10 17
3 76
4 99
9 9
4 86
5 94
6 38
6 49
4 57
9 36
1 61
4 31
7 19
9 14
4 100
2 33
9 87
1 92
10 44
3 72
9 72
3 30
9 45
7 25
7 0
3 24
10 46
8 24
4 12
1 26
2 79
9 38
5 84
8 99
8 95
8 32
7 66
3 89
8 92
6 31
3 63
3 21
8 80
7 89
9 26
9 59
5 56
3 52
1 93
1 55
6 44
5 22
8 81
9 94
3 35
8 76
8 2
8 61
4 0
4 46
8 56
6 41
1 53
3 87
4 59
1 6
4 16
1 3
9 29
3 33
8 20
6 69
5 1
7 29
10 55
5 10
4 37
1 89
8 51
6 97
4 7
5 90
7 31
9 12
6 86
10 37
3 93
7 81
4 55
7 78
9 36
7 49
10 79
5 73
1 80
10 85
3 17
3 20
1 87
5 67
7 70
1 32
6 90
2 4
9 55
1 58
1 2
8 4
6 74
2 49
1 39
7 25
2 45
6 43
10 23
6 51
10 75
2 0
10 63
7 89
8 9
5 24
1 87
3 1
7 56
9 93
2 55
1 86
10 35
7 22
1 95
2 70
9 53
10 25
5 29
2 42
10 28
10 64
10 96
1 55
6 4
6 35
10 100
7 89
6 1
10 97
9 3
8 97
10 12
10 74
7 2
7 98
3 97
6 29
9 55
10 9
6 18
10 17
4 10
4 11
1 26
7 97
7 27
3 42
4 100
3 31
4 9
5 77
1 50
8 8
3 14
9 44
3 93
1 73
8 44
10 5
4 79
10 56
4 96
10 67
3 61
1 4
10 34
1 5
7 92
3 36
9 21
9 22
1 21
10 25
10 58
3 55
3 39
1 3
9 17
8 17
6 6
9 40
5 1
5 8
2 48
8 21
7 25
10 23
8 76
3 10
2 53
9 75
9 80
1 93
6 23
9 88
10 59
9 67
8 97
10 23
9 21
3 29
2 91
8 39
10 52
4 12
1 60
8 17
10 17
9 74
3 96
3 92
2 94
3 16
3 52
4 93
2 71
2 18
10 4
4 56
7 2
3 15
6 13
9 43
1 73
9 86
3 89
4 82
7 39
5 32
7 68
8 56
7 53
10 33
4 28
9 4
8 17
2 74
8 80
9 67
1 82
1 23
2 25
1 93
8 14
6 72
2 2
1 60
10 64
10 34
6 77
9 57
2 85
9 14
8 50
9 51
6 14
2 29
3 18
9 54
6 8
5 20
5 7
9 70
1 0
10 46
9 88
7 11
1 21
9 93
8 69
3 31
5 16
8 1
2 80
10 84
10 43
3 32
10 95
9 23
5 24
1 93
3 69
8 63
8 68
8 6
5 100
3 51
3 76
2 90
4 13
8 50
10 26
8 29
7 82
6 16
9 15
7 13
9 16
7 58
1 88
4 88
7 43
5 45
5 24
10 57
4 4
4 51
2 6
4 56
2 62
8 26
5 63
6 86
6 90
4 54
6 79
7 39
2 85
10 95
9 52
10 90
10 62
4 5
4 94
1 37
6 49
6 67
4 92
7 16
5 81
1 14
1 93
8 5
9 36
5 70
10 45
2 9
7 41
2 39
10 63
9 40
1 36
1 36
3 30
5 70
2 3
9 59
9 29
8 4
7 74
5 87
7 71
3 1
3 45
2 9
2 20
6 9
9 29
1 86
1 94
10 100
8 41
8 45
3 21
1 77
2 62
1 52
3 7
3 50
10 31
3 38
10 40
2 81
5 52
10 16
7 20
5 10
9 4
6 59
3 17
9 29
2 66
6 77
3 56
8 93
1 32
4 20
6 18
2 9
1 29
2 26
3 28
8 54
8 58
6 53
3 96
7 27
10 47
5 58
10 15
4 7
7 26
8 98
7 9
7 94
5 26
7 46
6 17
2 6
4 19
3 60
7 21
7 63
9 4
7 24
5 10
5 80
4 2
8 81
6 50
6 9
4 30
6 30
7 31
4 39
4 90
9 57
1 9
10 49
9 94
1 87
10 57
5 31
2 62
9 40
10 4
4 12
9 90
5 91
8 61
3 78
7 70
9 73
8 1
3 53
6 86
10 29
4 51
2 68
2 62
2 64
8 85
10 13
8 59
6 97
9 84
10 86
7 87
2 38
6 57
8 9
10 51
9 49
6 93
1 65
2 58
2 2
7 10
1 78
6 63
1 70
7 72
2 48
5 62
10 82
4 22
5 37
4 67
4 44
10 48
3 9
10 83
10 90
8 91
4 98
9 54
7 90
8 40
6 10
8 10
10 11
4 77
10 39
8 95
5 38
3 45
6 4
9 7
5 55
9 53
8 28
10 38
1 92
3 73
9 21
4 1
5 81
8 64
3 36
6 58
1 91
5 9
4 50
4 49
5 87
6 90
7 17
9 98
6 37
2 8
9 8
6 9
7 38
5 51
2 33
2 23
3 94
1 35
5 53
5 95
4 11
2 51
2 55
10 7
4 39
3 63
6 39
7 92
1 67
5 13
5 88
7 90
3 35
5 82
8 84
5 51
1 51
5 47
10 86
3 22
9 92
2 48
2 19
1 8
8 10
9 81
4 25
8 24
2 75
9 93
2 50
3 17
6 67
9 3
10 20
4 44
3 7
3 28
6 43
6 59
9 21
6 6
1 51
2 21
8 56
1 11
9 79
6 11
6 76
9 91
5 85
1 98
8 5
6 50
5 97
9 35
10 63
7 87
9 12
7 47
1 72
3 57
5 74
6 30
3 54
5 78
8 10
4 91
5 83
7 9
8 33
6 35
2 23
6 29
7 36
8 66
8 97
2 78
8 80
7 41
5 23
3 50
10 26
3 11
2 6
3 69
2 0
4 33
1 93
2 57
1 99
10 17
10 63
4 50
8 18
9 69
6 97
2 43
5 7
1 20
8 73
9 11
8 41
8 10
6 26
1 23
7 50
1 55
7 54
1 62
6 21
4 49
10 56
3 35
4 72
7 51
4 22
7 46
2 13
4 4
10 58
7 41
10 89
5 6
9 40
8 24
3 82
9 86
1 48
6 30
1 55
2 17
8 89
8 68
4 43
1 92
1 75
6 35
7 74
7 34
4 13
4 20
1 11
6 98
3 9
6 63
1 48
1 79
4 17
5 50
3 83
2 26
7 88
6 36
10 94
4 63
9 34
3 17
5 71
3 46
8 82
8 98
9 67
4 77
3 78
4 72
5 11
7 8
10 94
9 57
5 55
7 82
7 68
1 50
6 14
8 3
6 22
4 5
4 47
6 99
6 99
9 83
8 47
7 40
8 68
3 46
2 41
8 38
9 61
3 85
8 98
6 33
7 79
6 34
9 35
8 41
8 62
9 13
3 61
4 47
1 26
9 29
2 3
3 89
8 20
10 67
9 17
5 25
9 57
7 63
2 87
10 18
5 58
10 68
5 61
10 26
2 29
4 89
10 41
4 79
6 58
6 91
9 65
2 59
10 55
5 59
4 73
1 57
1 0
5 4
8 76
7 8
1 77
8 54
2 28
7 25
8 29
7 0
6 98
7 79
3 25
5 96
3 4
1 50
2 13
2 91
3 91
9 70
1 36
10 42
4 32
1 22
2 79
9 13
7 74
2 43
9 72
10 3
8 5
7 3
2 72
4 42
3 8
6 67
2 34
7 10
5 74
1 7
6 83
4 93
3 52
6 22
2 74
7 27
3 96
1 13
9 25
4 90
4 93
6 38
5 39
1 43
1 2
10 0
9 11
3 93
8 45
5 100
3 14
4 26
10 92
1 42
2 34
2 30
10 53
4 56
2 65
6 3
9 26
7 27
6 11
2 69
3 23
1 5
6 66
4 12
10 96
7 3
4 6
3 80
3 28
3 77
1 73
5 55
4 37
7 49
9 63
9 4
8 21
3 5
7 96
6 22
3 40
8 49
3 30
4 15
5 3
2 34
2 8
8 38
1 61
3 48
1 95
3 15
4 12
1 31
10 56
8 24
3 21
7 34
10 14
5 58
3 72
7 43
7 99
9 11
1 56
10 77
4 85
10 10
5 97
8 24
4 22
6 41
9 73
3 31
10 6
10 89
4 21
2 58
5 24
8 32
9 38
8 49
10 86
6 26
5 6
3 42
8 52
2 63
5 70
3 20
3 99
1 27
1 81
2 57
1 19
5 25
8 54
8 97
2 64
8 2
10 13
4 3
4 9
3 37
5 96
7 31
9 52
5 45
4 13
6 88
10 20
5 53
2 63
6 50
6 77
9 30
8 99
3 96
6 81
9 87
5 12
9 1
7 37
3 66
5 52
5 88
4 19
7 83
9 92
6 68
6 91
7 5
10 58
5 25
1 74
10 48
4 27
10 47
6 32
3 19
6 28
7 99
9 50
7 26
6 96
10 37
5 16
7 3
9 24
7 73
1 91
8 93
8 67
7 84
2 53
9 76
1 3
8 9
6 57
2 21
5 79
4 59
6 20
10 28
1 11
9 31
7 51
10 22
7 7
3 64
10 95
10 32
4 95
8 13
6 66
5 15
7 11
10 70
4 11
9 29
10 54
2 60
9 74
9 24
2 18
6 57
1 21
3 4
8 72
10 83
6 14
3 48
2 98
1 99
5 44
4 10
3 2
7 23
3 66
10 61
3 15
6 36
1 79
10 97
9 39
10 46
1 10
2 23
9 49
7 87
7 100
7 44
8 8
10 10
1 33
4 88
7 11
7 49
3 95
9 43
9 64
3 10
4 37
2 25
8 27
5 11
4 74
1 2
9 63
1 51
1 2
6 12
9 40
7 54
1 14
7 12
6 9
3 13
1 9
8 0
2 66
3 58
8 40
2 11
7 54
8 78
5 12
2 92
9 51
6 21
9 91
6 7
8 48
3 63
3 34
1 69
2 14
4 0
7 56
5 92
1 57
5 70
7 96
1 61
8 47
9 45
2 28
5 24
1 52
7 47
5 61
7 8
5 0
1 37
7 14
4 7
5 9
9 24
7 39
2 100
5 72
3 61
10 23
8 67
6 38
8 4
7 2
6 27
8 40
8 66
9 44
5 35
2 91
2 55
4 2
1 19
10 8
8 5
9 76
10 55
4 41
2 34
2 70
6 43
6 39
4 79
4 28
10 89
5 100
3 59
7 34
10 42
5 21
3 50
5 64
9 32
4 30
4 8
3 63
6 69
6 74
5 39
1 42
4 45
7 21
3 6
10 59
2 21
8 19
1 81
5 10
2 21
7 3
1 25
9 93
1 69
4 87
6 51
10 3
5 55
1 93
8 80
5 5
7 28
7 45
9 77
1 30
7 86
6 8
7 23
4 4
6 48
9 32
5 68
7 47
3 74
10 14
4 74
6 49
5 9
5 62
6 33
1 60
4 53
6 37
5 54
6 7
9 44
3 78
9 25
7 97
7 77
10 99
2 83
10 53
6 60
7 4
8 59
7 70
1 56
5 12
3 90
10 19
1 91
2 48
5 75
4 43
9 49
1 13
9 33
2 72
7 43
3 69
9 58
2 83
1 100
2 88
9 85
7 89
9 75
3 69
3 0
1 81
9 54
8 30
7 41
4 29
8 91
5 93
6 93
6 44
7 85
4 11
9 60
2 92
7 55
4 88
7 68
5 13
8 3
6 25
2 26
2 48
10 19
8 9
5 24
4 75
5 68
8 53
4 44
8 33
2 22
10 17
8 37
3 70
3 92
9 41
3 5
2 2
1 27
2 56
2 7
8 29
4 39
1 91
8 3
6 66
4 59
2 58
2 68
3 43
1 49
3 9
5 1
1 1
2 85
10 64
9 20
5 66
4 55
9 39
3 81
4 68
5 32
8 98
9 11
7 92
8 35
10 40
8 83
6 22
2 59
8 37
6 33
8 63
1 25
1 88
2 22
5 71
5 81
3 83
2 95
5 100
9 73
6 29
4 93
2 13
1 5
3 6
1 92
10 41
7 39
4 46
4 33
2 4
3 91
7 22
6 8
10 0
6 45
1 24
1 64
3 95
4 57
6 95
10 27
3 39
9 82
4 8
2 35
10 72
6 8
5 51
4 97
3 89
9 1
9 11
3 62
3 37
7 3
2 39
2 47
1 1
5 61
8 84
4 24
5 59
7 71
2 51
2 67
1 48
5 41
4 50
8 81
5 100
7 89
5 84
8 54
2 80
9 0
1 75
6 82
2 54
8 92
1 40
9 65
8 89
10 15
8 93
10 87
1 85
7 16
6 68
3 82
10 26
9 51
7 100
10 71
10 73
7 24
4 70
6 40
2 86
3 15
6 39
3 37
10 69
5 41
3 81
8 42
2 21
4 5
5 50
8 85
2 81
2 8
6 59
7 90
2 55
10 8
6 79
8 76
6 60
9 100
4 5
7 98
6 96
6 88
6 68
2 11
8 45
2 24
7 99
9 58
5 47
6 97
1 76
8 46
8 97
3 99
8 73
3 19
5 24
5 46
8 53
9 80
9 75
7 27
1 51
8 6
7 60
8 81
4 41
4 20
10 9
1 22
7 61
10 55
3 91
9 97
5 61
10 44
9 8
7 28
1 65
8 38
2 75
8 59
6 38
1 52
10 11
10 10
4 25
7 20
8 51
2 43
7 80
5 32
3 41
1 97
2 0
2 17
1 11
9 20
10 19
4 29
9 82
2 77
4 89
4 9
2 57
5 47
5 24
5 62
10 87
2 19
4 68
1 2
9 18
3 47
10 26
6 57
4 19
7 64
8 0
3 80
6 22
2 28
4 100
6 9
10 59
1 41
8 71
8 23
9 56
3 43
8 78
10 65
10 21
4 97
2 85
9 10
6 48
2 76
1 35
1 11
1 51
7 12
3 82
9 51
10 99
6 26
1 23
6 73
9 54
8 55
3 1
10 16
1 29
2 97
1 69
6 79
5 30
6 27
4 42
4 75
3 33
6 96
6 99
8 55
6 85
3 39
8 16
9 96
1 52
5 74
7 25
7 3
1 34
9 18
2 24
5 96
8 60
1 55
3 87
2 47
2 93
9 51
1 43
9 23
9 14
7 0
1 78
6 1
6 75
6 7
1 23
1 43
7 55
3 66
7 61
1 44
1 58
8 68
10 81
7 91
7 20
8 85
4 35
8 71
2 17
4 85
3 26
6 70
5 1
9 80
3 35
1 87
2 89
1 6
1 73
7 58
6 19
6 6
9 98
7 95
5 78
2 98
10 45
8 35
8 26
4 26
2 71
4 80
8 22
8 5
5 30
2 73
6 59
3 34
1 99
9 99
6 79
2 58
8 67
2 49
2 98
8 40
7 74
1 49
9 78
5 90
2 3
7 53
6 41
5 4
6 56
5 34
2 32
5 44
5 9
7 12
4 72
6 47
5 62
8 8
6 57
1 95
5 89
5 5
2 10
8 55
9 36
5 31
10 74
5 1
2 47
8 21
6 19
5 20
3 42
5 7
2 39
1 1
1 3
10 38
9 86
3 76
8 78
4 13
2 81
6 29
2 16
5 8
6 73
10 46
6 90
3 79
9 31
7 74
1 88
4 70
3 55
5 34
3 2
8 15
1 11
4 35
5 31
6 2
7 92
4 5
1 15
9 58
9 9
8 37
6 100
1 28
2 90
1 92
2 2
4 73
3 58
4 96
4 68
1 78
7 17
4 82
9 98
5 54
7 75
5 5
3 63
4 28
4 14
9 16
9 27
6 24
10 41
5 29
1 1
3 84
4 17
8 3
7 72
9 12
4 33
7 54
5 21
8 52
10 21
1 78
8 33
6 96
8 75
3 88
10 16
7 51
3 61
10 17
10 42
5 48
1 23
9 86
8 66
7 68
10 50
3 76
3 99
9 38
3 17
3 60
7 23
9 15
10 52
2 73
5 65
3 33
4 72
1 94
2 66
1 90
5 52
2 6
10 72
1 61
9 82
4 61
6 2
4 93
8 56
3 73
2 70
10 53
1 33
4 27
1 53
8 34
4 78
1 3
5 88
9 53
9 48
10 92
4 74
7 68
1 18
10 96
7 77
9 95
8 36
3 13
7 38
2 69
1 86
7 57
1 65
5 68
6 77
6 34
5 88
10 57
1 61
6 26
4 76
4 36
9 32
8 91
7 12
10 21
8 1
6 82
5 83
10 93
2 82
2 41
2 82
3 13
5 72
6 46
7 26
8 29
8 45
1 51
1 62
2 12
9 78
10 96
9 45
9 49
7 85
4 38
9 62
5 63
5 79
10 13
4 84
8 12
10 0
7 96
5 74
8 23
8 61
5 46
3 26
2 93
5 29
7 83
3 32
8 3
7 53
4 65
9 76
9 7
6 96
8 0
5 97
3 75
1 11
7 18
5 89
2 38
9 86
10 77
6 30
7 91
6 43
9 43
2 75
7 48
7 71
1 80
8 30
7 71
6 95
2 87
2 98
5 0
1 24
4 65
6 85
4 10
4 0
3 59
2 54
7 60
8 96
7 8
8 18
6 31
9 91
2 59
3 46
6 25
3 5
9 98
8 96
7 26
3 1
8 21
3 86
5 22
9 0
2 85
9 54
2 35
4 0
8 55
7 96
8 47
8 42
2 49
8 23
5 29
2 64
1 27
1 90
2 68
5 28
6 0
10 40
9 66
3 10
4 19
1 64
6 40
4 94
6 7
4 70
2 49
7 77
7 36
4 39
7 84
10 67
4 17
5 89
3 52
2 53
7 42
3 18
10 69
2 10
6 64
4 95
1 5
1 42
8 81
4 90
6 41
1 90
1 42
6 36
1 32
9 21
8 36
9 77
2 71
9 20
7 48
9 19
9 89
2 39
3 45
7 88
9 41
3 57
7 48
4 33
4 64
9 68
7 54
9 3
9 50
7 20
2 48
6 17
6 6
9 83
9 97
8 93
3 90
9 94
10 32
9 63
6 57
4 25
1 76
3 77
10 1
9 6
3 43
2 30
6 80
8 63
2 45
7 93
1 92
9 84
3 70
5 39
10 54
3 82
8 35
7 51
6 12
4 43
9 88
5 71
8 15
1 23
7 79
8 99
3 35
4 37
9 85
9 40
1 25
5 76
4 3
10 99
8 82
8 93
4 75
8 7
3 56
7 98
9 56
6 61
8 36
9 92
3 31
5 31
5 60
2 98
3 55
4 17
3 60
5 12
7 46
3 40
3 65
1 35
1 61
3 8
4 87
6 92
6 1
9 1
10 77
4 93
4 33
2 0
7 30
6 64
6 96
1 15
7 4
4 69
3 8
8 58
7 51
5 81
1 28
10 93
10 98
9 22
3 98
5 46
4 18
8 7
2 73
2 51
4 57
7 64
8 53
8 72
5 65
8 50
1 56
5 45
7 8
2 17
5 86
9 56
6 32
4 6
9 5
5 57
6 37
5 34
10 100
8 5
3 36
10 75
2 52
3 54
8 75
9 53
10 100
7 86
2 51
1 75
1 13
7 54
8 67
3 92
7 71
6 45
3 6
8 23
2 19
1 25
1 24
3 71
7 39
7 60
4 89
10 79
7 92
9 75
1 65
6 91
2 77
1 83
9 61
6 5
1 87
5 99
10 13
1 45
9 49
6 6
5 21
7 67
1 85
10 95
4 41
10 74
2 1
3 81
2 75
5 81
9 64
7 22
8 36
3 51
1 51
5 29
3 79
9 60
4 75
5 22
1 53
10 79
1 55
7 41
6 88
2 17
3 52
9 13
1 4
5 83
8 95
9 84
3 36
10 19
6 15
9 20
7 17
10 99
1 94
9 73
10 10
7 31
8 79
7 48
2 97
1 70
6 40
6 53
7 50
10 32
7 39
8 8
8 5
2 8
9 0
2 33
9 3
8 96
7 74
4 5
1 15
5 57
4 5
2 100
7 81
4 71
9 96
10 84
3 45
6 94
10 94
3 23
5 45
2 40
9 86
5 4
1 98
10 67
10 80
7 78
9 88
10 50
1 37
1 78
3 82
4 41
1 69
8 90
6 70
8 15
3 68
9 42
8 65
2 26
10 42
3 62
9 69
4 97
8 44
3 64
9 92
4 15
10 68
6 60
5 88
8 71
8 42
1 91
10 100
3 4
3 18
1 90
10 57
2 20
3 91
10 26
2 33
6 19
4 27
1 23
1 20
8 31
2 80
5 94
10 10
10 39
7 7
5 55
4 38
4 10
1 32
4 17
2 74
8 14
3 47
5 56
5 59
2 89
2 26
1 51
7 42
4 100
6 5
8 61
3 36
5 95
4 37
10 13
8 61
4 37
5 9
2 2
2 49
10 26
4 62
7 93
8 64
10 33
5 1
6 58
10 3
7 64
6 17
9 33
7 99
2 11
8 44
10 42
4 53
3 83
5 6
6 47
2 30
4 4
10 64
6 83
5 65
9 25
5 57
4 17
7 94
2 41
1 59
8 74
5 75
7 44
2 94
2 1
1 50
4 60
7 1
1 83
5 15
5 26
8 45
5 62
8 90
5 43
8 72
5 26
9 81
6 10
8 20
5 22
1 37
7 21
5 34
8 67
1 28
8 18
9 82
1 7
3 91
6 11
9 66
5 23
1 43
10 85
8 87
8 71
1 64
3 95
5 7
6 88
2 31
7 27
4 40
1 30
4 96
6 3
9 75
2 74
4 60
5 5
5 26
10 54
9 92
6 7
10 32
1 17
4 55
10 33
1 27
5 16
10 100
4 71
6 60
3 83
5 70
9 30
2 73
6 97
8 0
2 59
4 2
10 94
3 68
4 38
1 100
1 0
8 98
1 72
4 39
3 79
8 11
4 47
2 76
3 2
3 60
6 40
2 41
9 68
9 87
3 9
8 75
10 5
8 90
8 79
4 90
7 32
3 98
1 77
10 8
10 41
4 16
4 49
1 56
5 90
5 24
3 1
1 60
4 86
5 26
3 70
1 24
7 55
8 68
5 53
3 97
6 0
8 52
4 51
2 16
3 0
9 92
6 34
9 7
9 29
4 81
7 9
10 95
9 9
3 99
2 18
10 55
8 80
4 16
4 33
6 28
3 82
3 86
10 36
1 44
10 41
10 14
6 34
10 46
7 41
3 14
10 35
9 10
9 94
1 94
9 27
3 64
4 78
3 21
1 88
9 53
6 3
8 70
3 63
5 14
5 5
4 41
10 72
7 47
1 66
3 73
9 75
3 67
6 15
10 33
1 90
5 7
8 94
6 51
10 10
4 3
8 79
2 64
6 44
10 38
6 5
3 77
3 79
8 8
1 65
10 85
5 13
10 61
4 39
9 57
3 69
7 12
5 24
5 39
7 82
1 29
5 82
3 80
5 15
4 30
5 68
6 48
4 86
10 79
10 8
3 12
7 49
9 40
1 39
5 85
5 99
10 99
4 20
1 52
4 92
3 46
5 25
7 91
5 90
1 17
7 68
9 64
3 72
6 76
9 43
1 3
6 58
10 10
4 81
4 13
10 81
4 45
4 67
4 63
8 49
2 50
7 41
9 8
2 32
2 56
3 17
2 90
5 73
9 13
9 65
5 9
9 61
1 0
8 25
3 20
4 92
10 67
9 58
10 85
7 34
5 0
1 100
2 78
8 36
9 69
4 32
10 19
3 53
2 34
9 20
5 7
3 93
2 37
2 22
6 70
7 13
5 41
1 76
1 100
1 46
6 67
10 47
2 41
7 78
7 83
7 56
1 98
2 33
1 20
6 92
9 44
4 36
9 1
5 37
8 85
6 86
4 57
7 81
6 2
2 15
9 57
3 57
1 99
2 34
10 75
3 79
10 63
10 85
3 98
10 13
2 47
2 51
7 48
10 5
8 39
3 42
7 34
9 79
2 30
1 57
8 94
2 81
4 18
4 7
7 45
8 61
2 82
7 69
2 7
9 72
3 92
4 82
9 29
9 27
1 86
6 92
3 95
5 27
2 82
1 69
7 26
5 60
5 77
8 79
9 24
5 9
6 31
6 52
10 41
4 68
6 14
10 18
3 19
1 6
2 9
9 28
8 71
6 100
6 48
4 59
7 66
7 0
5 25
1 17
10 77
7 41
3 26
1 54
1 39
7 21
3 95
8 55
2 56
3 53
3 55
10 75
8 94
5 23
10 94
7 64
8 76
8 78
1 80
8 54
6 13
5 62
6 30
6 84
4 60
2 12
1 77
5 55
9 96
3 58
1 98
10 32
9 74
8 85
4 75
6 74
4 71
2 83
2 18
5 65
2 65
4 54
4 88
1 81
8 75
8 80
9 14
6 18
3 43
1 77
9 100
1 77
1 70
6 57
4 94
9 29
7 80
8 87
3 88
6 40
2 28
5 35
3 50
4 40
2 55
9 1
2 98
3 32
9 55
8 64
5 40
9 8
6 0
5 0
2 11
7 100
5 15
9 50
2 86
5 67
9 2
4 75
1 67
1 78
4 70
5 19
7 67
5 97
4 99
6 48
8 15
1 74
4 61
2 32
10 39
8 12
1 10
1 85
6 57
8 12
5 83
10 69
10 55
5 54
9 85
3 70
7 97
3 51
5 32
9 0
4 73
8 64
9 90
5 97
2 87
3 25
9 0
2 100
8 92
9 65
9 26
3 67
10 7
6 8
8 58
2 75
8 4
6 42
3 5
10 26
8 15
3 72
5 37
2 92
10 65
8 21
9 78
4 51
8 16
6 48
1 69
1 34
5 81
7 76
2 22
3 31
10 20
3 13
1 20
6 50
8 25
8 75
8 89
6 69
8 10
8 38
3 36
1 53
6 82
9 53
4 35
7 36
2 5
8 44
5 76
6 60
8 46
6 27
9 3
6 94
9 2
1 7
5 74
8 18
6 90
6 34
9 30
6 66
4 98
2 79
6 57
5 88
6 63
4 98
9 86
1 21
4 42
7 54
6 94
9 4
8 23
3 14
10 19
9 51
8 53
2 96
8 97
1 2
9 93
7 43
4 42
5 94
8 42
1 50
4 83
6 84
9 22
1 7
1 3
8 39
1 44
8 28
4 7
6 19
4 58
1 0
3 28
3 4
9 63
3 92
7 85
1 25
1 83
8 47
10 37
5 28
10 91
9 66
4 13
7 85
1 35
6 31
10 3
2 85
3 34
8 58
6 81
4 54
10 31
10 78
6 35
2 31
2 78
7 50
7 76
4 39
3 11
7 76
7 53
7 24
4 24
3 64
1 7
1 59
3 55
3 30
10 50
7 73
2 67
8 38
7 85
3 4
2 2
9 95
4 40
7 55
3 67
8 41
7 51
5 55
1 49
5 5
4 41
10 51
5 14
1 14
8 82
3 24
7 89
8 18
10 29
5 73
4 67
2 17
7 87
1 15
8 85
8 87
9 49
1 10
6 3
10 10
10 14
2 57
7 61
9 99
10 77
8 20
5 12
4 29
6 86
2 96
1 57
5 84
1 56
1 40
2 54
4 46
1 39
8 21
5 29
8 77
6 86
10 54
4 81
7 90
9 82
6 97
3 20
4 71
6 9
9 87
8 49
6 12
8 79
3 23
4 14
1 18
4 23
1 86
4 47
1 10
10 68
7 46
8 94
6 100
7 50
10 88
1 79
5 71
3 93
2 22
9 85
10 62
2 32
10 86
4 36
4 83
6 55
9 39
7 29
3 78
4 67
3 71
1 33
6 94
10 53
8 60
4 19
6 59
4 24
7 5
9 6
4 48
7 51
8 18
7 13
1 9
6 90
5 95
8 30
8 55
10 4
10 5
1 87
9 11
10 70
1 78
3 79
3 26
6 83
2 91
1 62
3 13
5 93
4 98
9 72
5 43
8 1
10 29
2 21
1 84
10 63
10 81
6 98
3 31
6 84
6 93
7 34
7 69
2 37
7 61
2 96
2 85
5 58
10 24
6 47
4 67
2 24
3 18
6 15
1 1
10 65
2 95
2 74
1 48
8 22
10 17
1 39
7 59
4 33
1 66
6 53
7 12
1 100
1 24
3 32
4 79
4 63
8 70
10 22
8 28
7 24
1 20
2 64
8 79
10 24
3 58
7 56
9 57
2 11
3 97
4 31
6 79
6 66
9 75
4 84
2 67
6 75
7 52
8 46
8 4
1 61
8 78
8 37
6 57
2 19
9 83
10 26
7 31
2 1
1 3
9 77
3 44
7 66
10 59
1 25
9 87
9 38
7 54
6 17
6 56
9 5
10 89
6 52
4 14
3 4
3 6
7 96
6 34
6 4
10 68
4 82
6 100
4 44
10 49
2 56
2 44
1 11
10 66
9 73
8 15
7 24
1 83
10 69
9 93
1 37
2 80
9 37
2 6
4 20
8 1
6 3
4 50
8 51
7 79
8 44
5 39
3 80
4 93
2 7
6 30
4 44
10 79
5 25
3 8
3 58
5 32
10 48
9 35
10 8
9 51
6 36
3 29
10 99
7 61
3 78
9 38
7 46
2 73
8 1
4 45
10 81
5 7
9 40
10 91
10 16
9 5
7 88
4 85
5 2
1 77
5 71
10 93
6 6
5 26
2 42
2 18
8 21
1 90
5 87
8 79
4 77
2 79
10 78
7 96
5 79
4 15
9 95
9 77
5 56
1 99
4 12
8 26
7 79
2 46
5 43
2 8
7 86
2 68
3 92
6 77
1 7
2 19
10 39
2 77
3 95
9 72
7 99
8 28
4 78
10 35
1 23
2 32
6 85
10 42
4 58
3 21
2 8
6 93
5 59
9 100
2 2
1 25
7 13
8 49
7 38
3 71
3 67
4 27
8 55
10 68
10 72
2 31
4 81
10 21
4 97
9 5
4 94
1 95
9 3
9 58
4 65
8 74
6 24
10 17
9 54
9 49
5 37
3 100
3 47
4 70
1 12
4 94
1 27
7 72
9 68
7 91
3 44
1 18
7 74
2 93
8 4
9 59
6 60
10 48
5 79
8 47
2 42
8 18
9 68
10 46
6 57
4 39
7 42
4 67
3 32
4 18
5 6
10 34
8 50
10 2
4 0
4 61
10 6
7 44
2 41
6 41
2 44
3 10
5 60
6 8
10 20
4 64
1 25
9 2
1 65
3 19
4 18
8 92
5 20
3 75
8 15
4 14
9 15
1 25
4 65
8 14
2 67
1 23
7 67
1 71
2 12
2 66
10 59
4 64
1 13
5 80
9 12
10 94
10 11
7 86
7 55
5 2
8 99
5 45
4 8
6 90
6 37
2 71
3 80
4 86
8 52
5 86
10 74
5 53
7 59
5 30
5 48
9 13
7 35
9 27
9 9
3 68
7 28
7 91
1 90
3 97
2 79
5 81
8 65
1 15
8 94
3 88
8 41
2 38
2 36
10 41
9 26
8 97
4 18
5 0
6 98
2 85
6 60
4 64
9 100
6 24
4 27
5 73
8 91
8 94
4 33
9 11
5 97
4 46
1 98
10 8
4 94
5 53
8 18
9 25
10 36
7 72
5 69
6 38
4 48
9 50
3 6
3 23
6 26
2 18
5 2
10 99
7 43
2 23
8 95
1 5
10 72
10 83
5 92
8 24
5 34
6 86
8 34
4 76
9 84
7 75
3 10
4 11
6 2
2 97
10 15
6 69
6 20
4 16
2 65
8 82
5 37
1 32
8 9
7 98
2 71
1 17
10 58
1 43
2 81
6 5
10 95
10 100
6 91
6 97
4 87
4 88
2 54
7 28
1 29
5 78
10 27
4 26
1 54
2 43
2 22
10 100
2 80
8 79
5 45
2 25
2 79
7 60
4 54
4 45
9 28
10 4
1 78
10 20
6 11
6 11
8 23
1 10
10 90
6 60
2 6
2 34
8 48
10 19
4 89
2 96
1 26
5 49
2 51
4 22
3 21
8 15
3 74
7 32
1 35
9 87
6 7
4 95
1 20
4 33
9 15
8 12
6 40
3 51
10 36
8 8
1 90
8 90
4 22
7 19
7 33
5 1
6 4
6 3
3 28
9 25
6 76
1 77
3 27
7 56
9 49
5 62
9 69
7 50
2 4
3 11
2 35
2 83
8 30
6 78
5 21
4 42
4 71
9 14
4 12
4 67
2 85
8 1
3 24
4 6
3 83
4 20
10 80
3 53
5 94
1 44
6 96
8 9
3 32
10 77
8 12
5 27
3 46
5 99
4 37
3 58
2 50
4 44
8 32
4 53
4 5
4 49
3 65
10 14
10 0
6 69
8 87
5 27
5 7
4 4
10 25
8 68
1 65
8 87
3 33
5 9
8 79
5 2
6 16
6 86
8 53
1 60
10 36
3 81
4 22
8 62
10 86
8 21
6 84
10 18
6 50
5 15
6 78
1 96
1 15
3 74
2 83
8 16
6 13
5 17
10 77
2 2
1 3
5 61
1 91
1 41
8 87
4 19
1 24
4 18
2 68
10 42
4 74
6 81
7 56
8 37
8 62
9 99
4 71
3 94
8 92
7 51
5 10
8 18
2 27
10 43
1 63
1 54
1 85
7 37
3 94
2 34
1 64
7 26
8 31
1 75
1 32
2 8
6 54
7 76
6 48
2 23
8 5
8 63
10 30
4 22
6 40
1 9
10 94
5 60
7 42
1 100
5 51
1 40
2 34
10 53
6 11
4 19
9 35
9 90
5 58
9 34
7 16
4 67
4 81
4 23
1 8
5 73
9 95
5 57
1 93
9 95
10 11
6 55
10 74
3 31
9 43
2 73
4 82
6 100
5 100
3 93
4 73
1 19
10 15
4 31
2 39
1 41
9 36
7 79
4 51
7 59
3 91
6 4
5 1
10 57
1 59
7 15
5 73
1 27
6 88
9 50
2 93
8 81
8 8
10 31
8 99
9 72
5 13
2 0
6 87
1 6
7 19
3 63
8 15
6 62
7 57
2 15
2 29
3 3
2 75
2 22
4 21
5 55
10 85
4 99
9 29
10 81
5 42
3 16
2 36
7 26
2 83
5 56
7 87
3 94
7 62
5 4
9 42
2 4
4 76
4 9
10 9
7 38
9 85
10 48
4 18
3 84
8 32
9 51
8 55
10 22
2 47
4 68
5 40
7 85
1 53
3 77
3 42
1 96
7 28
7 55
8 56
6 87
10 90
5 63
6 40
10 97
3 77
7 93
3 47
1 94
8 14
10 23
6 81
2 31
5 47
1 23
1 70
5 30
10 100
8 76
5 63
5 27
10 36
4 21
1 92
5 67
9 43
9 69
8 95
4 53
2 41
5 24
4 98
3 17
1 52
8 73
2 5
1 50
5 25
1 76
6 68
8 33
10 46
3 69
10 33
7 56
9 58
1 53
9 67
2 97
9 26
8 54
7 1
1 9
8 51
6 74
6 82
4 12
7 89
3 29
3 33
1 38
1 65
2 90
2 94
4 48
7 65
1 73
2 89
6 19
8 70
2 98
8 90
5 30
10 64
9 57
6 91
8 92
5 66
10 15
6 26
1 22
6 91
8 6
3 78
8 40
1 7
8 30
5 94
4 69
10 28
9 52
8 48
4 20
8 85
3 43
7 97
8 79
6 55
8 51
6 63
3 98
9 4
9 28
5 15
7 88
2 3
4 35
1 51
6 76
3 36
3 71
7 100
8 32
2 2
4 15
5 22
1 85
10 61
2 68
6 90
1 87
2 4
4 49
2 11
6 97
1 76
9 71
4 63
6 87
8 49
7 10
8 71
4 48
9 72
6 63
1 3
6 60
5 51
4 55
1 70
6 52
9 33
1 6
4 51
2 81
7 93
4 22
5 2
4 45
4 63
9 12
1 10
2 35
10 23
3 44
7 61
10 28
1 76
7 88
1 22
5 9
3 18
1 53
7 8
3 31
3 48
6 43
7 10
6 74
4 69
3 12
7 72
5 29
9 57
9 30
2 15
9 68
1 14
8 88
3 13
9 37
5 15
7 88
6 77
8 85
3 36
1 6
2 22
4 16
5 19
2 31
8 86
8 59
3 63
7 95
6 57
10 52
5 87
7 35
7 43
10 69
7 97
5 76
3 40
7 17
9 30
7 74
1 98
1 84
10 4
3 60
9 65
8 71
10 6
8 90
1 5
1 15
1 32
3 55
6 45
3 3
6 8
10 31
10 47
6 8
2 72
3 54
1 72
4 84
3 74
3 0
8 11
8 92
3 62
9 80
4 63
4 74
8 0
5 23
4 58
9 81
9 19
7 22
5 17
9 45
1 98
5 92
9 19
5 63
7 20
2 40
5 66
4 58
9 25
5 66
8 36
1 84
10 90
10 8
3 8
2 80
8 41
4 2
1 1
3 49
7 53
2 7
9 36
1 9
2 32
10 70
1 78
6 64
6 86
7 37
10 66
5 87
1 79
5 50
3 80
2 20
5 79
8 69
7 58
2 80
8 14
10 36
6 22
6 36
8 60
6 14
1 44
7 34
8 85
2 58
1 16
2 58
3 49
6 70
9 87
6 34
2 58
5 76
2 16
6 27
5 96
5 73
4 57
8 34
9 9
3 19
1 58
5 44
9 28
7 29
2 61
7 83
4 40
1 12
6 81
5 16
5 3
1 1
4 47
7 88
6 40
7 39
1 78
10 76
5 55
4 24
3 23
4 18
6 29
2 43
6 69
6 86
3 52
7 7
2 45
7 61
1 46
8 18
1 63
5 10
4 93
4 4
7 61
4 80
5 55
5 37
7 48
2 45
9 3
4 40
2 78
5 27
4 89
5 91
2 48
3 71
2 77
10 67
5 35
4 25
10 19
1 95
10 43
5 46
3 77
9 79
3 37
7 44
5 90
5 91
2 11
2 1
3 69
3 57
3 67
4 2
2 93
4 11
4 16
10 24
8 53
3 21
10 61
1 55
2 89
6 23
5 23
10 65
8 92
2 45
9 61
5 18
6 7
2 72
8 49
5 4
9 9
5 65
8 69
1 19
5 29
9 26
3 80
3 100
3 32
6 58
10 10
10 42
4 64
6 24
3 32
9 23
8 75
1 60
7 47
2 70
5 89
4 7
5 9
9 71
10 6
8 42
4 57
3 82
7 11
3 19
2 92
9 82
4 95
8 72
8 90
10 30
1 75
5 12
1 76
1 36
6 51
9 39
4 71
8 4
4 19
2 10
1 49
4 1
1 96
1 42
1 34
2 89
2 12
3 40
1 33
6 48
7 14
2 65
3 29
2 100
5 55
7 54
5 27
6 90
4 68
9 77
8 98
3 13
3 82
2 51
10 88
6 52
2 93
7 53
7 5
2 49
2 0
7 18
2 41
1 19
10 77
8 60
6 95
10 24
8 46
3 50
1 80
8 1
1 45
5 18
6 29
7 49
8 92
9 0
7 1
5 62
3 14
5 93
9 58
7 41
8 60
9 6
5 43
5 8
6 47
4 20
8 21
8 24
5 19
10 66
5 31
4 72
10 26
5 10
3 31
5 17
2 80
4 75
10 58
6 88
1 61
4 56
5 60
6 66
10 77
5 43
2 78
6 94
1 78
6 27
6 52
10 50
3 38
10 14
2 79
6 23
10 95
9 30
1 55
5 5
3 66
7 90
3 53
9 49
2 43
1 83
1 5
8 53
6 50
6 91
8 69
4 74
2 12
9 30
5 18
10 62
8 53
5 5
10 51
4 9
2 5
2 74
6 44
10 48
10 35
8 31
9 94
8 15
2 94
8 17
5 14
3 65
5 35
9 82
7 58
4 39
9 97
8 16
4 6
7 10
1 23
1 87
10 68
6 30
7 5
6 8
1 93
5 3
10 38
3 54
2 53
1 96
9 82
6 91
7 72
3 58
7 37
2 99
10 54
10 54
6 22
7 80
10 52
9 90
8 66
4 99
5 70
1 81
8 22
1 77
7 92
2 3
3 70
9 23
2 31
7 90
10 45
8 37
7 92
5 36
5 82
2 11
2 89
5 67
1 42
8 27
2 68
2 9
1 75
1 23
7 25
6 55
4 79
5 62
1 63
2 46
7 90
3 62
8 31
7 30
10 34
5 9
4 5
7 81
5 33
8 8
5 17
6 29
6 54
5 36
8 87
7 23
9 21
10 74
1 0
8 80
5 99
4 24
8 83
5 33
2 3
6 52
7 71
4 51
1 11
3 9
4 11
3 80
7 25
2 76
5 44
10 59
7 15
7 61
9 61
4 44
7 28
7 48
6 1
9 98
4 31
1 40
4 8
7 31
1 38
6 76
10 24
2 1
4 76
6 42
2 82
7 19
4 9
6 97
5 67
4 19
5 44
5 46
3 18
7 0
9 25
3 14
4 33
1 99
1 89
8 45
6 6
5 32
1 100
1 7
6 49
8 11
4 81
10 45
2 96
6 10
7 97
5 80
2 15
3 65
5 46
7 76
9 4
7 42
2 21
7 90
2 5
1 13
1 61
1 18
3 14
6 94
6 25
6 83
10 61
6 0
10 27
2 13
3 4
7 17
1 19
2 59
8 54
1 99
10 17
3 88
2 63
5 43
10 85
9 72
10 27
1 2
3 29
3 33
5 34
7 39
1 34
9 62
2 78
8 74
8 70
6 99
6 17
7 26
10 1
5 50
1 90
2 29
4 36
9 100
8 69
6 64
10 48
9 100
4 47
3 84
3 93
6 67
6 27
6 51
5 67
2 81
6 23
5 76
5 100
8 91
6 79
8 87
5 79
8 78
7 84
8 52
9 22
9 63
8 19
10 6
9 38
2 43
2 2
6 43
2 97
5 77
9 55
9 68
10 30
4 74
6 9
1 11
1 23
5 5
7 10
10 80
8 15
6 98
10 49
10 28
6 32
7 82
3 41
10 28
5 89
1 49
8 43
5 62
5 39
1 73
7 7
4 34
4 60
4 7
1 18
9 68
3 1
6 75
7 2
6 86
5 91
10 3
10 98
3 17
3 37
1 34
3 18
3 55
2 72
9 30
6 57
4 85
10 61
6 64
6 0
4 31
5 99
6 88
6 54
3 49
2 24
6 48
7 86
6 98
5 10
2 8
8 98
3 52
2 35
6 95
1 65
4 89
1 53
3 51
9 6
9 60
1 35
3 83
3 40
9 79
6 60
1 47
9 56
7 32
9 22
9 93
4 40
4 0
5 93
9 71
8 92
7 39
1 72
9 70
7 7
3 93
3 76
7 55
9 82
1 69
4 86
4 15
5 26
5 3
5 74
7 66
9 82
1 87
10 13
3 52
7 59
6 27
2 32
4 48
8 62
1 92
1 27
5 70
8 28
3 79
9 7
1 16
7 91
9 21
8 98
7 59
2 31
9 6
10 46
1 1
1 73
9 26
6 3
2 3
9 0
3 22
8 5
1 8
7 61
3 87
4 71
2 60
10 83
5 42
2 91
10 30
6 0
6 50
2 68
3 97
8 63
4 15
7 88
7 85
9 99
4 28
4 89
6 21
6 67
4 34
2 74
9 95
5 92
8 50
1 69
2 39
10 4
2 88
4 72
8 60
6 10
5 49
5 88
2 10
10 80
8 39
3 39
1 48
2 14
3 62
8 9
5 38
5 13
7 100
4 23
2 59
2 29
4 15
7 76
5 99
3 55
3 1
3 2
5 35
8 45
2 8
3 63
9 37
5 55
8 1
9 79
1 9
5 7
2 3
5 65
6 15
7 8
6 82
10 27
6 27
10 78
5 63
4 73
8 77
1 6
3 75
9 94
9 46
2 27
7 74
5 31
8 86
5 94
8 75
2 31
1 64
6 77
1 17
5 79
6 56
7 66
1 70
5 12
1 96
5 88
3 92
1 66
6 93
5 91
3 58
2 10
6 29
7 31
5 78
8 0
7 50
2 24
3 57
8 100
9 90
2 10
4 25
6 22
2 63
9 42
7 6
1 1
7 81
6 74
3 92
8 78
9 95
9 92
10 94
2 83
9 90
6 77
8 91
3 67
8 75
7 58
7 79
4 11
7 22
9 40
9 1
7 81
6 3
1 94
4 25
10 93
3 6
2 79
5 40
2 67
4 83
9 27
8 32
4 100
5 10
4 33
2 98
3 64
9 80
6 9
5 71
2 98
3 48
5 27
7 57
4 87
6 70
6 92
9 24
5 8
9 65
9 98
1 100
5 85
3 52
10 99
9 70
2 67
7 92
8 14
5 60
5 49
4 37
8 75
1 20
10 9
4 34
6 48
10 17
10 64
8 74
7 32
7 49
3 77
5 55
6 39
5 51
6 25
9 13
5 65
7 48
2 50
10 98
5 14
4 19
1 53
6 4
8 69
5 43
7 66
4 4
7 60
4 8
10 55
2 59
10 71
2 6
7 7
8 85
3 38
2 79
7 66
2 1
7 13
2 61
9 36
9 81
2 32
9 74
6 56
10 6
4 99
2 75
10 13
10 96
3 14
4 86
2 94
10 72
7 86
4 73
2 13
9 85
9 59
2 94
8 54
10 77
8 48
1 98
9 77
6 13
7 68
1 53
3 34
6 39
2 62
1 46
3 100
7 34
3 67
4 5
8 19
6 60
9 51
5 69
1 79
2 67
8 68
7 50
3 9
9 47
7 9
10 62
8 89
6 9
1 41
7 56
2 88
8 83
10 64
10 48
4 7
5 24
2 0
7 10
2 31
1 78
2 27
1 76
9 98
2 77
8 73
3 75
6 25
4 47
4 47
10 84
3 31
1 35
7 73
10 61
6 6
5 91
3 95
2 7
7 67
7 41
3 84
9 69
8 41
2 96
9 91
7 23
6 63
6 56
2 15
4 72
7 36
8 70
4 32
9 69
2 33
1 70
6 34
9 39
3 11
10 28
8 77
7 62
1 97
8 44
5 52
5 77
2 60
5 25
9 33
9 62
8 92
2 64
9 47
6 70
1 75
9 2
4 54
9 66
3 68
1 28
7 6
1 24
9 83
5 90
7 98
2 41
4 82
6 17
5 14
8 5
6 51
1 54
5 15
9 42
9 20
6 64
2 70
10 66
6 31
1 31
8 41
4 57
7 46
7 52
6 55
4 4
8 40
1 22
5 55
7 79
9 20
8 9
6 11
7 30
7 29
3 78
1 66
9 0
7 77
5 40
1 55
2 15
4 24
8 13
2 97
6 93
6 72
6 3
9 86
7 39
4 60
2 65
5 9
9 39
7 47
6 8
5 49
8 55
2 36
10 99
6 15
5 27
2 78
3 68
1 30
10 47
6 41
9 38
10 78
9 8
5 97
9 77
8 99
9 15
5 11
4 82
9 53
1 96
5 59
1 14
4 72
3 21
5 53
6 76
2 13
1 4
1 80
3 90
10 25
10 60
6 29
2 81
5 22
8 15
10 10
4 33
3 21
8 20
5 31
5 14
7 80
7 56
9 75
7 75
2 59
3 31
2 22
6 16
2 80
6 20
1 22
6 57
8 93
6 16
6 73
8 18
3 13
10 89
8 67
6 99
2 97
7 60
10 52
3 25
6 53
9 84
9 82
2 95
4 79
7 43
9 26
4 71
4 55
2 83
6 27
4 7
2 77
5 7
4 84
3 67
3 93
2 53
7 40
3 23
8 66
7 34
2 33
9 73
8 19
7 46
3 62
5 62
2 91
2 74
7 100
5 90
9 94
7 56
1 71
7 32
7 31
10 97
10 8
6 36
5 66
5 85
4 9
8 47
5 11
3 46
10 65
3 75
8 79
6 81
2 41
3 54
7 6
4 33
5 10
10 80
4 63
7 26
2 54
7 54
5 40
9 36
6 21
10 21
7 55
2 6
4 6
4 73
8 31
1 31
7 4
10 14
1 14
1 50
5 27
9 36
5 12
4 84
6 11
5 80
5 54
6 93
5 0
2 2
2 29
1 6
5 19
3 57
4 57
3 39
4 60
6 10
1 72
1 83
4 4
5 84
8 18
4 65
1 61
10 16
9 51
8 11
9 8
4 82
5 96
4 74
6 47
10 90
3 22
8 48
4 78
4 9
5 52
4 62
1 33
6 46
5 76
5 11
10 61
2 62
8 92
6 1
6 63
2 60
8 81
8 95
3 55
9 81
9 25
3 90
3 78
6 80
4 2
5 14
10 56
10 59
5 22
5 1
9 100
1 70
4 43
2 74
3 14
9 48
3 3
4 38
9 75
9 21
4 27
5 25
2 54
9 31
2 40
1 6
4 27
8 76
10 50
4 99
7 81
10 84
7 55
7 60
7 21
4 88
7 8
5 18
9 63
6 52
2 85
6 94
3 15
3 88
1 86
5 78
3 95
10 20
7 4
4 46
5 17
8 82
9 48
4 80
6 40
7 69
5 75
7 13
3 12
1 88
8 60
10 11
4 49
3 58
3 77
3 48
5 96
4 7
10 39
9 58
9 16
8 23
5 78
4 14
7 62
10 1
7 59
4 41
10 14
4 68
6 85
4 32
3 23
5 84
10 1
10 44
9 23
2 73
4 65
7 46
5 63
9 68
2 11
2 61
6 21
9 91
1 44
9 17
3 26
1 93
5 30
4 45
5 56
2 31
8 99
5 5
9 35
8 99
1 13
3 63
2 81
4 32
1 69
8 63
9 8
9 17
1 32
10 49
4 40
4 49
4 37
5 81
6 51
10 10
9 61
1 52
6 41
5 88
10 98
10 8
8 29
1 30
6 61
8 10
7 67
4 93
2 39
3 72
1 19
8 29
2 38
8 67
2 83
3 6
7 96
7 16
6 63
3 95
2 39
1 94
9 62
7 94
8 69
8 21
4 71
3 37
5 74
9 48
1 93
5 6
7 97
2 0
2 40
4 80
8 26
4 61
8 72
3 5
3 46
1 97
5 12
8 5
5 35
2 87
4 93
9 4
4 26
10 64
3 33
5 64
2 70
3 82
9 97
8 97
10 92
9 41
5 60
9 71
3 96
10 95
6 21
1 23
2 55
2 26
10 81
1 100
3 86
5 60
8 77
6 22
8 65
9 2
6 17
2 97
4 64
10 63
8 86
5 76
9 52
9 69
7 87
5 20
6 34
2 86
4 2
9 35
5 18
1 61
7 67
3 81
6 42
10 26
7 22
4 20
1 11
9 4
8 41
7 93
9 55
1 71
10 62
4 12
3 55
7 32
10 100
4 49
10 11
1 35
10 98
4 83
2 78
5 40
8 18
4 42
9 93
4 43
5 65
7 31
8 62
4 28
3 86
5 11
3 48
5 46
4 7
9 25
6 12
9 97
7 35
8 20
8 17
3 89
8 44
8 70
6 4
4 86
10 30
9 2
5 41
1 93
1 100
5 70
8 42
7 2
4 22
3 90
5 90
9 63
5 51
8 44
9 6
5 14
6 77
9 95
10 74
4 77
3 21
10 79
7 10
10 42
8 63
8 96
4 61
3 18
10 59
7 29
10 64
4 37
10 50
1 65
1 39
10 78
2 91
1 16
2 3
10 42
1 55
2 54
2 5
6 39
7 60
2 22
5 51
4 55
4 35
10 54
9 8
6 75
5 64
9 59
9 92
4 50
1 12
9 33
8 64
2 8
7 71
8 49
5 82
3 29
3 24
8 1
7 82
2 27
6 95
8 95
1 89
10 40
10 77
3 94
1 58
2 61
9 30
1 92
2 50
8 0
5 17
9 78
10 38
4 31
7 70
10 47
1 31
1 4
7 78
8 38
8 25
5 10
9 97
5 46
3 54
10 50
7 33
9 64
5 37
10 16
10 30
4 32
8 57
9 62
8 2
5 30
10 1
1 71
10 77
9 24
10 49
5 31
2 62
5 74
7 87
4 26
7 82
7 87
1 82
6 92
4 75
6 49
6 13
4 22
7 4
2 8
6 66
9 57
5 68
5 22
7 73
10 24
1 81
6 23
6 76
1 94
4 13
2 65
9 61
5 50
4 28
8 19
1 42
6 19
10 3
2 91
2 85
4 16
1 28
6 4
5 0
8 63
6 62
9 100
3 85
2 97
8 46
2 20
8 77
5 31
5 4
4 78
9 8
5 23
10 44
5 83
1 13
9 19
9 57
9 75
5 34
4 66
7 21
2 92
6 55
2 8
10 37
2 95
8 51
5 48
3 50
2 20
6 35
10 8
1 19
5 60
1 6
6 8
6 44
6 9
9 84
3 15
2 72
1 17
3 18
7 18
1 82
1 44
7 52
4 73
6 68
4 54
2 41
6 69
6 18
2 93
9 90
4 84
8 42
3 3
4 9
1 79
6 74
3 93
6 28
2 57
10 3
4 98
2 59
5 16
5 27
1 34
2 78
10 63
2 95
5 62
7 79
2 59
6 29
1 30
6 87
4 18
7 91
8 96
3 6
9 7
10 26
2 81
1 62
8 31
8 69
6 83
3 43
2 79
5 62
2 59
4 61
5 77
6 46
6 75
6 8
3 77
5 73
9 34
1 78
4 73
3 6
10 82
7 34
4 29
8 94
8 73
10 60
2 62
3 12
2 39
10 4
9 67
9 95
8 71
9 34
6 31
7 8
3 19
10 57
3 94
7 29
7 77
3 19
4 7
3 37
3 84
8 61
8 4
8 57
3 26
4 32
9 20
6 42
4 78
9 25
1 100
7 7
8 4
8 11
6 81
5 39
9 10
4 38
4 96
2 54
5 74
5 2
10 38
5 52
10 28
8 37
10 34
1 38
6 76
7 86
4 42
5 17
10 66
10 91
3 98
1 28
1 62
1 57
4 76
5 3
10 68
4 52
8 45
5 27
9 76
8 84
2 65
9 96
4 18
2 2
5 49
9 34
2 59
4 7
5 32
10 20
10 17
7 81
4 6
7 53
9 11
3 75
8 3
9 41
1 67
2 55
10 42
4 45
7 72
8 62
6 40
4 47
1 14
3 64
1 22
2 52
10 11
4 62
8 54
9 69
8 40
1 87
1 58
8 24
4 61
9 50
5 37
10 79
6 87
3 1
4 61
8 71
9 52
2 56
2 92
2 59
2 76
10 29
8 23
9 77
8 35
1 78
4 59
4 68
3 65
10 92
2 66
3 56
4 92
10 64
8 10
10 14
5 74
7 14
10 79
5 78
2 15
2 36
10 31
3 27
10 16
1 76
9 18
1 32
10 71
7 7
9 93
7 35
2 31
9 40
9 58
2 94
7 64
7 89
1 94
8 55
8 67
5 84
2 80
5 92
8 59
3 94
6 42
4 80
10 54
1 3
9 3
9 45
3 64
9 47
7 90
8 83
1 34
8 34
5 29
3 8
10 57
5 37
4 18
1 27
8 17
5 0
7 86
10 58
2 66
7 78
7 32
7 4
9 78
1 63
9 85
6 12
4 82
9 71
4 91
3 24
7 25
9 67
2 24
7 100
6 42
4 83
2 65
4 27
8 54
4 14
3 45
3 77
8 24
1 73
2 93
7 11
9 79
4 4
4 15
8 21
2 60
7 6
8 43
9 22
5 70
6 100
2 33
10 19
5 37
7 72
3 83
8 43
2 35
6 1
2 88
8 92
7 53
1 72
7 53
4 84
8 92
9 56
3 12
3 12
7 13
1 43
2 51
4 30
6 36
1 83
2 44
10 4
10 40
4 27
8 14
10 11
7 7
5 85
7 44
6 2
4 41
3 39
6 49
5 36
5 47
6 86
2 56
6 98
4 44
3 81
6 13
7 94
9 20
1 6
7 8
10 33
3 83
6 51
7 69
6 12
1 55
8 74
9 4
6 21
2 85
1 55
1 16
5 78
4 64
6 26
8 7
2 42
2 35
8 36
1 53
4 20
10 74
6 76
6 13
3 23
10 66
8 8
1 22
9 98
7 29
9 27
1 97
9 29
4 50
6 81
1 78
3 97
5 58
8 6
10 72
5 48
4 51
9 78
3 88
6 34
2 30
7 46
4 4
8 29
5 24
6 35
8 89
6 69
9 91
3 83
3 32
2 73
10 21
10 94
2 21
4 19
2 7
9 50
5 8
6 2
2 49
2 7
3 40
3 82
5 90
1 31
3 9
5 48
5 37
8 42
7 11
10 20
3 22
2 4
2 28
10 20
9 2
4 99
2 3
3 69
5 36
9 54
8 2
1 29
9 96
4 6
7 22
3 16
4 84
1 33
4 54
9 73
3 93
3 3
4 25
2 62
3 51
10 21
10 94
8 95
6 23
10 64
4 20
10 53
5 76
2 92
3 54
1 39
5 76
8 41
1 56
6 84
4 49
2 24
9 90
6 26
3 70
3 60
8 25
6 16
6 47
10 59
3 46
8 64
2 75
3 78
5 71
8 68
1 51
5 58
2 68
6 42
5 20
7 64
4 76
9 80
9 7
4 13
3 14
2 72
4 84
3 71
8 22
8 77
6 16
7 85
10 55
2 5
4 83
1 36
6 5
10 42
1 24
3 41
1 61
9 26
9 65
4 2
3 16
7 35
8 63
2 27
10 94
5 22
9 49
1 22
4 79
1 40
6 92
2 62
7 44
7 87
1 0
4 55
7 76
6 99
1 63
3 23
1 64
1 47
5 17
3 98
6 98
6 90
8 94
10 38
9 96
4 52
8 45
10 3
3 61
2 63
8 9
8 62
8 82
8 50
2 86
1 20
1 90
10 33
8 52
9 76
1 18
2 7
10 20
4 13
10 1
1 100
5 6
3 15
7 68
10 53
1 95
4 98
1 60
1 60
8 36
2 7
8 39
8 95
4 39
7 82
1 69
7 77
2 16
8 89
10 43
3 97
4 7
5 86
10 40
7 23
6 73
3 100
2 58
6 86
7 42
6 38
7 53
7 40
5 10
7 99
1 14
2 43
7 58
7 36
3 42
9 86
10 25
8 8
2 50
10 23
1 25
9 51
2 59
5 90
7 64
4 1
2 71
5 42
10 25
7 23
6 37
6 9
5 18
6 84
10 88
5 59
8 55
1 95
6 97
9 1
7 48
9 45
1 17
10 4
6 45
9 64
6 58
10 98
10 55
6 83
4 16
3 13
10 25
1 35
2 91
7 5
10 48
10 33
10 47
3 48
9 49
8 81
1 43
9 58
2 14
9 75
7 41
6 12
3 73
1 63
5 52
4 21
4 79
3 49
10 27
5 84
2 22
8 71
6 64
8 11
9 53
1 5
7 55
3 1
9 6
10 71
3 63
2 45
4 53
4 65
9 64
4 58
2 19
7 47
7 17
7 6
5 27
10 44
10 19
1 79
9 88
1 79
10 100
8 77
10 74
5 4
7 41
8 20
1 23
3 100
4 89
1 80
4 6
9 20
5 88
5 17
1 4
6 42
7 59
10 52
5 18
9 30
1 2
6 98
1 28
8 67
5 87
2 78
5 79
10 23
7 3
4 50
4 42
7 59
6 16
6 65
4 15
9 54
7 76
3 45
4 43
6 24
5 81
5 32
3 38
8 76
10 32
1 50
10 26
6 50
8 52
9 24
9 30
6 95
6 84
9 41
5 96
3 19
6 29
3 7
6 86
4 3
6 8
2 87
5 65
3 63
5 74
5 98
4 64
9 45
4 29
4 24
10 75
9 20
1 99
10 30
5 1
9 26
1 24
7 70
6 74
7 36
2 67
5 45
4 5
3 52
2 15
9 90
3 46
9 42
2 31
10 50
7 3
8 13
8 35
5 42
3 13
8 87
2 59
2 12
6 64
10 66
6 8
7 34
2 13
3 23
4 96
2 96
6 10
9 96
9 55
10 37
8 67
5 81
5 5
2 33
7 72
3 95
7 81
7 5
6 3
7 32
7 92
1 3
1 60
2 88
1 4
1 100
7 99
3 23
6 33
2 42
5 92
8 96
1 47
10 48
1 95
10 60
2 3
3 38
3 49
3 19
7 0
10 26
5 45
9 92
7 84
7 20
9 57
2 43
5 87
7 84
9 73
4 92
10 50
9 37
7 25
6 10
2 11
6 85
3 74
2 96
10 5
3 14
9 3
10 31
4 98
3 22
4 60
2 31
5 44
7 56
9 62
5 9
9 74
6 51
8 75
6 2
5 85
7 20
6 7
8 90
10 79
4 40
2 5
4 48
4 55
2 0
5 73
7 78
3 64
9 31
7 85
4 41
1 27
5 98
9 7
3 80
8 46
5 27
1 42
3 98
10 67
4 89
5 49
10 40
5 37
1 46
6 40
2 99
7 91
4 19
3 71
10 56
7 12
5 3
8 2
1 97
2 35
10 35
4 21
8 91
2 4
3 5
6 32
10 71
7 2
6 99
7 0
1 57
9 42
8 0
9 47
8 11
2 86
2 23
8 72
7 50
9 7
10 2
4 64
1 56
9 65
1 14
1 46
10 81
1 41
3 74
4 91
9 60
7 84
7 24
1 12
10 55
4 81
2 2
4 47
1 54
1 65
4 40
2 18
10 55
10 23
1 19
5 38
4 71
6 99
6 30
1 28
6 8
9 9
4 95
7 47
6 71
10 25
4 48
9 58
2 52
7 64
10 61
6 95
8 82
8 78
9 64
4 22
7 72
9 100
7 43
7 27
5 56
10 36
4 99
7 35
4 51
2 72
3 68
1 61
9 84
6 38
9 49
8 16
6 10
5 69
2 99
3 40
5 30
3 34
10 51
3 57
4 50
6 90
7 28
6 61
8 74
3 84
1 27
4 52
8 96
6 70
4 92
3 11
9 33
9 31
9 61
1 9
2 31
8 57
6 92
5 96
2 28
8 4
9 53
2 7
10 25
10 40
2 81
8 81
1 13
4 61
9 8
5 60
8 3
10 36
3 93
6 31
1 77
7 60
5 29
10 44
4 59
9 42
6 97
7 1
9 60
8 50
4 0
7 50
2 57
4 42
6 30
1 78
8 59
6 98
4 84
10 99
4 69
1 54
2 86
6 6
7 10
10 44
5 59
6 29
1 90
8 47
4 68
4 12
6 54
9 91
8 69
8 7
3 33
4 19
2 57
1 35
3 46
5 20
2 92
7 87
7 88
10 60
7 97
1 90
2 67
4 7
2 24
6 35
9 46
3 98
2 80
8 7
8 37
10 32
2 36
2 96
4 23
6 39
3 42
2 9
2 38
6 87
5 80
6 81
9 48
9 35
7 72
2 2
1 65
3 78
8 47
4 78
6 83
1 28
5 18
6 11
9 46
6 0
4 48
9 83
10 71
7 39
9 0
3 4
7 62
4 56
6 0
7 86
5 44
10 76
1 33
2 55
6 19
7 32
8 59
1 44
6 19
5 16
1 88
5 78
1 100
3 9
9 6
6 40
1 80
6 60
3 16
2 28
3 25
4 8
4 12
9 54
7 31
7 65
4 93
9 53
7 38
1 91
3 59
7 89
1 100
5 11
1 0
4 35
6 0
8 95
7 19
8 97
1 44
2 76
6 59
8 77
5 56
8 44
3 15
3 87
8 25
8 32
8 17
2 87
7 50
1 48
10 40
6 26
1 21
6 69
1 45
6 36
6 77
9 55
10 8
3 15
7 56
7 63
9 20
1 28
5 52
7 17
3 8
9 44
8 2
5 60
5 16
7 91
4 44
4 22
8 57
1 46
10 83
3 34
4 79
7 20
9 31
7 52
2 10
6 94
1 68
7 20
4 97
1 73
10 9
10 28
8 99
10 70
6 41
5 77
5 91
4 64
5 34
6 23
1 51
3 59
9 29
9 52
9 32
8 55
10 61
10 31
10 14
9 12
5 47
9 32
9 12
4 49
2 30
3 50
9 65
4 73
7 84
5 45
9 33
2 87
10 96
8 68
5 61
2 41
1 97
1 80
5 70
4 37
5 61
3 92
9 62
10 74
7 36
7 58
5 64
8 71
4 100
10 14
6 93
2 96
1 22
2 3
10 2
4 72
8 11
4 79
6 30
4 18
1 13
2 41
4 84
1 11
6 95
9 13
4 37
10 34
5 88
8 59
2 97
5 13
8 61
7 61
8 98
1 65
4 76
4 0
5 88
9 52
1 5
6 46
8 86
8 65
6 71
9 37
7 61
10 29
2 19
5 41
7 64
6 77
1 93
10 85
4 24
4 62
1 40
5 39
10 34
2 65
5 27
7 36
1 77
5 67
7 19
3 9
3 28
5 81
3 24
7 15
5 83
9 48
2 78
7 46
3 94
9 2
9 75
1 23
3 21
6 50
1 9
3 19
1 28
5 51
1 39
2 19
6 6
6 50
4 80
5 79
7 32
8 36
3 9
10 87
6 23
7 32
3 38
2 37
10 65
2 42
10 69
10 52
6 69
10 99
3 28
2 69
2 56
4 9
1 79
4 84
4 51
6 21
8 46
10 43
10 27
1 9
2 83
10 27
3 0
2 63
1 38
7 88
3 42
4 75
9 67
8 8
2 15
3 44
4 75
4 9
7 90
9 87
9 83
2 12
3 26
8 52
7 22
3 17
9 99
6 32
9 64
1 49
3 64
10 43
1 56
5 66
3 65
7 65
1 10
9 29
10 86
4 31
10 7
10 24
5 64
4 99
9 54
3 39
2 18
8 11
5 96
8 66
1 41
1 82
2 68
6 53
10 47
1 81
7 33
2 80
8 6
5 88
8 93
8 64
10 62
2 87
10 11
2 69
3 16
1 46
1 29
1 97
6 71
5 55
1 26
10 33
7 69
6 93
4 41
3 57
6 11
1 9
3 9
6 82
5 42
5 67
2 31
7 94
9 37
10 43
1 92
10 41
6 43
7 61
1 0
3 65
5 35
6 79
2 94
4 19
1 99
9 94
6 75
4 55
6 84
8 19
1 78
5 17
7 89
8 72
4 26
1 35
8 17
7 8
10 13
2 45
1 56
5 67
6 8
7 100
2 7
6 4
8 35
4 59
6 74
7 51
5 56
9 91
3 50
10 46
2 72
3 72
7 71
6 97
9 94
6 76
8 64
7 26
5 94
1 50
6 54
1 17
2 50
8 23
10 96
1 91
1 32
3 7
4 43
1 79
2 75
9 50
10 22
6 20
5 92
3 85
7 96
3 96
6 11
2 60
10 19
4 11
7 39
9 51
1 83
2 19
1 3
2 54
3 82
7 53
2 97
9 55
10 35
6 35
9 100
10 79
8 71
5 68
4 88
2 97
9 49
3 79
5 43
7 41
1 26
3 15
4 6
3 21
6 46
3 89
1 98
1 11
3 79
2 50
9 55
7 59
10 94
9 91
6 56
1 79
10 51
8 12
9 18
3 69
8 41
4 12
7 73
5 79
3 33
1 17
7 93
3 19
1 93
9 52
8 58
5 61
10 99
1 94
5 51
9 85
8 41
10 61
2 90
6 99
5 13
10 60
9 33
9 21
9 21
1 10
8 60
4 24
4 27
1 77
2 2
3 100
4 16
4 71
10 7
5 7
2 24
3 17
3 17
4 58
3 40
7 85
1 9
7 99
3 18
10 12
9 51
5 60
2 26
9 48
1 25
1 6
8 99
6 90
3 51
8 49
5 26
2 35
3 8
10 14
2 52
9 45
2 70
10 14
9 94
4 72
7 40
1 23
10 86
5 1
1 7
3 74
8 80
8 26
5 47
4 96
10 51
4 86
4 30
10 50
8 62
6 36
9 8
2 75
9 55
9 69
8 47
1 69
10 58
2 36
4 95
2 87
3 46
3 51
7 15
10 100
7 59
7 42
7 1
6 67
10 81
3 27
8 12
10 74
9 80
8 81
10 61
7 51
8 25
3 36
7 73
6 3
9 10
2 68
8 10
7 10
7 74
3 7
10 41
6 13
2 98
8 66
4 84
4 45
9 0
10 61
9 53
1 85
2 1
5 55
3 69
1 67
4 62
8 15
9 18
7 63
5 36
8 50
10 23
8 81
7 90
7 60
4 35
7 93
10 73
6 8
10 34
1 58
4 88
3 12
10 3
2 93
3 24
2 36
10 48
10 52
8 18
5 81
7 58
2 39
4 20
6 82
2 51
3 55
6 51
6 35
4 56
9 5
5 5
7 61
4 49
4 59
2 16
10 83
8 84
2 88
7 12
5 5
8 99
9 59
7 1
6 77
1 74
5 11
6 7
1 51
7 61
5 43
10 23
2 59
5 42
10 45
8 46
5 34
7 82
4 50
4 55
10 82
8 28
9 22
3 100
8 42
4 9
4 26
10 3
9 90
8 82
7 69
3 97
9 25
8 86
8 6
5 91
9 38
2 25
4 10
3 33
4 56
7 0
3 36
9 35
5 29
9 25
7 36
1 1
4 37
7 61
4 0
5 38
4 66
8 34
9 42
5 40
1 57
6 55
5 61
3 26
8 9
9 87
4 42
10 67
8 8
2 54
7 10
4 43
2 25
2 96
2 6
5 28
8 19
9 16
10 40
4 75
4 14
9 8
9 29
3 7
8 0
4 60
8 66
8 56
1 8
3 17
2 48
4 99
3 55
8 13
2 59
8 73
6 14
9 29
6 90
4 51
10 21
2 26
10 67
3 54
7 98
3 81
2 27
9 51
6 61
5 25
7 72
2 16
4 56
3 18
2 92
10 15
9 4
4 6
8 6
9 1
2 34
5 95
1 27
9 23
10 64
2 89
10 7
4 55
2 31
1 67
1 97
4 27
7 53
10 99
9 70
8 19
6 52
4 84
3 20
5 7
10 37
7 74
8 40
5 83
7 95
7 66
10 80
1 66
4 68
4 47
8 11
3 96
1 41
6 71
9 46
6 82
8 17
1 69
1 20
2 2
10 71
3 8
10 3
7 84
9 49
5 45
6 4
2 19
1 2
7 93
4 20
4 77
10 40
3 39
6 98
6 41
10 2
8 12
7 4
10 65
2 66
3 47
7 63
1 11
2 33
9 46
1 89
2 48
8 34
6 89
5 2
2 30
9 93
8 70
1 36
5 20
8 97
4 67
5 60
9 61
6 71
10 57
6 22
7 82
2 56
2 15
2 43
3 10
1 71
5 74
1 85
1 81
8 23
1 55
8 71
5 99
4 82
5 14
8 47
4 0
4 87
10 66
1 19
1 80
1 42
10 77
1 80
7 66
8 26
5 0
4 50
10 9
2 33
3 99
3 49
4 84
10 80
10 77
5 4
4 64
1 18
10 70
8 80
7 76
8 87
10 94
5 100
5 33
4 0
4 45
8 80
1 78
1 13
1 40
1 9
7 8
4 41
10 29
9 22
7 92
1 79
10 18
9 27
2 71
7 49
4 44
9 24
9 6
4 3
4 71
9 93
10 94
7 12
3 29
3 75
6 61
5 86
4 53
9 40
1 62
4 35
4 36
1 68
9 14
8 59
6 47
1 16
7 27
6 33
2 60
8 45
3 21
4 63
9 33
1 23
1 25
10 76
5 54
8 74
6 25
10 21
1 13
7 48
10 3
4 26
5 63
4 6
4 32
10 95
1 21
3 68
6 70
3 38
6 76
8 17
5 65
7 57
3 99
8 94
6 87
9 68
1 43
8 56
9 52
5 53
2 35
10 2
2 19
6 33
9 23
5 21
6 0
6 62
8 44
3 0
9 89
1 66
1 99
7 92
10 25
2 92
10 99
7 93
9 81
10 78
8 21
8 22
1 8
5 61
8 66
5 35
2 48
8 11
7 75
5 33
1 82
10 73
9 16
10 74
9 25
10 99
3 33
4 39
3 3
1 28
5 58
3 55
2 65
6 39
7 85
4 25
6 40
5 68
2 16
6 48
9 51
1 47
5 41
7 86
8 56
7 56
4 89
8 98
7 22
2 21
5 78
7 75
10 22
1 6
1 95
6 19
10 11
9 27
4 99
3 0
3 19
3 12
4 6
7 16
3 92
5 2
2 92
6 37
8 49
4 53
10 71
1 43
8 77
6 65
7 24
5 84
4 8
3 38
3 97
3 47
4 11
3 77
5 42
2 49
8 90
10 5
8 71
2 44
3 14
5 54
8 79
1 87
8 69
2 37
6 66
6 92
10 83
7 31
8 92
2 59
1 30
10 80
2 15
9 34
6 99
8 85
10 41
7 96
9 1
7 21
2 23
4 93
6 89
4 43
3 39
8 1
5 13
2 36
9 38
4 57
10 59
10 84
1 50
4 72
8 53
7 34
5 90
5 8
5 77
1 38
7 1
7 3
6 68
3 21
10 72
1 1
2 27
2 53
6 86
6 93
6 8
5 80
5 93
5 70
10 18
10 57
7 29
7 83
1 1
5 86
8 98
7 68
9 37
9 84
8 60
1 31
5 89
9 74
2 0
10 0
6 38
1 23
4 50
9 95
5 35
2 96
6 4
1 5
8 52
6 6
8 64
3 80
7 40
2 12
6 78
2 19
9 66
7 46
4 10
7 21
9 2
3 53
6 50
2 26
9 31
3 79
10 6
4 49
10 76
3 59
6 65
5 47
4 9
2 44
1 48
9 54
9 57
3 16
1 45
2 78
7 17
8 48
8 29
4 45
2 20
10 79
1 10
4 14
7 12
8 79
1 2
7 35
4 10
3 24
1 51
7 51
9 2
2 74
3 76
5 98
6 98
10 95
7 18
7 42
9 19
2 56
4 19
1 82
1 60
7 80
3 3
7 60
8 92
5 37
1 31
6 62
9 28
5 12
10 40
4 30
6 41
4 35
7 64
3 20
10 15
4 76
2 8
3 50
5 20
10 54
6 6
5 33
2 54
9 10
4 35
2 59
4 27
7 15
5 28
6 44
6 43
2 73
6 54
3 3
5 13
6 44
2 65
7 43
3 92
8 72
8 28
2 25
10 16
9 58
4 9
6 97
5 85
8 49
8 41
8 56
7 88
9 24
9 16
3 22
5 42
1 55
4 12
4 81
3 66
2 43
1 46
2 11
1 55
9 12
4 7
2 100
6 61
4 37
5 0
8 60
5 39
9 31
6 76
5 45
3 31
6 55
5 84
3 21
6 83
7 48
7 6
7 65
5 35
4 35
4 42
3 16
4 19
4 86
3 88
1 90
9 67
5 76
1 43
3 0
4 55
7 60
4 69
10 86
1 93
5 27
4 66
4 90
7 67
9 7
4 95
8 67
10 60
2 87
6 64
1 48
9 47
3 41
4 37
7 41
8 42
4 29
5 54
8 4
9 35
4 71
9 8
6 27
10 59
3 66
5 80
7 47
4 9
1 66
10 87
3 97
9 97
9 68
7 43
8 43
8 0
3 34
2 83
10 66
6 37
1 10
5 1
1 28
1 30
8 36
4 44
4 57
9 35
9 73
4 90
8 73
7 98
5 23
4 8
9 81
4 61
2 83
6 7
9 85
4 9
6 63
8 65
2 22
6 88
3 38
9 96
9 77
8 100
4 89
10 8
