1 0
3 0
1 1
1 11
6 011
123 010101010
1 0
1 1
1 00
2 00
3 00
1 01
2 01
3 01
1 10
2 10
3 10
1 11
2 11
3 11
1 000
2 000
3 000
4 000
5 000
6 000
7 000
1 001
2 001
3 001
4 001
5 001
6 001
7 001
1 010
2 010
3 010
4 010
5 010
6 010
7 010
1 011
2 011
3 011
4 011
5 011
6 011
7 011
1 100
2 100
3 100
4 100
5 100
6 100
7 100
1 101
2 101
3 101
4 101
5 101
6 101
7 101
1 110
2 110
3 110
4 110
5 110
6 110
7 110
1 111
2 111
3 111
4 111
5 111
6 111
7 111
1 0000
2 0000
3 0000
4 0000
5 0000
6 0000
7 0000
8 0000
9 0000
10 0000
11 0000
12 0000
13 0000
14 0000
15 0000
1 0001
2 0001
3 0001
4 0001
5 0001
6 0001
7 0001
8 0001
9 0001
10 0001
11 0001
12 0001
13 0001
14 0001
15 0001
1 0010
2 0010
3 0010
4 0010
5 0010
6 0010
7 0010
8 0010
9 0010
10 0010
11 0010
12 0010
13 0010
14 0010
15 0010
1 0011
2 0011
3 0011
4 0011
5 0011
6 0011
7 0011
8 0011
9 0011
10 0011
11 0011
12 0011
13 0011
14 0011
15 0011
1 0100
2 0100
3 0100
4 0100
5 0100
6 0100
7 0100
8 0100
9 0100
10 0100
11 0100
12 0100
13 0100
14 0100
15 0100
1 0101
2 0101
3 0101
4 0101
5 0101
6 0101
7 0101
8 0101
9 0101
10 0101
11 0101
12 0101
13 0101
14 0101
15 0101
1 0110
2 0110
3 0110
4 0110
5 0110
6 0110
7 0110
8 0110
9 0110
10 0110
11 0110
12 0110
13 0110
14 0110
15 0110
1 0111
2 0111
3 0111
4 0111
5 0111
6 0111
7 0111
8 0111
9 0111
10 0111
11 0111
12 0111
13 0111
14 0111
15 0111
1 1000
2 1000
3 1000
4 1000
5 1000
6 1000
7 1000
8 1000
9 1000
10 1000
11 1000
12 1000
13 1000
14 1000
15 1000
1 1001
2 1001
3 1001
4 1001
5 1001
6 1001
7 1001
8 1001
9 1001
10 1001
11 1001
12 1001
13 1001
14 1001
15 1001
1 1010
2 1010
3 1010
4 1010
5 1010
6 1010
7 1010
8 1010
9 1010
10 1010
11 1010
12 1010
13 1010
14 1010
15 1010
1 1011
2 1011
3 1011
4 1011
5 1011
6 1011
7 1011
8 1011
9 1011
10 1011
11 1011
12 1011
13 1011
14 1011
15 1011
1 1100
2 1100
3 1100
4 1100
5 1100
6 1100
7 1100
8 1100
9 1100
10 1100
11 1100
12 1100
13 1100
14 1100
15 1100
1 1101
2 1101
3 1101
4 1101
5 1101
6 1101
7 1101
8 1101
9 1101
10 1101
11 1101
12 1101
13 1101
14 1101
15 1101
1 1110
2 1110
3 1110
4 1110
5 1110
6 1110
7 1110
8 1110
9 1110
10 1110
11 1110
12 1110
13 1110
14 1110
15 1110
1 1111
2 1111
3 1111
4 1111
5 1111
6 1111
7 1111
8 1111
9 1111
10 1111
11 1111
12 1111
13 1111
14 1111
15 1111
330 101101011110010000101111110101101110000100000011100010101110010001010000101111110
719 01101011011011010111010011110111000101110000111000010001111
189 1000011000011010101000001100101111
965 111101101
559 1000001001111001001110011011111010010100
759 10101111000011101000011111101000010
240 011110111011111011001101110111011100101110111011011101011100110101111
212 111100011011101100100100011000000110010110011100101011100110111011100101110
67 0100111000100011110000001111000100110011111010000101111011111110000111011000000111011100
422 101001000110000111010001101000110111111001000010111110000000110100011
793 11110000001010001111101010
685 010000110101110011011110100011111111101110111100011110111
592 101
731 1110000010001110001101001000011100110001110000100111001010110
829 0000010010011100001011111101101011001011000101110010111101100111101000010111
559 00100010100111011000001011001110101010001010001
550 11001111000101000011001100110111010100
904 101011111111010
847 000010100101001
831 1011000101010001011001111011011011001000010000011101010011100111010111001000000111011101011000100100
423 01000111010110000100011101010100111101
748 10000101111
815 11111110111101011001111100
214 11110010111101000011111110101010110001111001010011000011010
81 0100101111100110111100011110
631 011001010110110011011100001000001110111001100001110010010111100000
885 000001100110010110010101101001011110000101001100000111111100111110110110110101110000100111001011
320 011110110111010110001010011011110101
694 000010010110011010011101100011000111111000000010000011101101100111110000110
337 01001101111101101000010111110110010100001110101101010100101100000000100010000011100110010010
590 1110110000011000011000
975 11101110011000100111000110100000100010110111101011001110101010
576 001111011010101011000000001111110110010100010000010011011110111110101011101
864 01001001110011011
31 0001010111010100101110000111011111101111001011101111011001010111100101000001110111001
651 1011100101010010011000111111111000001110010101100
815 1010011100101110010111001010110100101000101100110100101110110100111100100011010
116 10110001000001
587 01010011011011110001010111101100000100001010011010001101100010000100101110
838 0010001000000010000110000000111101101001000010011111110010100111
344 1010100010101010000
610 0011101000100101001011000110110000000001011100010100110110110010111111100001011101101111010001011
978 0101010100111001011011010010001011111
236 1100000111010001010100111101010001010101001011101100001100101000111111110
270 101000111001000010001000000001011111011001100110101100111
296 0001110100100001110101111
766 0001010010011100100111111110111000000001100110011111101101
906 0110101101100001011000100100101001011001100100000011000110100011111000000100000011110111111011
402 0010101011111111101010100111101000100000110111111000100011011011011111000110110010
671 10011101011100101101110100100010101010011100010110011000110100000011
166 1000000011100011010100100111111
369 00100011000111100
342 11100100111101000010
94 1100100101011110011
312 1001101000010000111101000011010100101110100110001101100001100
830 0100101111010001000110100011011
570 0111111110111110110
585 01011011100110001001
72 011000110000110111101011111101111100100111000011001101100110101111100001111100011
604 101101001110001011000011110111101111010010110101110010111110001001011001000110101111010011000110111
755 0001000111010010010111100
746 0110111110010111101110
38 11011
604 011010101111000001001001011001000001111100000000011110100110101001001110000000110
675 0100101110001001011001
326 10010000101010110011000000111001011001100001100110001100000100
735 1001110011001111010111011001110100000011101110111100101100111010010010101001011100100101001000011
414 000011101111110101000110000011100101110111
697 00111101111011101010011010110000101110011011
611 101100001001001011000000000010011001110111000001110001110
934 110100010011101100110000010100110100010011000110100010000
273 1010100100110101011000000101101101011010101011101110101
812 10001000100010110100011011101
579 10011010101110100100100110000111001111001000101010101111000110000100101011010100100
174 1001
365 0111110100011111000101111111100010110011111011111011000
232 0010101010000100111011000010100111
574 00011001010010111111
396 011010000100011000011001011101010100000011110011001011111011
194 01010000
551 10001111000001000010010101110101011001111001101001010000010011111010101
387 0001100010111110111
820 0100101101100100011100111110110001100000101101000110111101101100110111100100111101111000111101011101
352 011000000000001001001001110110000101100010010101100101110000010011100000110111111110101000011011100
498 1101010101111010001100
673 111
978 11000100100001101001010010011101101001100011100011101100111101111010110100101110001101
803 0000100100000001011001101010100111111011011101111100101111100101
236 010100110011001110100101000100010011011100100101001010110101011100110100010100011
264 0011010110101111011000100
870 101110010101001100111101001110111010110010111001100001110011001011000110101011111110101110000101
754 111111011010110001001010100100000111101010101001101101001001001100001110000001
22 101111101010010110010111100011101001110010110010
830 0101000100011000100100101000000110110001001100011101000100011001100
583 0001111100000110000011000100001001111100010010010000001101111
585 0000110100001100001111111011101011101101010001100
616 1011100001110011101
732 10001001010111111000000011100000011111111111001011001
587 00
21 10011010101010010110010101011010010001111110000111011101100100001
975 1111010100010011111001010000110110
737 1110110010001101101011000011010000000100000010011010001100100000101101101100111011
274 01110101001000000010100100100100010000010111010000100001000100111010110000
963 000001101110111101100110110100
373 011110100010011011101110010101111000011101011110101110110110110000100011011001011100110111110100000
380 00000011101000111000011100011101011101101100011000010110110
845 1100101111111101011001100011001000010000101011111
331 000000001011011110011110001110000011100001110111001110100011011010000100000100010001010
861 001000101011011000101010001001100100
251 11100111101101110111011111110110111010100
316 1111011011110010101001
666 11101001000001001111100100100100001000111100111000100101110101101100000111111110001101
661 0000000101101111110011011001010010000001011010001011001010000101100100111101101
76 01010001111110001110011001001111110111101110110101110100111100100010110110100110000010010
77 0010100100000010011101000010010001110100100111011000111000100101101
934 100111100101
219 000100100000010
389 01101010010111110001011001010110010101101100100001001011111110111100110101001111111011010001101
224 101001001000111100
421 00010001001010001011011110101000000101101011110010100011000100
811 111111011001000101111100001100100110100100001100101110111111111011001100000
205 0001011100010110101001011111000000
932 0110110011111001100111011110
501 010011010010
42 0101110100011110001101011100110110111000101011101111000111110101000111001
814 10101001111110111100100001
922 0010110110110010
182 111110101001011100001101110111100101000011100100010110110100001110111010100001
956 1101010000001101010111001110010110100001101010000001011001001110
655 101111001000010011100101000
184 0011001000010001001000100000111111101001101111101111001011111000001001000110110101000110
383 01111100110100011101111100101100101010010110000100011010
18 001011000111010101001001001111101000111010000101011010010011110100111110
234 110101000111001101010000000010100001011100011001010100110110101000000011
146 101010101010011110100011010111110000101111101001110111101101111100101001111111
829 11010011001010001001000111100111010111
4 11100100000010001110111100100110100111001110010000100100000100001
724 0101111101001011110001100010100011110001011100010100100111111001111000110110100101110100010101011010
797 11000110010111001010010110100101011
144 111000010100101110100110101101110101
330 0000001011100010000010111011110100100010100011000111100101011110111000
142 01111011001000101010100000010100000000110000011010011111010110100101000011101110001011011000100
960 100110011001010101001011101011100011011110001010011110010101010111101001001011010101000100010110101
568 10111111011101100000110011001110110001011001001000110101010
539 1111111101011
596 1111101001001111100111101010110100
699 100001011011011010011110100
250 11011000111100000000001010100100011001100010011010110000
659 1101011100011010111010
374 1011101010000001110001100010111111110010100010110011000110010000111
787 0011100011000000000111010100000011010011100010110101010101001100111
644 1010001000110000001110001101100011000011010000101011000101110000
28 1110000010110111011000101010001011
363 0011111000001001101101111000110100111111101011001010111101
252 1010011011111110101110011010010001000001010011000000101110000000001011111100010110110101
63 001110011000111010010111111000110001010001100000000001011111000000000011010111000
26 10100
727 1011111110
584 000000100001011011100010011101011110010000001111101010110100101011011100100100001111000111000001000
529 101110110001000010000010011101110011100011000101011001
882 011101101000001101001
589 11111010000011001111110111000000011100001000
508 110011
636 010110000110010110001111100011110011010110110111110101100100111001110
170 111011101010000010101101000000001001001100000100010101011011101000111101100100100
697 11011101111001000001
880 1110010011010101101100010100010011110100111000001111
480 0011010010111101110100101001111000101011111001111110
812 1100111100010011100011110100101100100011000
28 01111010001100001011100000101111111111110010101100100011001011101110001001011110010101000
614 1011001110110010011110011010001011010010100100111000000110110101010110001100
473 001010101001001111001
258 000101011101101101010010101111011010001111010001100110000
983 00010000111111111010111011110101000001111011000100010110111
488 000111110
285 1001111100000010001010101100111011100001100010110000101111001010001000100110001000100
28 101111
309 10110100011111100010101000010111000101100110101101101110011000001101100101110000
435 10101001010010110011110
718 01001110110000001110101110100
286 10000111111100000001111011000001111000111010001000111101000100000110110010110001001111110100
629 1010001010111100010101100010100110001111000010011011101110000010100111010010110001
690 10100011001100101101011110101101110111100000
944 11
582 1000101100100110100100101100
172 0100000111100001001000111110100111110101000011011101101110000010100000000000001000000010100
994 1101000101110111100001010100001101011000111100101010011001011100
236 101010011010110110100010011111111000010011100010111110100100000000101000100110111010011100111
789 0100100001011011000001111
149 100010100011101110110100101001110111111111110100000001100010011
711 1010101010100011111001010110101111001111111100100001010111011011001100100001
224 1110000101000101100111101110110010100011010011110111010000001000000100100000010001101101001
550 110001010011111110111010001100001010111010110001100101011100010000100101111010011101011110000
442 0111011101001110000111111111000010111000001111100111101010011000101011111110111001011000011101001
305 10000100000000100110001011000101001011001101101011
110 00100110111100100111011100101000111110110100111111110100010101011100000010101
966 00001011011001100011010010011100000010011001001001101101010
349 111000110110011101111101000011100101010101
933 10010101001111011111101
654 11111011101001001110001001110100110011010110111110011011110011110110100011101100000011110000101
902 0010011010000001011101011110000001000111001001011111010001101011101101101100110011
884 011110100010100110
767 010
539 1111010011010000110111110011101100001001000100100111100011101111010010010
428 001010111111100111110001110101100001000
995 001011011001001010010111010111001001110100010
142 111001111000010
417 110000001111111110000001110010010111000011100111010000001011
39 011001100111100100100000001011111110001101110001110100111111111011011111010011101000010110100
936 10111110101011001101101101100100010111101101010010010111110110001000110
955 1000001111110010110000000001111001100101
303 10001010000
985 01010111000101111101000101001001001110100110101
766 0011110001010011011
116 100010101111101001011001100101001101011010101110001011011111101111101000010001000001111001001111110
623 100100000001010011000111011000010010
917 001101000010111001101110
757 0000110100010100010011001000001110
427 0011011100010001101001001110100001110100110001001110101100011011001010111110101
535 000000101101010011111111110100100010
411 000101010000101100111111111111110111100100111010011100
556 011010100011111010111001101011010101011111110001101011001001110010110011011
343 100010000101101011110110001100011000100100000000100100111101110001000111
24 100001111011011010011011000011100011110011110010100100100101101001111010101101001
933 1001101001
530 0010101110011100010010001111110101101110111010001010
874 01111111100110100101110100110010100001101001001001
342 111000011100
258 0111111011010100101001111100000100101001100100010100101110011100010000011
5 010001100111010000111001111001001110
838 011110011000
691 00111100010010111010000111111010010110001110
511 001110111000110110011111010100010111
36 111001110111110001010100001111001111011111010101011011001001001000000101010
636 111000111010010100101010
209 100010010101100001000000101110011
378 110111000101010101000101111101110110011001111010100001000110000100110101101001110
924 0101000
890 0000
552 1101100010100110000010000011001011111000011010110110100100111111011101000010
361 00110100111
602 111000010110101000010001010100011001100000111111111
331 1110101100000111
979 11110011000010000001100100101111010001110110100011111010111111100
63 0001100110011110111110010010110111000
18 101011001111011010001101111111010110000110111011
358 0111001000011100011100100110100011110
757 1001011011100011010
672 0010101100010111100101110101101101101110010011110000000111101001101100100010010001001111101001111001
953 10010111100110000011011000000000100101101011110011110011000101000010001100100001111
541 10
465 110101000000110011010011111001111100000010101100110110101010001001111001001101100110100101
22 0010110
495 01011110111001001000001011011000010000000110011110000110010100110100110
129 101111010010000010000111101001110111000110001001110011011000000001101100001111101110010
133 01110011000101010011001
508 101110110001110000000111010100101001100110101001010110101010000000001010110101111001111100000001010
455 011101011000100000001100111100011100101111011010010110011000011011011000000100101111110101
148 001
500 0101101100010101000101001010101100101010000100110000111
154 001001011001001100111001010001101111000110100
339 011100010001100010011011001011011111100101
971 0010111001111000001100000101010011010000010110
149 1100110110010110101100001110011001010010100
695 000111001101010011001101011011110001001011001010101110011101000110
976 100000101001101010110101100101011101000111001
656 11010000010011101
453 101001101110000001010
168 1000000
387 01110
115 010010
156 101000000110010110001101000110101010
700 01111011010010100111111
608 101110000011010100000000010100101101001110010100010010110000
350 110101110010011011110001011011101111100010011011000100011100011111100101110110100010
388 10100010101011000101010011000000001100100
696 111
161 001110100111101000110100110001100011111000010101010110111100110
23 010000
430 10001100011100011100010011010101110000000101010011001011010000110100011101100101000011011010010100
759 01101010110011101010111010111111101011000100101
857 010011110011101001000010100101011010100010101000100
39 10010101000111001001111001101010001110100111111111011100
318 1001011111110110
220 0010100111101000100111100010001101
937 1100111110001011100011100
318 0100010101110111001001110010011111000101010101011
211 1100011101001
629 11100001010010100000011001110110010010001011011000011101001001001110000110110000111
859 11011110011110101101001000110111010001111101001111111001011000011000111101000101000
871 10110100010000110100110100101111001101111110101011100001001010111011001000111001111101
375 11001100010001011000111001101011010101001100000111010000100001111001110100101
845 1011100101
389 111011001001001011010010011001111111001101100
190 01010100110101101111100100100011101111001111001101001101100000011100100010101010
949 10111101000011000011001001101111011111111000110101010111000010000111111
267 00111110000111000100100001100
546 10010001010001101000111011111000001110101011110100001100
792 011100
596 011000010110001010010011
275 11011111000011111011110001011101101001011000101010111000000100000110001100
244 001010110011010011001101001110000111101000100111011101111110
973 1000101101100110011101110100001101101
818 11000101011111111000100100110011
672 001100110101001001110010100101101010101001110011001110001010101111010001001010
27 11111000111010001000100100110111100100010111100110010110101110010001010011001
741 0000000001000011010010001011101111001111000111000111001100111001110010111010
269 11001100110110000101001110111110101110000101111110110101010
612 011100000111001101101010100111010010111001010001111110111010011111001000010010010001111100
9 110000100101010111010111110100010011111001111110001010001110101000110101110000111110000100
289 11010010000110101100101101100101
970 1100011111111000000000001000110001010000011011100111011010
342 111001101110110101001110011000001111001001000010010
916 000100101011000100101001110110110111001000010
306 01011101111101101
604 101010001000011111101100000101001001001000001110111100110001100
823 00010010000110000100111000011010101011000110100011101010001001100011010111100101001000
931 10001111010011010111111000110101010011101001011101110000100111010010011001
820 1011100011011110011110000101
833 110011100101101011010011011110000001101001000010000010111101101010011111010001100001110110000001100
138 11001110011000001101111011001111111100111101011111011101111111100000101011001
879 01010011110100110001111010110100111111101101111011101110001001001111111100
438 1000011010111111
416 10011010011110001100110011010
127 11100111101
227 01110100100
198 0110000100001110110100100000001011001010100
177 100100011001111110100010000111111000000001
957 1101000100
768 10000111100101010100001110111000110000000010100100000101100111111100101001101110011111100111011
145 11
220 10100001100000111110111101011101001110010100001111111111010001010011000101110001100100000111111101
242 011100111011100000111110110101000111000100011000001000111000101100011010011010000110110111100011010
625 001101001101001010110111000001010101111010110100001000011011000110011100
743 10110100100101011001010101110101100101001011000110000100
162 10000001110111100100000110010111101110001100010011000110100001001101001110
281 00111110110010111010110010111111001111101110011010000000100110011001010000011110100111010000001011
46 111100101100100000110011
910 10010111010110110010001010110001000101100101100001011011010110011101100
327 0011011100101101101011110110011111010010100000011000110101011001010
362 1110101001111010010010110000101000101100110111100011010000111
293 0010
774 011000000100011
360 011010100100110111001100101001110111111100110110
246 010001001100011011010001
719 0110011011110110101
312 11111010100101000
430 0000111011000001011110
110 101101000000100001100101010110001100111101011111111010010111001010110110
730 1010110100000100111010000
129 0101000100001010000110001110100011001111001110000111010100001110110
421 00001110100100001101101101001010101010001111110100000100001010001010
120 0111011000011110101101101001110010101101111111110000
498 11111000110001011100001100101101101110011
732 11010001100111111000101011011000101011111111100011110111111000
503 0101011010000111000101011010100101011100001000
678 1111100101000011001100111111000000111100110111100001110110001000001111010101010001000110111011101
984 000100110011001011100100001010110101110110100110010110000100010110111111111001011010100000
68 0000101110010001011101100010111100100100000010001000111111000101110010000100100100101011
108 010110111110100011111000010001010100000011010010000
1000 11
142 1000110110111000000001100101101101101100101010110010010101110100110111101110010
90 00000001011111011111000100
498 0111100010101111101010111101100101111101100001100110101100001010110110000001000
464 10011101110100011001111010101000000001010110110110
482 1101100011001000100010010010011011110110110111011010100111110110000101000111001
22 101010101011001100011101010010010111110000110011010111001100100000110011
179 0001000110
163 10001110110100011011101
874 1010011100110001111001011010000001010111011001010
528 000010110101010000001111110101011000101
788 1010100111100101111110010001011100011011010011101010000101001010100111000
6 001001000100010000001100100101100101000010101101101011000100011000010000111110010010111010101
824 011101111111100010011101110101
788 011100111110111110011111101111011010001111
436 111011100010001100110111110011111001111
171 00000011010100010010111001
772 001110
251 000001101100010100011010001001101110110111110110
814 00101001011010000010000010111001100100101100010101000100101001101011000100110111000101100
32 10000010100011101011101100010010011011011111110001010101101110111001001000001000000
504 111011101111111110010000101000100011111011100011001101110110
221 111111010101010010010010011100011000110001001111111000010010011010100101101110100000110010010101
248 111001110010011
210 11110101011011101100001110011100101010101111
821 001011100100011011011100110011110011101101001010110110000101011000
424 100101010011000001001001110111110111011111100111110000100011001101000010101111110101010111011001
826 0000011000001001010011010101
922 1101000111100100001000000110010110010100
854 1010001011100111111000111100011010111110101101100111011111101110110
376 100100110010010000000011
540 001001001
228 001110010001110001001110110111001010001100111001100101000011111011111111
133 011111110000010100001011100101
78 011100010010011111101010001111010110001111100100100110100111110110001001100010110010001110
746 101000011011100101001010011111000011001000010
276 0011000110000110000100111110001010101000
827 010101110110001011111001110000100110110011000000010111001010110000011010111010011110011
74 110111101110001010111
939 101110111100101111010000001010011101001
815 1011100000000001001011010001011010101000000110110000
109 01001001011101010010010110011011101001010100110110001011000100100000001000011
215 110000010011110110011100
953 010
416 0001110011001110101000110001
562 10010110110010000010110100010010100001110001011101000100001111111000001001001000111
962 01010100100011111011111110110100101111010100101000001001100001100101000110100010000001110000
650 10010110110100011100111101100110100100000111100100111
759 1000001111
977 1011101100010111110111101000
794 1101111011011111110110010100010100000111101000011010110111
504 01011110110010001001100011001010100001101101101010001011011000001010111101010110110100001
130 1101100110101001101101011101001010000
504 010101010
441 001111111101100010000000000100100111101101001000011110000111111
339 00100110011100100010100110000111001111001000001100110101
351 010100100010100111011110000011000100010000001110011011001001100111010101001011001001001101
789 1010001001001001000011111000000101011001110101101011000100011001001001111011001100101111011110001001
147 0011000100010001110111001110110110000001100101111101101001011100001
829 010011110001001001000010111011100000101111101101000110111000011111001001000101110101010101
984 0110100110011000000110100011000010100100011111011100101111010001111001111010001100110100100101000
57 011111001000001110100010000001010101101110010111001
870 0111100100011011011100000110
536 0010101010100010110110000011101011101110101011000101001010001101
743 001100010
91 0001100101010100001010011010010010110001110101001000100000010000000100111110110111101100010111
734 11000001011101001101100000011001100101100111100101
783 1001010110001001111101010110100100011101010111101101
513 0001001000001011001111000000100100011000110000
637 1010111101110001100100
933 10100000111101110011
362 01011111
918 01110010110110111000100111111100010011001000111101011110100010110001000111
928 0110111011010011110010010011110010000011110000111001010100000000001111100110000011101111110101
651 001001010
588 0011011111100000011001100101010110101000011100101111011111110011001111100
165 100110100000000010001111010010101000101000011001001
515 111000101000011101
501 00111010110000101110011001000111110100011111001101110110001101
360 11111110111100000111001110000010110010100110111110100110100111000100101000101100101100001010101
429 101110100001110110011101110010
612 110011
22 11110100000000001100010001111111101011011000001100100010100111001001010111011000001101110
71 0011001101100100111011010
833 001000111011001100110101100110110001011110010110001101110101101
761 00110111001111110001110010110101101010100010101111000011000100100100100101100111
99 111111111011111101000101111100101100000100101011100000011110011011000000100000000010001
259 111111000010101000111111100111
39 100110101001011110001010011110011010100100101000110001110001110011001100110001101101011001111010001
307 0100111000111011010110100001011100111110001101000101011
52 1001011111010111000001000010111
322 01000101011001111100010100011000101101010110011001011101011000100000000010110
725 100000011
324 000111110001101011
322 011110111001000001101
324 000001011000101011101101000111000111000100100110010000110111000000
206 0001101000111
896 101111100001001111101110111101001001110100111101110101100100100110111000110001001
590 10100011111010001110111010010010000111101000100011011011111010110101011
15 101111000010110111011100100111101010111110111010001101010111
16 111101111100111100010
340 1000101011100001100001010000101110000001001
64 10001100101010100010000010110101110110110101110000010010111001100100011001010111111010011010111
881 0011111011100001010010101111110011011101001011
852 11010110100110101
927 010111000011111011010100001100111000010001000111100100000010001110000101110011
896 1011111110
371 000010010
209 000010000101010000000010000001000011011
857 1010101000110101000010110011100010101101001110001110011100010001010101110000000010111110101010
177 00101100011110011110000010101001
232 11100110100000001101000110000000000111001101001111110
900 1001100010001011000111101100010100001010000110001100101110
320 101111100001011110110111101010000001110000111011000110
304 0001001000000011101110010100010110011110011000110010000
934 00
93 1001100110101010111001010011101001
520 00011011000010101110110111001100101111101010111110001111010110000101111110010001001100
378 0111100010000000011011011100100110010011101001000100010
657 0010010110111001011001110100011001001100101010000111110010010010101110111010111001010000
710 100101101001110011101111111100000111110100110011000111011011001010110000100011000111111101010011
467 0110
951 011
724 0001110001110110111101101111111000100101011111010101010010100001010100100001001100
348 001000101111000011011110111101100110111
130 0110001100101010010011110100110011011011011101110001101010101110000111111011010
294 101111010111000
969 1111010110110011011011100110001101100111111011101110110000000001
826 11010010100101010101001
968 0101110010011
384 01001110110010010100110010111010000010011001101110011011110100111001
552 100101100000011010110110000111001000110010001000100010100001001001110100
811 1000100111100100100101010111110011011100100100010011111101110001100110101110101100011100110110100
209 1111101001110010111001111101101
658 1101010000010100010110101101
934 0110
329 10101110011011010000001000100001010101111111110101001000000001
415 100001001000101110000100000110100
784 1110011100110001001010011101101001011
239 111101100100110011110101101110110010110011
0 0
