1 0
3 0
1 1
1 11
6 011
123 010101010
1000 0000000000000000000000000000000000000000000000000000000000000000000000000000000000000000000000000000
1000 1111111111111111111111111111111111111111111111111111111111111111111111111111111111111111111111111111
1000 0001111111111111111111111111111111111111111111111111111111111111111110000000000000000000000000000000
1000 0000000000000000000000000000000000000000000000000000000000000000000000000000000000000000000000000000
1000 1111111111111111111111111111111111111111111111111111111111111111111111111111111111111111111111111111
1000 0001111111111111111111111111111111111111111111111111111111111111111110000000000000000000000000000000
1000 0000000000000000000000000000000000000000000000000000000000000000000000000000000000000000000000000000
1000 1111111111111111111111111111111111111111111111111111111111111111111111111111111111111111111111111111
1000 0001111111111111111111111111111111111111111111111111111111111111111110000000000000000000000000000000
1000 0000000000000000000000000000000000000000000000000000000000000000000000000000000000000000000000000000
1000 1111111111111111111111111111111111111111111111111111111111111111111111111111111111111111111111111111
1000 0001111111111111111111111111111111111111111111111111111111111111111110000000000000000000000000000000
1000 0000000000000000000000000000000000000000000000000000000000000000000000000000000000000000000000000000
1000 1111111111111111111111111111111111111111111111111111111111111111111111111111111111111111111111111111
1000 0001111111111111111111111111111111111111111111111111111111111111111110000000000000000000000000000000
1000 0000000000000000000000000000000000000000000000000000000000000000000000000000000000000000000000000000
1000 1111111111111111111111111111111111111111111111111111111111111111111111111111111111111111111111111111
1000 0001111111111111111111111111111111111111111111111111111111111111111110000000000000000000000000000000
1000 0000000000000000000000000000000000000000000000000000000000000000000000000000000000000000000000000000
1000 1111111111111111111111111111111111111111111111111111111111111111111111111111111111111111111111111111
1000 0001111111111111111111111111111111111111111111111111111111111111111110000000000000000000000000000000
1000 0000000000000000000000000000000000000000000000000000000000000000000000000000000000000000000000000000
1000 1111111111111111111111111111111111111111111111111111111111111111111111111111111111111111111111111111
1000 0001111111111111111111111111111111111111111111111111111111111111111110000000000000000000000000000000
0 0
