50
1000000 2000000
1000000 2000000
1000000 2000000
1000000 2000000
1000000 2000000
1000000 2000000
1000000 2000000
1000000 2000000
1000000 2000000
1000000 2000000
1000000 2000000
1000000 2000000
1000000 2000000
1000000 2000000
1000000 2000000
1000000 2000000
1000000 2000000
1000000 2000000
1000000 2000000
1000000 2000000
1000000 2000000
1000000 2000000
1000000 2000000
1000000 2000000
1000000 2000000
1000000 2000000
1000000 2000000
1000000 2000000
1000000 2000000
1000000 2000000
1000000 2000000
1000000 2000000
1000000 2000000
1000000 2000000
1000000 2000000
1000000 2000000
1000000 2000000
1000000 2000000
1000000 2000000
1000000 2000000
1000000 2000000
1000000 2000000
1000000 2000000
1000000 2000000
1000000 2000000
1000000 2000000
1000000 2000000
1000000 2000000
1000000 2000000
1000000 2000000
