50
101 212
1338 3506
1060881 1931165
1000 9999
1060049 1990749
1068654 1979549
1435145 1548681
1047439 1932360
407 511
1696582 1958334
384851 921623
1264511 1266015
1006099 1968972
29923 72495
1190 4573
34 40
744540 958194
1000 9999
1060829 1937239
1000 1000
1000793 1910512
1064908 1910551
252 824
1285277 1586451
1059850 1922729
16866 23953
1493077 1685247
1065655 1967444
3 4
43778 60888
1449243 1625094
35288 85646
46150 78781
790918 932632
30 87
1073745 1920259
1096585 1901329
647925 685577
10 11
1411 6966
116509 116509
2433 5269
1265976 1451629
526265 976112
1036437 1919497
115725 365763
1045631 1953435
1906897 1906897
1020475 1986059
1039236 1951436
