10
10 7 2 5 6 1
10 7 7
5 2 8 10 7 1 10 2
1 6 9 6
2 8 6 4 7 6 8 10 8
0
10
9 7 10 10 7 3 8
9 8 2
3 8 10
7 1 1 6 2 8 1 1
1 9 2 5
0
10
4 9 2 9
6 4 3 3 5
3 9 9 2 8 2
4 1 10 6 8 2
1 6 10 8 7 8 5
0
10
5 9
1 4 3 7 3 8 5
2 5 7 5 1 8 9 1 10
9 10 5 5 1 2
8 10 7 2 10 3 3 5 1
0
10
1 9 10 10 7 6 3 4 10
2 9
6 3 5
1 10 8 6
1 4 10 6 7 5
0
10
4 9 6 1 7
10 9 1 5
3 9 10 1
9 3 4 6
9 8 8 8 5 8
0
10
9 8 1 1 10 3 6
7 5 4 5 6 2 4
4 3 7
4 3 7 10 1 7 6 6 2
5 10 3 2 7 9 8 6 2
0
10
2 6
8 7 1 5
3 9 2 1 7 2
1 3 10 10 4 6 10
1 8 6 3 3 7 8
0
10
2 3 6 4 5 8 6 6
5 1 7 9 4
7 2 9 6 9 6 3 8 8
1 2 9 4 8
9 10 6 10 4 6 6
0
10
3 7 7 7 6 5 10 7 2
4 2 8
10 4 9 2 8 4 1
8 9 2 5 9 5 7 9 3
4 6 10 3 9
0
10
2 5 4 9 10
6 3 8
9 1 10 8 2
4 1 3 10 5 8 8 5
9 2 2 10 10 3 8
0
10
4 7 10 9 2 5
5 6 9 1 3 2 10 6
7 9 8 1 5 6 9 2
4 1 7 10 7
9 7 1 6 10 5 8 5
0
10
3 2 10 10 8
3 7 6 7 5 1 2 8 4
10 3 5 3 5 5
8 7 10 6 10 7 6 6 2
8 9 10 9 9 3 3 4
0
10
3 6 6 7 7 2 8 6
2 5 4 7 9 1
2 8 8 1 1 5 9
3 8 8
10 8 2 7 1 4 9 5 8
0
10
4 6
7 8 5 2 5 8 8 2 9
2 1 3 4 4 3 4
1 2 10 5
1 7 7 3 6 9 6 7
0
10
4 7 6 10
10 2 3 6 6
6 2 4 4 10 8 10 8 1
5 6 10 7
4 2 3 9 5 2 1 7
0
10
2 3
2 10 10 7
3 4 7 5 7
6 1 5 10 8 4
2 5
0
10
2 6
10 6 7 8 3 5 4 7 2
2 7 10 4 3 7 7
3 2 5 8 4
4 1
0
10
9 10 7 3 5 2 3 5 5
1 6
1 8 5 5 9 4
7 10
3 4 7 4 1 9 6 9 4
0
10
9 10 3 3 7
3 9 8 10
3 1 4 5
4 7 1 9 8 5 3 9
7 9 9 1 5 1
0
0
