100
-590 -879 316 -121 -988 -841 -237 858 -613 -469 889 373 842 451 252 -879 994 692 -636 455 646 -516 -623 -229 100 -367 -271 108 -341 -632 -480 506 840 -388 -81 374 -96 -559 -757 624 228 416 -439 918 159 837 205 -903 -20 413 646 -803 401 874 129 90 827 -290 391 329 -697 -736 -144 849 730 -300 817 42 439 479 146 -247 -458 -501 -731 516 125 222 -385 765 245 904 95 -895 38 551 716 74 -702 -177 868 421 -419 -894 -50 891 -317 -486 67 806 
-215 -955 -671 652 -471 -291 -947 764 714 501 598 -255 17 -56 988 912 -264 728 45 -143 -207 785 593 375 -116 461 792 71 356 766 938 219 417 404 -373 567 -827 882 455 754 356 -955 -397 -564 653 -439 172 -610 357 815 -961 -155 -817 216 -230 -381 110 -989 -314 -224 -498 -861 -394 -556 821 -150 449 -796 -891 -22 726 452 917 -891 -143 -766 -947 706 340 569 -694 -510 -731 -384 -819 756 -152 -376 595 -800 -561 -195 774 -631 -540 -298 -646 -705 7 -272 
-328 996 738 -86 -904 -437 325 510 578 680 800 382 480 -116 -599 -54 -229 469 -193 -633 -357 -282 -936 751 -340 718 57 230 -119 108 -197 554 -593 735 848 403 -269 420 88 -754 517 686 27 -132 572 -278 -2 409 -903 -493 -468 311 359 -355 -160 -581 681 -482 752 653 2 277 -702 -960 -451 -775 640 -997 -708 -689 -842 -786 -4 -257 946 483 -351 758 711 -217 -3 -534 197 848 -796 -681 -258 912 278 -26 867 548 -656 -133 -113 721 -301 -646 -648 369 
758 805 793 -955 -432 310 449 965 -139 -6 485 899 -957 -8 853 440 -327 -347 286 0 -102 -829 461 -320 -744 759 -315 -922 -523 -646 936 -133 716 -289 -816 -813 -287 450 -857 45 -548 -670 383 -345 274 129 659 -402 231 -938 111 111 7 440 197 967 -226 283 -102 358 -190 573 -817 -888 62 -448 -959 440 842 -501 -251 555 -627 -124 -213 555 445 -781 144 -448 -798 -357 -230 -312 917 242 207 98 -420 -671 -530 448 727 141 -431 109 -362 800 -18 176 
-22 -137 317 -37 611 -172 876 556 646 -573 -847 610 178 -97 826 230 693 783 722 -649 620 -636 221 222 352 -498 -978 -92 -215 -241 204 465 945 -460 444 213 -392 -854 -116 -68 659 956 -805 711 50 247 -877 353 -228 -423 521 81 215 513 -607 -316 -726 403 956 831 -602 398 94 -718 -497 40 -845 217 -925 -132 -962 994 -846 987 -992 -903 -106 -803 365 71 709 -841 -939 -100 -447 901 633 -350 -596 -80 -584 377 -322 46 280 227 758 548 -886 -759 
-852 520 -49 -119 -934 693 -792 817 403 -737 740 114 -927 766 -7 -743 600 -518 -380 50 -546 -428 -954 -228 -290 -222 161 232 111 -434 -480 561 307 407 -905 938 13 -484 -970 34 416 -425 503 -119 -915 -694 -312 -538 -252 207 -180 362 -365 978 310 667 575 -216 -54 -423 -52 -375 -566 924 698 -878 1 915 661 751 72 -226 -158 -932 -294 362 -753 597 784 -519 -865 55 471 -831 -560 -569 -609 -281 -914 323 814 282 761 795 -412 567 -142 -613 555 185 
762 -48 -190 -413 194 -392 763 452 777 589 -317 784 -144 -465 100 123 762 -986 690 -357 -439 585 -624 357 182 950 -722 937 -360 278 457 421 -613 -172 -906 -219 -200 796 282 792 253 694 736 -845 -176 -277 962 -80 -927 -468 -669 -105 -284 -153 68 -627 442 -151 569 -401 700 606 -366 411 -810 324 -842 916 -390 745 263 786 -127 -603 958 764 496 -554 407 429 -39 -984 754 -44 -646 -515 -660 313 764 412 959 667 266 -346 704 -435 811 -480 483 -275 
818 815 934 -381 -873 405 -435 -7 -63 42 -772 553 -824 -284 575 824 959 -890 -578 820 -289 46 -927 -821 847 296 -105 -924 -41 -858 691 181 -714 959 206 594 128 34 398 26 -145 -708 997 -694 1 -847 -231 947 -409 186 903 -386 495 423 966 946 138 -868 -458 -506 368 -799 -561 -614 1000 367 -646 395 263 353 727 -483 -59 -537 192 544 -899 605 154 -271 66 -447 739 159 -781 -379 -335 938 -622 -459 954 140 894 -791 834 953 333 -519 87 403 
928 643 -159 854 470 167 725 -811 -236 -198 -930 530 -544 -586 -109 -694 552 238 -675 542 887 -694 -827 -542 -177 872 -494 1 287 516 -649 51 -559 398 -200 61 -954 337 124 196 816 -653 964 -831 461 139 770 664 -67 512 915 -41 -607 941 887 -678 437 -118 -791 -695 617 804 781 -518 -559 372 173 680 921 -237 -594 -843 -787 204 475 209 -364 -660 -99 698 234 842 482 3 -906 581 -740 -688 -429 -16 839 804 147 -790 85 -527 -115 -464 993 338 
-635 -514 254 177 -89 226 630 361 89 969 449 -669 623 616 732 835 34 -739 -207 -65 -774 -581 858 293 106 -734 237 -744 -510 -966 202 433 -224 244 -814 28 -706 11 245 -728 -885 -172 -44 538 991 -629 154 -784 493 -654 408 337 -754 894 -264 412 855 -894 -55 -994 506 455 -263 26 260 -98 236 904 138 158 678 -326 641 349 586 -688 -796 578 -273 386 951 488 -607 745 655 774 75 269 -33 272 -783 942 81 -179 503 -148 -539 804 -553 644 
547 -172 27 639 866 -349 -213 -690 376 692 67 -951 929 -813 -251 -593 -374 -801 -344 342 -910 259 -569 301 764 365 648 -205 349 136 -140 66 -503 -930 -731 -873 527 -747 51 493 427 939 778 684 24 135 341 -157 -77 506 311 -965 -285 193 -897 435 -187 -489 863 997 -161 -276 -553 -117 639 -631 -50 993 124 -270 -468 -219 -697 167 -171 212 -141 682 706 206 -409 -628 470 -850 289 841 -423 -963 388 151 380 64 -563 -171 169 -639 328 -752 783 -555 
741 957 -868 -255 224 -915 275 -790 391 -24 565 556 -712 -224 442 827 -703 986 -241 -466 728 600 -469 126 -631 65 -523 -822 -130 -156 -652 -380 69 815 -340 51 -327 -280 -579 -755 -627 -977 -725 869 269 830 -242 -159 -446 -286 445 302 906 552 153 411 -137 -652 150 331 -881 360 9 -746 119 665 574 645 574 972 -573 -225 -169 -104 -86 -735 759 653 757 743 246 302 -256 -955 -476 -785 -426 5 -921 -696 -235 854 -107 -20 -708 -775 -249 930 -338 733 
549 -343 -107 193 535 171 -762 208 -581 570 536 859 -761 -891 224 103 716 514 672 286 -273 557 -41 -657 188 -78 229 81 76 335 61 -437 -990 638 177 686 -441 -102 -909 344 392 -224 -126 927 -757 -901 843 -290 -624 -90 609 -33 283 284 769 -552 -32 -527 408 -618 -537 -651 -315 -510 -10 761 815 679 -651 -741 713 -28 0 -659 -529 -582 -733 -134 -13 838 -908 -282 -403 46 -776 -405 -320 -222 54 -437 398 -496 -507 -875 899 802 178 994 896 -966 
502 217 671 -636 -210 -96 184 654 802 709 280 -697 284 -997 -148 -893 -669 89 -725 791 -647 477 -348 -789 66 -261 711 943 -430 -673 -826 -576 -168 -275 821 143 183 -687 68 617 -702 -190 -170 463 -807 258 350 684 95 -458 890 812 213 767 -20 -979 114 363 -706 -340 -487 -925 -157 834 543 348 326 -855 -223 -4 -473 -361 -885 -777 -943 -829 -765 -642 -84 -248 626 57 -931 456 345 711 -478 510 -219 -165 738 -293 660 -948 623 955 -972 -511 117 345 
-794 10 -64 168 657 -617 355 -630 33 257 880 189 -145 838 -271 935 -606 703 -184 667 584 -325 164 -916 311 -619 296 -114 -965 826 -469 -846 539 -989 -914 -276 -921 573 688 848 -406 -929 -100 -760 -216 386 -245 449 469 -452 780 -421 -79 -663 30 581 -445 429 651 429 -553 77 -336 -489 600 -581 -153 -994 -743 899 803 933 -767 734 572 778 639 -583 -690 -860 -955 299 -774 972 -608 -151 42 -944 -795 905 576 -161 -213 -672 -132 973 -780 401 -83 -466 
-591 -828 -190 479 -63 536 -431 59 -430 4 104 -639 213 -62 -678 -620 908 472 536 -204 554 -844 -825 315 -309 324 85 44 177 472 448 -156 620 998 896 -689 -477 -993 582 -804 787 649 448 -720 -639 631 817 689 359 -181 -500 726 -872 465 328 -690 992 426 -364 -727 -118 -320 871 698 240 660 229 -741 373 -341 422 958 991 -949 91 -525 917 392 760 961 741 -749 230 311 -372 -722 -572 973 826 -427 -896 642 1 -816 690 91 -662 945 -918 603 
139 709 -571 914 748 -768 -578 385 -6 -735 113 382 124 586 -75 962 -457 470 -696 -134 48 -659 455 943 884 573 -578 -816 1 850 -548 995 -105 77 -716 165 373 943 -430 277 70 283 549 -428 126 128 745 920 373 -938 250 879 507 -106 -72 -15 -61 96 789 511 -799 93 25 -649 316 587 602 -306 866 -683 -658 114 772 -625 599 -543 719 -96 -468 -745 673 -579 824 650 -60 -232 105 415 -839 -695 -605 -32 -940 -541 823 816 518 224 -853 -144 
-319 529 -306 60 -255 -82 985 -41 -980 -301 655 670 221 -807 -177 -145 -234 400 -816 493 240 -534 -90 203 -809 -296 404 -691 242 896 874 -250 707 -436 914 519 213 -742 9 165 -34 927 99 779 195 -340 857 266 -572 -641 -214 390 37 -299 -755 667 -331 -58 -73 612 100 -154 -399 -522 71 666 -259 -844 -373 -469 186 834 671 690 -172 -908 618 -989 -302 836 776 530 -443 565 -995 552 -846 292 -463 375 -499 337 -61 -336 606 -39 391 495 461 -565 
581 -614 -54 981 14 672 676 609 -224 -379 -54 -78 91 637 -483 -840 -583 661 739 952 342 -406 -876 -4 95 -62 697 -167 -421 936 407 -972 -165 -420 825 578 -487 -929 72 -355 -8 353 125 521 143 -698 -344 -402 -193 921 92 242 -22 758 -865 371 901 818 -286 783 -99 -729 194 -593 173 -189 -172 52 -905 137 756 748 -817 -713 590 422 947 544 -636 549 -708 391 889 -705 335 232 653 275 406 -621 405 -323 317 -263 -524 97 331 -714 517 708 
516 153 86 253 647 271 539 95 505 663 111 950 -480 427 310 -504 -743 495 429 813 -993 -176 451 153 704 920 -414 -465 -921 -546 456 -870 156 -4 669 388 621 577 435 -444 721 -832 719 -29 412 -342 219 40 -846 860 -139 -964 -354 791 -1 583 -755 566 180 242 871 -561 95 -535 -308 -875 202 -675 630 380 -36 -115 626 -126 392 -488 -873 -958 51 -66 887 378 406 -212 -246 703 960 76 -884 22 -918 -939 -690 390 341 -114 -401 -432 -371 -438 
-252 -249 638 -739 608 851 824 14 -162 -122 850 8 -412 -492 448 -714 506 420 -965 -121 294 820 -128 -214 -590 176 -200 -676 505 184 864 -580 -329 -575 295 532 147 968 -565 -906 469 514 -489 -243 245 565 996 -155 196 575 89 -447 -738 737 -663 -353 625 976 295 28 876 -353 926 998 297 838 468 -499 -367 79 254 -699 368 -367 409 461 916 -778 32 410 -370 -934 777 88 902 -655 -935 385 350 284 -730 -986 828 341 992 -523 -648 747 768 662 
478 646 695 -494 -815 563 -389 -484 647 -266 966 -859 -839 453 488 -905 -77 453 831 28 379 594 -136 -688 -225 303 -903 397 -257 774 305 -904 513 231 529 -319 -783 655 -337 247 662 686 973 240 -939 305 475 957 702 -742 29 80 359 -749 534 -404 983 -304 -413 845 319 570 -634 645 -108 -812 -432 202 748 376 -804 255 716 632 -239 -634 507 241 -925 792 -490 371 49 957 553 312 -618 -929 900 209 729 575 -661 160 -679 -372 793 -825 -800 -499 
-240 716 -708 -147 780 474 -125 687 853 856 -676 -558 206 730 867 -225 -582 182 -777 -665 341 -263 802 -648 -820 396 -188 -503 -950 -679 720 29 -989 -694 654 963 52 773 -159 -88 333 -394 -213 -586 -293 -411 522 250 -328 -420 -621 -178 910 532 232 908 -919 762 -310 491 -675 -79 231 31 240 -86 -496 -140 -772 -418 464 148 243 931 -641 685 58 509 848 605 -260 980 614 -200 -366 762 661 -110 -497 287 742 320 -818 -342 -637 -934 306 -293 -728 24 
-667 -36 456 -480 -787 754 -430 278 620 -105 268 -361 -790 -658 108 -869 -480 910 -745 663 344 -264 -597 40 138 739 379 -343 -765 -279 -261 18 917 -311 -402 837 515 445 144 199 -761 76 710 635 -706 -442 70 369 837 414 -608 -856 666 303 -326 -71 -1000 -201 -581 -510 -137 -471 424 526 388 84 440 -477 277 -108 1000 476 -800 -376 21 -170 877 -787 689 -461 -767 792 -316 -385 374 580 -186 -596 -453 -91 949 -618 7 746 -316 452 857 -613 -64 -328 
-581 -626 -970 733 -743 374 785 -959 -618 -406 -260 750 325 528 -997 791 -570 -319 -526 -257 749 -73 -638 839 811 -817 -923 -348 786 -458 -14 -791 -912 452 -175 368 54 962 -624 319 897 -758 182 -997 -258 -285 -705 -558 -833 -383 -849 -953 -327 240 95 -319 552 239 -718 221 -831 442 -38 526 242 371 372 1000 958 -558 367 -517 577 935 -594 -43 -964 -991 164 -454 602 196 350 639 -915 147 609 -70 887 872 -714 878 -210 877 457 -748 15 -936 -403 115 
87 -394 872 -599 -380 237 633 -790 761 -327 492 946 -786 150 832 -541 301 -661 276 -757 -436 -511 877 109 734 -414 96 -182 405 -538 -462 -515 556 669 843 778 -593 18 -509 487 -296 -872 -577 -944 -343 877 825 -67 -365 485 -161 267 -573 290 228 -221 927 175 -200 -455 649 710 746 674 -180 651 111 -143 598 961 548 -191 -395 82 358 488 558 -440 -919 -882 830 -222 384 603 385 -685 -658 150 824 -441 966 -876 -659 -551 718 -462 -74 943 34 85 
326 -209 148 -84 687 152 -869 525 -636 -291 -311 -401 450 -502 989 -41 766 724 981 977 1 -832 814 884 7 77 -922 115 334 -2 665 -908 -31 627 498 -760 -229 -244 863 -810 604 521 -52 -97 523 960 -873 -279 -64 37 -841 -793 -762 -715 514 -933 -693 -610 -860 873 109 203 -305 -212 -819 -771 627 -776 270 605 543 -214 -663 672 -149 703 878 491 -498 -124 -343 -795 -819 -895 404 630 -127 870 509 -618 -934 148 582 164 690 546 -501 -500 -601 -918 
220 31 -507 -804 -159 -916 -806 423 -5 -359 163 -528 175 -628 -171 937 -431 16 31 26 985 94 60 174 538 -193 162 28 815 -97 -391 -646 -960 992 -682 697 265 -704 929 311 688 760 271 592 871 -19 853 913 -46 738 363 -364 941 473 -828 -158 268 -987 18 -116 -110 -612 952 -168 255 115 -143 452 201 -765 -863 158 542 943 852 -183 -790 228 103 -148 -209 -119 88 114 -240 924 908 -329 242 775 306 963 539 -107 796 -777 204 -317 -33 -112 
-225 -543 596 939 -734 455 939 -937 -307 -895 -942 185 -227 601 -586 562 -92 1000 824 963 -980 145 752 534 590 -801 830 -405 -978 -927 -549 99 422 282 -202 310 137 -800 -802 -167 -289 -188 192 -966 -870 -851 -370 643 -504 258 318 641 916 -18 678 586 -661 429 308 537 -532 -233 536 -328 596 -757 524 291 -601 -841 -191 -988 260 121 -127 -969 -278 648 538 710 -986 543 -930 -148 -899 -496 -76 -641 -792 237 -179 747 593 -253 -107 85 -229 706 751 310 
113 -708 -325 -154 -51 63 615 -189 682 549 -175 -418 806 -316 -820 -452 -262 384 169 -150 -108 -380 830 690 714 676 -404 -486 -370 -999 -290 -66 -242 -847 -223 273 -939 408 219 -785 -670 1 -37 362 635 888 -33 -795 771 -847 -296 5 549 887 667 797 119 -56 84 -880 -901 145 -504 637 -204 249 783 544 124 -407 -262 35 594 756 979 -45 -31 920 977 692 -70 -793 591 733 505 -4 -6 -139 -408 143 -630 982 -188 -838 -236 -906 -764 -443 80 114 
-659 -475 645 -117 188 -700 548 -757 772 533 -92 -395 651 95 536 737 -575 989 -68 -854 622 602 939 631 -204 -560 275 984 -779 -701 192 -585 653 51 255 -724 225 722 -128 682 999 317 -796 -870 -99 980 544 192 303 433 -778 -511 -453 792 998 502 633 795 -428 68 855 -654 -569 492 833 743 432 269 633 317 822 844 57 689 781 108 935 643 -435 -294 -975 -425 -357 776 681 -637 -409 -649 728 -772 -649 -114 -952 483 -289 -811 235 -904 461 -675 
-736 -194 100 127 -819 564 445 590 888 -644 323 -863 -567 23 344 -313 -829 -843 981 -469 -554 540 -997 -582 -926 -137 -57 -885 -395 -876 -592 -715 419 362 391 -260 91 406 -588 -285 652 -834 -402 -638 695 642 -511 493 -318 613 -803 811 795 -797 162 -815 703 449 -548 -586 -512 -335 -131 -357 741 -541 649 284 362 -16 -657 730 -598 -698 519 -544 969 -119 -615 150 -62 265 -836 -684 -868 -340 -52 631 799 402 -283 -333 -775 63 385 870 -137 -365 299 -235 
-479 442 234 193 94 -320 189 825 701 -526 -384 464 122 567 -102 -898 23 -523 140 482 854 -980 62 283 -593 -498 -481 764 -864 723 -604 276 406 -707 102 -781 843 253 480 639 299 759 -169 -457 49 409 548 -731 -925 156 -402 77 -2 -948 903 532 37 -432 138 -965 777 318 -66 -249 -533 508 -628 -459 793 528 -534 -312 -724 934 -74 -507 -322 596 -211 609 929 383 -886 -915 85 -916 -125 -102 -807 340 486 7 203 970 435 -760 -476 36 146 124 
-509 361 240 -277 206 952 -94 656 750 221 -155 -564 -442 664 361 1000 685 936 -76 896 261 -351 962 824 651 987 -461 770 832 610 371 591 -207 915 184 646 631 -806 -691 -145 959 -880 577 425 -447 -480 649 678 700 195 370 -470 -207 -426 227 -11 347 -353 984 -565 234 276 441 -25 136 -695 33 70 115 -88 31 86 122 611 -165 352 359 -284 997 865 49 -622 -244 -14 585 -610 468 -311 -217 372 -943 662 87 284 -422 215 -973 468 532 -656 
549 -239 -855 -310 -961 383 830 79 -393 648 -640 677 -942 950 879 183 35 798 -473 -311 -174 177 324 91 -275 -414 -860 -231 402 944 -200 -323 542 209 545 -611 481 -332 852 899 221 552 799 244 -16 -463 479 681 -855 -217 811 362 -370 -943 -575 679 437 531 340 -947 863 614 191 -855 -923 971 -677 329 -334 9 -667 -901 359 -665 -486 -475 912 -500 -475 677 -559 504 193 -690 -420 -757 388 -591 -630 579 422 -955 -318 -812 910 -240 -976 145 -169 874 
-383 -398 -851 -214 -187 933 900 492 -859 623 302 -187 470 426 473 626 575 -35 -833 -953 -545 -664 969 431 -222 -13 865 629 513 377 208 321 60 -560 59 -945 -656 20 886 -483 -629 -354 -902 211 410 -869 -170 -167 -792 47 -329 171 679 -826 137 296 -483 59 -647 464 -358 485 260 -509 -959 -623 638 -174 513 -466 434 0 884 410 -483 -601 317 641 -879 -637 -248 -835 620 -660 456 -609 452 -308 215 -665 -109 -637 270 897 -832 -412 -47 -409 -48 -448 
968 -41 492 -12 -299 -298 -790 -657 844 992 -785 -603 2 -344 842 61 -112 454 -943 110 -700 667 -168 815 -665 298 -583 -196 -811 489 55 -270 -795 -930 -389 -959 -580 899 307 -277 733 163 34 109 615 391 -94 472 -170 16 -287 -966 -165 -443 33 -829 196 278 -638 -856 -199 338 795 677 -307 428 578 -1000 -768 850 -165 -706 702 -814 -86 -97 452 911 243 740 -640 744 -279 -282 147 -39 733 -700 324 -785 34 -158 -319 969 -469 614 658 137 694 929 
565 143 283 -716 -4 -111 -691 -604 -603 572 -520 -310 300 84 765 -264 432 -251 -237 -686 -569 -902 663 -335 91 -488 256 -659 849 -500 -149 393 202 439 -844 216 762 -682 -535 686 -541 -92 553 -438 112 251 841 196 657 157 482 409 -606 316 584 999 408 697 -707 -266 -659 -717 -368 729 -994 136 -754 34 -732 -546 -980 558 -749 -229 206 109 -590 485 380 701 706 -582 278 773 -635 -867 -430 -376 748 990 149 -741 469 802 -566 166 572 398 987 522 
66 897 26 -312 -201 338 536 -125 676 -191 962 -213 -923 243 474 741 -754 -568 739 497 166 178 577 -198 60 -252 371 501 -544 -969 -58 287 -532 -783 103 -337 804 531 218 -483 -563 -421 550 -222 -174 827 655 177 -133 906 -122 -748 -434 -252 307 -971 295 -899 -610 -927 781 -552 414 -580 495 -735 -392 750 -130 -229 453 332 316 -280 726 139 640 -98 27 939 -346 459 -183 -198 -898 440 -621 491 692 -99 301 -989 -806 496 1 -678 984 725 -158 768 
711 -786 -475 407 180 -837 -701 -922 -808 899 347 887 794 689 10 507 911 -97 447 572 77 -718 549 -502 -286 725 774 -370 -287 -241 -246 933 939 323 -72 47 404 -525 612 302 -91 335 799 -384 -571 601 306 -707 -505 40 129 -508 -230 -626 77 -937 -204 -442 -429 -2 -47 -466 -794 -912 -513 -274 743 -74 889 564 -449 715 -467 830 -278 -940 460 -148 22 890 -654 963 54 -19 -900 79 926 63 970 266 -981 -206 -481 799 -701 230 -925 -196 149 -535 
-850 -150 163 -859 808 404 938 -716 -152 26 -253 -62 311 -798 -668 -670 438 383 673 -880 -25 -398 742 -909 218 483 -863 418 -767 338 659 575 608 595 986 -178 -510 61 -423 -135 590 -673 919 559 -288 -170 896 944 -495 -272 -592 905 -2 -99 574 -174 446 -910 -248 -210 -300 -717 358 -646 -335 -73 3 852 -528 60 507 250 875 777 -605 -628 857 -933 -926 -481 -1 -697 -563 -253 868 -644 357 -77 932 -892 -26 -310 -49 534 -454 258 -117 841 -553 710 
-662 75 447 -412 -131 -981 934 946 -53 765 -885 -260 -512 690 225 -230 -298 -291 -763 -379 -983 -263 -924 -693 350 599 991 -205 249 200 179 -340 142 -882 -544 -170 335 -756 444 92 -120 197 -816 63 -543 -86 -330 -102 405 -39 6 148 -621 755 625 -275 655 -369 260 -57 -416 707 -46 -871 914 -207 815 -385 405 -618 -630 -238 -196 990 746 -730 -227 -571 -470 -512 -929 -800 -253 715 -394 836 -368 -79 976 -43 -478 -912 889 -358 -681 -928 -531 -802 -279 -288 
683 -194 -117 -834 53 -972 243 791 -282 -921 197 320 -528 3 -476 632 -769 -579 449 635 -775 -517 -842 871 -376 980 761 401 -563 416 95 963 884 -213 -947 -952 94 619 987 684 709 -475 212 -416 242 585 0 417 919 -961 388 263 444 28 438 868 412 794 667 107 531 -425 -178 -561 125 333 -706 155 918 690 865 462 -862 38 985 932 760 -328 328 38 -249 789 158 660 272 963 798 -896 358 636 -860 475 112 -345 -67 10 248 931 -358 119 
736 -804 555 371 925 147 -579 -67 -63 599 905 -752 -104 684 -945 -638 -459 -844 -577 -974 -283 848 799 175 -459 11 -411 453 816 829 -483 165 771 586 -722 829 66 -94 -699 244 -697 -354 -491 519 47 -768 -20 -172 808 -751 281 -307 179 252 344 500 721 989 879 644 -374 178 815 852 146 545 485 552 776 195 -644 253 -61 971 236 -199 -8 -874 240 21 -607 546 -627 478 192 -182 942 276 163 -949 -875 580 383 -485 -804 -64 526 744 458 -86 
416 760 489 277 -860 -849 492 -250 176 -885 -155 -798 -818 -246 257 756 357 186 808 578 147 -673 -952 -69 -270 99 -527 -104 -632 -561 549 38 -31 -446 -233 217 989 -220 -393 -278 480 876 779 751 421 727 206 -380 637 447 84 537 859 -154 650 779 -629 274 -430 610 914 -472 -966 -711 -203 841 -404 -544 785 858 -218 417 432 -917 -868 -666 -970 266 -123 970 813 3 -799 789 86 -889 856 244 -584 390 -576 -87 -456 -439 -946 -371 -221 239 -270 -566 
-360 -143 -528 751 -299 265 700 397 275 -399 973 106 793 -104 901 -765 551 762 830 -969 943 202 -481 81 -806 -431 398 -767 997 548 794 753 604 69 -446 963 -266 530 601 -361 -774 -661 -933 976 899 -873 -66 -143 888 -354 -425 -724 -197 524 -309 899 -956 62 -261 136 596 818 409 -248 443 -878 -942 944 -316 -440 -742 962 -11 522 174 -566 553 514 -799 -318 -777 -470 24 718 -3 94 146 -454 584 -309 -552 -430 9 -467 875 -180 -491 -293 -195 -190 
-965 -256 -126 -875 -696 58 786 535 -206 617 -673 -444 384 -271 -653 501 96 913 601 -670 54 -747 -395 924 300 -489 -785 745 699 -535 560 -452 253 429 -256 84 -791 -335 -860 408 -990 -620 -384 114 607 -339 765 -474 299 -134 -451 -706 -579 724 418 -417 -275 202 -863 -779 145 -145 -282 -663 469 -630 -798 233 -899 162 -950 -958 539 -516 -943 -213 306 954 -946 -612 193 878 -722 -218 -44 -711 -625 -319 129 416 791 -586 286 -51 60 -72 -238 -87 962 -488 
-304 998 -73 408 473 -732 597 -56 -124 -612 107 -240 669 133 815 -553 -431 376 129 -165 -172 527 394 -991 237 568 148 -894 950 -499 -584 -436 -403 98 850 197 64 -265 744 -23 -2 173 298 -846 588 12 245 -992 861 -259 -191 310 841 -502 -476 -42 -663 845 741 -35 756 -58 -647 -274 307 -410 509 -454 -904 747 -57 148 718 -81 103 -307 247 400 749 -795 -490 -380 765 -377 1000 314 117 -715 185 -340 -782 -907 -616 5 256 -77 -592 -787 135 -830 
-717 236 266 467 113 -24 -767 320 703 -434 -251 -205 -698 -40 737 416 -857 112 789 -760 108 -416 106 11 -334 -215 146 295 127 773 544 -993 182 586 705 -303 924 -288 328 782 -981 -181 -136 -983 -41 -46 -216 640 63 155 -877 347 982 -28 331 979 254 551 -735 -556 -881 -338 -221 -248 -792 409 -816 -54 782 -423 -253 726 785 -235 236 437 -598 218 56 720 815 703 582 740 113 -316 726 -934 333 -867 -961 376 935 845 684 -611 -798 -27 459 -147 
-12 -155 -215 40 -672 -477 -822 172 -852 83 -610 522 500 -920 348 -797 666 72 954 624 50 609 946 -389 -701 699 -72 286 -23 -175 -106 529 395 -277 637 -478 269 518 -546 -593 714 -817 757 -85 150 102 -703 471 -460 -999 687 844 -160 693 -752 -900 -99 535 -772 -346 -102 461 -685 -612 -252 -153 819 927 -965 615 501 -519 -183 -348 -627 -161 -901 951 549 906 411 -755 -777 -492 -754 794 -923 -964 916 701 -189 -416 204 906 -584 -651 -493 423 -864 142 
-355 -165 891 101 -65 109 -468 -28 -384 445 -883 -757 -31 395 -507 34 -359 446 999 -986 -857 345 -156 389 -435 392 -831 -520 -678 -481 753 -719 392 844 -755 -56 920 118 513 20 760 266 274 670 -8 521 802 877 -138 -594 -69 -988 -766 730 641 -170 -497 584 -330 359 263 601 -484 575 543 465 -688 -287 305 -599 -302 -47 329 864 -151 -195 205 788 737 -431 849 979 781 -280 401 -494 -673 -361 -489 391 -519 899 -948 403 -148 -617 -786 416 668 -620 
399 -176 -208 -307 -877 -384 -730 -657 708 -936 532 347 -366 984 -290 -124 -261 -839 71 725 269 602 304 -580 -473 -743 419 246 6 614 92 -483 -435 -875 860 574 150 -491 -516 -882 612 -873 -935 -30 -838 965 -69 867 619 851 -53 -139 -319 750 933 12 -762 -888 264 955 -990 -421 199 64 2 1 -559 492 972 -121 -537 -171 402 -715 101 -638 125 300 -504 289 883 460 802 -181 -347 827 -837 158 -719 -760 215 -826 -775 18 146 -510 553 952 -366 875 
55 -153 -186 -611 168 18 771 876 702 831 455 247 -146 827 724 475 -312 -367 450 -353 481 181 986 119 -781 -312 -871 -829 -998 589 -234 -450 755 32 -96 777 679 749 -356 837 -873 615 898 -499 833 -974 114 771 24 21 861 -935 -669 964 -450 112 533 847 -142 -582 630 -234 -932 -943 -806 705 766 -268 269 923 63 564 950 -455 -240 -206 -425 15 872 846 -165 -116 443 -918 -725 314 412 940 -924 477 500 89 740 -212 -517 -283 -733 80 364 787 
-506 -739 694 -803 608 165 -839 -231 284 -231 -772 -181 -389 -495 -823 -718 -424 469 -609 905 -140 -78 970 497 -631 116 -595 -143 -325 821 -665 -181 137 -609 -436 -7 -958 -851 -541 957 -588 521 -422 -98 760 -663 369 713 439 995 954 -487 -998 -863 265 -159 498 874 -925 26 505 -868 -488 -883 -518 -728 190 495 601 -596 992 -485 -267 195 693 264 351 592 -350 -249 -102 4 -38 650 521 666 -806 114 -140 -872 -674 653 190 288 98 -845 -964 482 916 -511 
-124 260 -819 459 -340 -780 891 -817 575 -508 727 203 -16 812 -675 337 -822 -305 75 -751 -561 231 808 -505 -728 -558 20 -26 -847 681 -160 -287 652 181 317 235 -311 -838 -496 827 -746 -302 -793 -671 -99 667 -454 -601 -9 -29 -533 -547 -967 552 -972 -924 -969 646 -774 -589 814 -525 893 895 -408 -965 -543 964 -78 -575 928 -612 654 -327 -821 -37 -241 -316 263 841 -348 -920 -371 -641 997 -282 -705 -221 953 -259 675 153 -995 194 -999 -459 12 957 -290 351 
463 -606 258 -333 867 319 -412 564 -462 -272 -197 805 -363 -24 151 -375 -900 -917 911 -483 163 535 -768 784 -733 276 -950 551 -722 486 281 -867 877 805 108 680 -53 -908 850 213 880 539 650 947 -469 527 428 -48 -196 -399 85 -75 -810 278 -81 364 -585 -417 -598 -890 -767 -878 -162 803 -637 565 -185 159 72 -65 501 59 -514 -335 -817 -850 -10 1 -14 842 -973 754 337 981 -859 -939 -674 345 474 5 -176 281 -968 -744 -703 816 -757 -683 -406 -669 
701 -201 925 -459 -82 307 -639 -736 -777 -13 -575 -84 496 -439 -778 69 769 -227 -380 566 901 829 984 -391 -318 -820 550 368 -556 461 -537 867 -972 -328 846 -920 69 -735 -932 -760 653 61 143 702 -890 -969 -894 705 744 437 -160 -926 768 -278 -234 -88 -729 462 -141 520 9 150 597 -233 -981 -300 58 181 197 -457 885 381 935 -952 47 67 410 -235 -665 -720 -743 -567 -285 -421 250 -126 283 468 540 -988 -990 -243 -742 63 -352 589 342 -569 313 830 
-733 400 964 859 -395 -320 -101 -433 -289 -497 -367 -715 678 188 -468 -51 932 39 919 -916 770 843 -286 110 874 842 -179 -428 -123 265 309 -183 126 794 -748 837 -124 980 1 291 572 -272 -695 20 -266 -616 659 687 -797 -691 224 -953 199 -629 -104 484 17 564 -161 -177 -465 379 -243 889 647 906 -927 -341 -910 -550 -523 -849 -27 -752 109 -521 -838 243 -603 -208 -82 -749 968 -8 -809 252 -954 -117 -393 -485 -393 -560 -439 908 -969 438 700 -634 89 647 
-345 527 976 911 788 -814 -525 708 -358 129 -675 -672 461 521 350 511 988 -321 863 -459 -340 -28 920 -718 -895 729 584 962 -675 968 198 791 -467 700 512 -726 -632 -284 -907 274 -201 -478 247 -342 120 -947 -261 -761 648 923 237 438 34 -417 204 747 120 790 237 -348 -863 -897 554 -903 -274 9 667 614 -372 -992 -526 -569 163 -163 976 -149 -399 903 -769 925 836 76 -665 -804 540 829 -834 -861 482 150 237 145 902 -507 -641 -978 -165 846 871 -361 
337 -652 -784 -873 -471 -400 100 210 -244 461 -425 -267 688 830 -305 605 145 -773 232 943 81 897 -691 400 -294 -818 -895 747 -3 178 -649 377 -782 -764 774 -657 -755 -196 328 -75 923 826 641 -971 713 231 -508 409 -125 219 -559 365 -13 -390 531 454 -494 -19 -881 862 -793 -686 311 -855 -58 112 865 706 -805 17 284 -846 569 -487 -827 713 -891 -460 -846 568 -944 -703 -219 256 -62 -627 967 -562 502 249 654 640 -312 734 -300 1 -653 -278 447 -775 
742 359 937 878 197 786 282 -537 819 98 -364 188 840 -522 -535 -296 211 -386 -984 -421 -821 -503 907 -157 -877 798 -69 102 360 970 -764 468 497 -502 740 699 -65 -909 422 -735 -247 245 -634 -347 882 -768 -968 313 -351 -302 661 -841 -388 -991 -740 260 -426 -198 730 -491 433 556 927 -51 -746 408 696 444 -426 -677 56 610 -949 -964 -300 999 -933 851 -364 834 -56 369 -147 142 852 -860 -32 19 -529 -453 121 49 -545 -212 -168 -551 519 225 -537 -337 
-212 -590 436 -560 -395 764 -674 -671 573 15 -156 -922 -320 -964 873 -702 -867 -575 -80 781 380 -516 -750 536 -108 -43 -612 -316 -920 717 542 -393 -388 -716 528 831 761 529 16 814 605 -584 633 476 25 958 -620 -426 -823 926 922 -965 373 717 -289 788 100 -5 -334 -193 202 -161 -240 735 255 -267 667 -324 -702 887 121 -522 249 -868 -413 393 -296 -416 673 908 587 262 261 434 -263 -601 -441 429 745 -111 -589 152 836 878 510 -114 387 529 -482 -703 
-788 833 -324 -864 768 183 -27 -188 -301 523 259 -115 -549 -675 -150 -198 -221 -388 -451 634 846 883 512 649 876 -806 424 39 -464 -931 -317 180 926 33 79 876 -484 -143 325 -187 565 463 -968 -835 -448 -92 394 -564 77 -242 64 67 -258 -752 -749 524 265 -387 267 -446 -233 -506 148 -318 -162 694 720 -726 76 -807 -552 -689 977 -760 -269 722 131 203 -147 241 129 286 1000 414 -832 -884 -248 -116 -378 990 -321 632 -771 -794 -355 -916 763 448 -750 806 
-950 34 275 -422 728 -244 -372 162 688 914 736 -881 -979 2 958 -723 40 886 -9 466 -280 563 -964 863 394 438 -863 -281 -359 49 -837 -646 626 787 -463 -837 -148 -927 234 -178 -253 302 538 958 -314 887 966 -201 -740 988 723 -465 -766 -380 919 48 -312 -482 852 132 729 -426 756 163 -801 -787 -970 478 465 -767 -755 -413 582 -371 -900 708 -816 -533 -967 -623 558 -483 -105 -572 -241 237 -309 -317 -333 -271 -205 -784 -187 -570 810 -175 -115 -675 -960 950 
257 -156 217 -663 667 -582 111 -207 848 -164 -328 -886 13 -554 103 -3 -780 889 -806 -683 -636 -455 23 635 -537 144 -273 815 -199 -907 797 -641 -251 -756 691 785 -596 -464 -525 231 662 -978 282 -222 701 -371 773 -578 -242 -836 582 527 742 169 -656 -606 -948 667 840 -572 281 282 -940 -75 373 262 -103 605 -462 -131 779 83 -428 -308 -368 503 -431 846 0 -34 -784 -182 -301 -40 698 993 867 -857 -41 369 478 693 581 404 -942 600 580 632 -291 -549 
260 -730 984 -457 970 -200 325 993 -401 517 -223 295 228 -549 625 -229 574 -180 935 -431 802 819 374 -467 -739 -590 975 883 -3 821 450 -818 652 -861 -630 672 18 478 428 -88 874 82 266 -999 623 -234 -437 -498 -291 378 -624 -122 -246 35 -409 624 769 -952 36 -888 131 568 787 471 322 283 -420 -45 -950 -234 915 333 -740 209 -451 722 -624 388 -373 -712 892 514 -578 -955 -599 -747 244 119 -209 144 507 448 391 133 -675 479 -553 -745 -519 892 
-753 3 25 -551 728 -804 537 193 919 10 -351 559 -625 -358 481 -728 -953 611 -556 -820 849 -514 -460 -814 157 -214 897 639 -375 -148 984 373 474 -500 -201 -317 571 967 419 529 -145 -855 -330 701 525 198 -366 -953 -632 601 -58 -10 691 -983 322 65 -781 -984 -384 -507 469 -569 -200 -900 -419 -30 885 321 -248 955 338 522 923 -475 -406 -391 240 -818 -265 -794 731 -787 266 95 -14 55 108 475 659 510 -143 -834 -32 -266 662 931 319 291 -862 -19 
572 -76 8 509 -702 567 -174 -349 908 -668 -233 -35 266 -377 -322 463 475 -124 -992 26 339 869 503 -319 448 -586 373 -150 906 -525 682 -601 481 -310 -746 924 137 -601 921 -335 352 -657 -868 -400 495 7 -45 595 -625 -232 -714 -816 -493 767 -251 -734 -915 759 -998 715 -902 -533 -677 240 984 -816 -635 -523 -526 -599 224 825 177 514 21 -512 137 -679 -815 175 -466 -316 627 -335 -191 376 -446 996 -815 466 -148 -592 -195 918 871 -475 403 472 376 -697 
358 -332 -802 212 -74 -696 -723 759 -322 287 -584 32 -693 112 507 -711 -459 -918 470 -27 846 -755 403 -734 21 359 -234 754 -268 -919 -358 -366 895 521 96 28 847 830 981 -481 8 -695 229 -974 546 615 -544 -813 -984 614 -159 15 -163 -340 743 -496 712 503 -370 -351 766 457 -67 258 973 -150 -622 783 -243 840 -980 -865 108 191 886 535 319 -865 -410 -18 -359 -787 430 764 609 380 401 579 149 -840 702 534 721 278 404 -205 426 -803 323 -279 
-596 957 718 -198 461 735 -856 761 -441 511 928 -135 142 372 -415 -144 -756 743 760 740 -221 196 375 -294 833 -712 921 -773 319 878 165 -284 -948 426 280 37 -841 -281 189 -249 379 -640 -194 -961 -276 -216 14 -239 -936 211 560 -279 1000 986 957 656 -747 -265 933 612 115 675 -48 301 -902 -578 -411 709 -878 711 706 926 -994 -396 -644 -365 -130 323 826 46 761 210 -96 214 502 -273 -930 -873 -340 -474 450 -262 -79 942 -130 145 -602 -788 -693 -860 
-313 456 187 850 -79 -882 332 -638 -596 -240 243 214 306 983 -322 303 901 -831 959 -661 -664 -924 577 798 -482 913 -343 444 -350 526 -52 -129 -760 415 515 -758 296 37 51 58 414 -197 -664 230 470 756 697 -727 820 -477 148 -23 -547 457 -533 -531 345 905 584 -703 -299 384 -168 -490 -370 512 -644 642 573 584 -79 -823 -854 225 -306 -910 698 -414 137 -889 858 -228 -117 -936 -533 457 -438 399 -95 -275 984 406 728 196 -718 -664 -938 -245 698 734 
-784 -335 -990 133 -515 -530 177 453 244 69 -402 954 -869 992 248 -308 -121 934 -749 933 59 550 -850 753 -805 4 902 -638 647 -342 403 26 642 382 602 419 40 -925 -901 366 -234 217 -616 591 771 -851 -72 437 -778 345 -384 126 166 534 413 148 618 462 569 -154 375 715 46 246 -506 649 440 -146 666 17 -329 -80 139 421 -218 298 61 145 -377 920 787 -793 715 -87 614 628 -277 828 -431 713 823 -964 601 0 258 183 -389 -238 -931 103 
593 184 428 -430 821 -936 467 978 -920 -89 104 988 682 -139 810 -853 -665 465 180 -852 650 336 701 -78 810 -992 757 -12 387 429 -400 -481 -422 553 966 -418 -509 954 -352 -376 766 194 -310 -444 -907 115 -225 -4 -190 473 559 315 752 -629 -209 139 132 -345 -327 890 48 -923 30 313 -284 99 -271 -287 -632 -387 966 -6 -974 858 399 -722 630 -874 -769 -844 -260 21 -571 -172 -558 -949 -277 842 -976 648 433 698 231 -473 949 640 314 -332 301 121 
-511 878 -22 640 793 331 770 951 283 -347 -550 995 0 613 -326 177 -448 436 106 -952 -722 -291 -496 391 -18 337 -387 -767 863 -115 -444 -735 413 796 -520 -709 -814 88 373 334 77 -270 389 936 -531 270 -739 327 -871 -465 352 359 402 364 -205 109 -37 -584 -483 206 -550 419 726 663 699 -867 152 845 378 -749 -81 -532 823 357 757 774 861 -342 418 -473 555 35 964 836 126 642 714 -789 52 -779 466 -6 354 530 222 -149 -678 -283 829 -576 
278 -765 -187 -193 -132 -672 441 -273 -693 -627 493 -198 889 -469 -228 -649 982 -400 499 748 719 -322 587 -344 926 -734 -846 485 805 10 87 -667 368 405 -906 639 -650 479 565 -928 997 -950 359 -398 -651 148 894 -900 527 -817 -67 -925 -488 846 619 -920 -715 33 166 833 431 -603 51 -895 392 -259 -756 883 -59 -831 -701 172 550 -884 980 182 -229 524 -25 -827 -719 51 330 -482 -78 473 -97 -594 -23 109 -10 -929 -545 -316 540 -652 -522 -648 288 729 
159 561 -4 -935 -676 482 836 -275 -551 -655 454 674 776 80 77 509 83 701 -224 446 561 -964 -800 631 174 336 -975 -849 771 746 467 -636 -983 587 179 861 -22 964 -538 880 942 -364 953 -860 -111 513 -267 -2 834 13 159 -499 957 -548 860 -44 185 -699 -624 868 951 -342 20 601 -839 -339 621 6 69 -943 486 -607 114 -41 662 521 -32 856 621 -75 -525 -873 -397 518 -689 -765 379 -804 234 -72 -138 968 -437 99 -118 946 -751 206 142 -955 
-375 831 450 589 757 -416 461 -733 -136 -356 -330 -106 778 -1000 -653 185 943 -681 -508 276 371 374 793 -969 -337 936 627 569 87 -843 92 -369 7 -63 628 -688 -745 112 735 -509 -617 742 997 599 -923 794 631 393 880 491 -889 586 816 422 -744 529 -403 -932 -191 221 -142 -92 -421 341 -421 -664 182 -886 -476 -84 -968 -417 -53 411 -444 542 58 799 -632 -823 8 -574 457 717 29 -478 -929 -317 -646 825 364 -702 -85 296 -104 -239 -676 -810 884 568 
479 934 -414 271 -990 -539 -859 618 -601 834 153 -405 140 1 -177 -390 -886 -862 301 934 469 -957 913 -905 155 -287 -974 661 792 -531 270 336 -41 346 353 924 -345 80 426 90 -610 463 379 83 -453 255 -777 -601 -482 -412 -257 687 428 -130 -104 884 -743 335 681 207 -398 -501 348 197 734 -918 561 -952 381 -940 826 -411 -773 244 294 -658 570 -635 -578 -375 -728 -409 256 177 936 885 131 520 -455 -293 468 187 -548 404 -903 -419 -743 -451 576 901 
769 39 -715 471 706 996 -894 930 851 72 -165 293 -512 -681 -382 60 -675 -96 -42 264 -17 8 268 -330 -337 652 -642 357 -539 -439 -9 -699 661 585 99 -889 -580 -592 65 459 -913 -487 -481 -507 -153 942 766 -93 -270 -205 -613 -865 -756 933 -569 914 800 -602 821 -283 224 -479 726 357 -108 -753 426 -121 -446 -597 -641 -975 -902 141 -57 -313 566 12 278 869 607 24 -399 412 -984 913 329 -897 412 783 460 621 -554 42 419 -701 -865 -157 327 990 
-577 581 593 -839 246 -215 912 172 -993 7 764 291 -139 -602 550 850 -305 -854 319 227 469 -634 423 -258 790 -162 723 -27 -790 -840 -691 704 -62 -667 105 -105 -995 898 -527 -660 644 958 758 -125 258 486 -892 -826 -378 -456 -290 -159 796 938 91 762 346 683 970 -897 429 437 410 -95 -8 100 -848 311 -326 443 -602 -681 -712 -906 -244 921 -222 -724 645 -583 305 813 887 657 -804 -694 -67 -868 -153 285 63 902 697 -467 456 248 -324 -831 -198 967 
-743 169 966 -654 -36 139 -822 -589 113 465 399 -500 -839 555 -352 3 -866 385 -775 -102 -682 567 744 -803 998 -235 -927 -760 -228 436 376 -214 522 698 582 -788 -957 275 851 92 971 636 237 357 -179 -452 -660 -593 386 -708 -799 -855 12 695 -654 732 912 -275 696 280 781 -780 -846 -296 589 258 457 546 75 -932 999 -596 633 -342 -185 -619 454 38 -67 870 -121 846 -104 804 566 -192 -694 335 -645 318 555 180 911 -829 38 915 613 -272 382 1000 
705 973 398 777 -904 -641 -983 -50 941 628 -506 453 65 -726 -180 823 -435 191 -627 -265 -454 -343 379 710 265 925 893 -811 958 859 400 913 504 -543 293 520 -591 -874 414 -377 815 517 994 -999 636 -761 353 244 -974 752 -933 -594 631 16 -774 505 355 694 -371 849 61 -899 458 521 -676 33 -975 -170 -546 -549 -351 -483 665 408 -636 -488 -130 -383 606 517 443 723 -294 -976 -267 666 -643 705 -900 -364 -796 634 -766 -557 273 -313 941 -507 364 -160 
73 767 170 -926 -843 -483 -423 302 -91 608 -179 245 -869 -13 -100 455 -78 -100 -884 -265 944 -852 831 922 -167 543 712 187 -450 -784 -826 -800 887 579 -215 -864 -898 -985 -478 105 794 -299 446 899 -570 -341 -501 -638 966 -255 -785 -613 -886 784 -177 627 -105 988 -121 -417 741 -398 641 -934 -123 7 -483 99 925 -686 -780 263 68 -626 809 -611 -911 294 477 -797 547 -777 -454 -91 904 -998 -519 738 -808 356 -852 -777 49 -542 -198 314 -764 53 193 427 
-843 329 -626 -804 802 577 829 849 355 537 450 730 -333 652 228 587 -239 -792 385 2 -771 -349 31 568 -707 462 603 98 901 523 -493 -976 -675 180 885 395 100 103 -516 296 394 -759 37 764 -577 -893 634 365 -810 -458 415 372 -120 -231 890 -801 -711 261 -247 -313 -72 -672 -956 967 -204 369 324 448 -492 307 485 135 -581 -825 478 -849 -239 887 670 939 515 435 -674 995 558 -382 993 -611 918 -954 -889 937 15 436 633 -211 476 -776 716 -288 
488 -230 -228 251 837 187 144 600 55 752 -551 472 155 388 746 627 406 -504 -481 995 167 427 36 -303 -245 -378 26 136 43 -915 -887 204 -912 -731 876 -257 -274 -140 256 955 936 308 837 -140 540 -496 -486 -975 539 847 17 -351 -399 180 -394 -35 -166 -135 -45 551 207 -79 -36 -719 -17 -158 -168 -576 -357 853 -777 514 905 488 394 -917 219 -535 233 542 40 -77 592 -246 761 -292 -991 -342 -310 502 424 -112 629 -223 -461 727 480 139 -678 -60 
932 678 634 615 939 504 -292 -534 -463 246 -127 20 949 782 -327 -144 -541 238 731 -72 916 -320 528 561 53 -252 -920 119 204 11 40 -467 987 -847 266 395 -114 -7 559 -393 172 -602 -225 764 -445 -601 87 -299 952 667 221 819 -551 61 -115 -479 -37 0 703 -99 -872 -473 -748 662 102 -651 845 724 -481 -765 18 405 66 623 640 316 -324 720 -852 -351 754 -495 -995 -255 682 -912 581 460 -608 -993 -856 49 975 222 459 -502 226 -507 357 598 
-731 91 460 -729 -112 -903 0 340 -955 -765 657 274 80 -855 -322 -443 998 -332 946 949 -391 604 -707 -881 -238 36 -672 -616 -443 770 175 -559 381 945 -698 -652 954 792 -368 216 856 800 921 -853 205 -478 301 294 -640 438 -202 416 -366 -537 115 431 482 990 -335 311 -874 528 605 -120 -725 732 -638 649 774 -941 -398 -95 882 148 -467 504 -535 -725 464 -860 562 456 -579 409 53 200 22 685 -637 667 454 -940 558 -594 293 178 -709 476 -776 -561 
389 455 -194 407 -560 -234 706 -511 -904 -568 -110 888 954 -539 9 -537 -816 813 762 199 902 -887 -740 617 752 -795 -370 459 -633 660 -283 -950 -696 -300 749 -140 829 276 210 309 691 954 -613 595 437 146 156 735 -307 -668 -614 -605 785 -933 -99 8 890 -812 -288 -270 255 809 885 379 753 -17 953 541 -905 598 690 -210 -418 -593 551 -218 -168 -775 583 -253 507 282 -563 470 894 825 -318 512 977 205 627 -655 262 -10 -307 562 650 -551 -662 -842 
459 -451 -461 418 -91 78 749 703 -325 581 -768 588 -535 272 -3 -620 -308 707 -869 -246 910 -241 232 -826 -647 812 711 -584 594 -515 561 102 -609 9 -579 -907 111 -577 -334 -906 -907 -143 166 149 -509 -659 350 566 657 133 614 -471 -743 -317 -86 -614 -939 332 -306 -180 7 391 859 770 -970 -427 -387 -447 446 750 -157 -748 384 -828 384 997 785 184 -428 -746 665 376 -363 848 -427 887 325 -923 -425 -945 934 -980 552 -68 -552 -588 -476 -824 223 -437 
-569 864 -905 335 -709 733 817 -552 -558 -609 25 184 -4 -279 -439 47 -370 -618 -56 -58 -9 394 -953 910 136 -134 -102 197 -570 -663 219 -708 381 116 -175 -413 -24 -662 -471 802 311 84 583 887 -875 -146 -515 802 84 544 -892 551 242 -426 -574 496 -648 -912 119 277 -270 826 107 -433 80 609 -353 28 954 576 -84 857 901 94 178 -616 551 -187 -46 -172 393 -629 814 -446 -470 -897 960 379 -578 952 -756 -351 409 -358 -836 -35 618 46 -650 154 
35 323 -779 972 -485 -962 450 40 -566 790 -462 193 328 645 413 -876 368 -490 292 -334 80 -772 833 680 -880 -769 880 367 556 -24 -392 -575 116 843 -345 -206 180 235 -768 87 -746 -591 -1000 521 -10 -446 939 -456 447 646 169 -628 443 966 -102 -471 164 -392 -795 779 823 749 -334 31 -167 -308 -889 -454 -479 -497 -839 -843 878 353 -705 431 391 -166 103 614 -747 884 278 -413 -841 -803 435 740 -523 814 -758 -789 -635 -951 53 -469 628 -180 901 499 
-239 -238 -245 -355 -139 -366 -472 34 435 -991 -276 964 -134 -764 500 -624 -387 434 503 556 -772 155 -269 844 -456 861 -199 101 -924 -509 154 -83 395 249 628 565 -330 -789 856 -245 -953 -691 -100 -831 -2 -103 420 13 -468 940 733 -579 359 -314 -595 -920 509 216 -323 -589 352 -498 264 763 -820 910 -80 -713 694 -962 -626 -988 -431 399 302 -790 -506 -622 -796 -560 413 458 -772 -152 -305 458 577 -771 879 -654 -67 -718 48 983 -319 -582 -345 619 56 -87 
181 -656 68 448 -981 -857 744 -544 569 -191 -913 -523 668 -824 706 -11 799 -337 -212 -804 870 245 824 -593 260 368 -978 -684 443 -13 228 -42 378 -709 -862 966 590 -289 -274 -441 -330 -156 -599 -665 -179 820 472 -159 719 -788 799 -620 -712 -761 489 -121 -244 582 -616 -649 603 -991 -430 131 423 -78 681 724 604 -784 2 294 76 718 -225 625 -851 324 667 -158 -627 -314 -66 -54 299 -6 542 -456 386 -534 -467 -549 69 317 -28 104 -648 417 641 -679 
-938 443 758 -550 -954 -124 -216 -565 -2 791 -881 468 673 -184 913 141 -348 22 519 345 -272 636 -629 -674 589 -66 780 -585 401 -534 288 -506 -907 142 964 718 -177 858 409 350 986 332 -254 6 -400 806 -517 -127 715 435 -200 -593 86 907 607 -940 104 948 -573 -481 804 -298 740 -131 -868 294 213 17 121 -395 -306 -134 -823 12 -624 697 -749 -149 -10 231 -914 -978 516 668 -453 -330 -131 -673 -746 -100 142 -568 -363 -66 -114 188 757 889 -280 687 
-557 -55 -475 -775 -161 -732 -897 198 477 811 -576 -782 -736 690 938 -720 331 -4 386 -461 315 290 655 920 450 99 518 -87 -374 -875 683 515 -493 -27 -60 -103 -59 843 -557 -529 -974 879 624 880 -730 -849 290 -436 974 -140 -163 195 -655 144 -985 953 -752 -603 -519 -75 -123 571 147 -335 -219 336 138 -232 26 44 -111 93 242 249 535 929 -814 -168 640 -283 708 -782 130 808 -630 -243 -326 -187 837 -922 438 -584 129 -980 -554 -214 885 733 -925 41 
-930 -866 -255 419 714 -303 312 50 817 -618 -604 -700 28 -10 49 -517 136 67 953 -116 684 -682 569 -406 620 157 843 -955 926 -945 -205 806 660 -769 -477 -574 865 445 642 -401 -453 -650 180 44 570 -894 165 444 706 420 -445 275 44 5 936 -238 237 -178 -874 -990 -917 -354 3 648 -199 881 -390 706 -346 -46 -223 982 -618 -741 566 517 996 238 491 -923 902 357 96 -913 -403 -765 -565 790 910 454 34 -216 -996 -519 -358 -485 195 -353 -60 -621 
-271 773 -836 -438 -579 751 731 -556 -756 -262 193 -534 -131 291 106 -23 108 -209 886 -218 396 224 73 553 13 662 933 996 875 -676 -914 -452 -288 -184 93 -263 214 -793 914 718 61 62 -830 -609 61 923 410 -9 52 -21 -498 654 -985 457 578 -788 -642 374 26 921 -630 704 559 -646 716 -122 8 -7 810 -567 -752 98 -623 919 139 -902 -481 -988 918 132 402 -642 -738 166 -395 540 942 33 927 -627 209 885 -520 451 906 -286 410 951 945 625 
310 -121 -862 303 -689 -590 734 -668 690 761 -955 884 294 -50 287 -105 -769 746 827 -607 898 -976 -657 -838 -705 -579 682 907 624 309 -897 -985 -417 524 837 497 939 -720 -639 309 649 -460 -139 266 495 904 -474 176 915 -146 -140 875 -596 -479 746 513 451 54 -619 -754 588 619 -616 755 -504 -137 -992 570 417 727 297 -645 764 427 -498 926 332 40 -831 587 949 -851 345 438 -126 -517 98 -872 967 83 -930 451 627 -350 483 368 -327 -370 157 -859 
409 242 -897 722 742 234 -150 -87 81 -40 185 -583 -45 -565 -874 -42 443 -930 309 -22 -525 353 -32 792 720 -521 -140 295 -539 -392 -230 970 -441 518 688 605 -159 -59 -370 461 734 -686 -639 -607 152 -102 -403 224 -26 586 -111 635 573 38 121 730 94 786 986 323 111 56 -381 384 -17 -230 -672 -89 929 -681 415 67 -156 71 -216 699 -177 538 546 -605 747 54 -35 24 401 -837 531 651 721 -642 540 696 511 -921 -54 967 -664 -26 -307 935 
680 173 35 -934 -720 -276 488 -670 627 -19 500 -103 -369 17 579 633 -663 -833 744 -917 -714 -78 -404 -437 -394 663 754 -91 722 719 -815 -863 -542 988 192 161 -408 -245 920 798 713 -104 342 -602 161 116 -902 545 -624 -37 275 617 -726 671 -769 -671 -920 820 511 322 -731 425 -483 908 -749 896 -892 614 -482 86 -656 498 498 -995 857 -10 555 481 306 -133 -944 213 780 -259 -457 -446 380 -419 -247 -419 -770 -833 232 -391 131 924 -920 -402 -805 -883 
