218 4547 3219
7272 4936 5176
2272 7858 8931
2037 8956 2515
1087 3045 1551
6304 4826 6059
9886 6017 3207
1840 4337 413
9296 3975 7118
722 5709 1982
2735 5192 105
9028 7204 174
1143 168 2157
5699 8520 3308
9084 1067 807
944 4619 3574
9423 1538 6690
884 5592 5607
5449 39 5554
6849 9958 7828
297 92 263
539 875 1881
192 369 3912
534 25 3436
219 447 8683
311 383 6322
649 865 8105
927 424 355
816 277 4722
466 18 258
357 361 4918
879 305 3629
351 680 5982
967 925 1170
426 432 7220
846 517 534
999 209 5684
412 398 8382
5 709 3186
836 477 4574
17 61 3106
32 98 1674
30 58 9364
88 2 5038
34 31 3509
64 59 1279
79 10 8419
37 33 2175
38 66 1152
29 89 5840
68 91 6167
64 6 8227
11 23 532
6 21 171
54 35 7026
11 98 8317
94 8 4689
20 82 2685
93 58 3725
60 70 5597
