2
3 5 
6 5 
5 3 
7 3 
1
-2 -2 
-2 -1 
1
-2 -2 
-2 0 
1
-2 -2 
-2 1 
1
-2 -2 
-1 -2 
1
-2 -2 
-1 -1 
1
-2 -2 
-1 0 
1
-2 -2 
-1 1 
1
-2 -2 
0 -2 
1
-2 -2 
0 -1 
1
-2 -2 
0 0 
1
-2 -2 
0 1 
1
-2 -2 
1 -2 
1
-2 -2 
1 -1 
1
-2 -2 
1 0 
1
-2 -2 
1 1 
1
-2 -1 
-2 -2 
1
-2 -1 
-2 0 
1
-2 -1 
-2 1 
1
-2 -1 
-1 -2 
1
-2 -1 
-1 -1 
1
-2 -1 
-1 0 
1
-2 -1 
-1 1 
1
-2 -1 
0 -2 
1
-2 -1 
0 -1 
1
-2 -1 
0 0 
1
-2 -1 
0 1 
1
-2 -1 
1 -2 
1
-2 -1 
1 -1 
1
-2 -1 
1 0 
1
-2 -1 
1 1 
1
-2 0 
-2 -2 
1
-2 0 
-2 -1 
1
-2 0 
-2 1 
1
-2 0 
-1 -2 
1
-2 0 
-1 -1 
1
-2 0 
-1 0 
1
-2 0 
-1 1 
1
-2 0 
0 -2 
1
-2 0 
0 -1 
1
-2 0 
0 0 
1
-2 0 
0 1 
1
-2 0 
1 -2 
1
-2 0 
1 -1 
1
-2 0 
1 0 
1
-2 0 
1 1 
1
-2 1 
-2 -2 
1
-2 1 
-2 -1 
1
-2 1 
-2 0 
1
-2 1 
-1 -2 
1
-2 1 
-1 -1 
1
-2 1 
-1 0 
1
-2 1 
-1 1 
1
-2 1 
0 -2 
1
-2 1 
0 -1 
1
-2 1 
0 0 
1
-2 1 
0 1 
1
-2 1 
1 -2 
1
-2 1 
1 -1 
1
-2 1 
1 0 
1
-2 1 
1 1 
1
-1 -2 
-2 -2 
1
-1 -2 
-2 -1 
1
-1 -2 
-2 0 
1
-1 -2 
-2 1 
1
-1 -2 
-1 -1 
1
-1 -2 
-1 0 
1
-1 -2 
-1 1 
1
-1 -2 
0 -2 
1
-1 -2 
0 -1 
1
-1 -2 
0 0 
1
-1 -2 
0 1 
1
-1 -2 
1 -2 
1
-1 -2 
1 -1 
1
-1 -2 
1 0 
1
-1 -2 
1 1 
1
-1 -1 
-2 -2 
1
-1 -1 
-2 -1 
1
-1 -1 
-2 0 
1
-1 -1 
-2 1 
1
-1 -1 
-1 -2 
1
-1 -1 
-1 0 
1
-1 -1 
-1 1 
1
-1 -1 
0 -2 
1
-1 -1 
0 -1 
1
-1 -1 
0 0 
1
-1 -1 
0 1 
1
-1 -1 
1 -2 
1
-1 -1 
1 -1 
1
-1 -1 
1 0 
1
-1 -1 
1 1 
1
-1 0 
-2 -2 
1
-1 0 
-2 -1 
1
-1 0 
-2 0 
1
-1 0 
-2 1 
1
-1 0 
-1 -2 
1
-1 0 
-1 -1 
1
-1 0 
-1 1 
1
-1 0 
0 -2 
1
-1 0 
0 -1 
1
-1 0 
0 0 
1
-1 0 
0 1 
1
-1 0 
1 -2 
1
-1 0 
1 -1 
1
-1 0 
1 0 
1
-1 0 
1 1 
1
-1 1 
-2 -2 
1
-1 1 
-2 -1 
1
-1 1 
-2 0 
1
-1 1 
-2 1 
1
-1 1 
-1 -2 
1
-1 1 
-1 -1 
1
-1 1 
-1 0 
1
-1 1 
0 -2 
1
-1 1 
0 -1 
1
-1 1 
0 0 
1
-1 1 
0 1 
1
-1 1 
1 -2 
1
-1 1 
1 -1 
1
-1 1 
1 0 
1
-1 1 
1 1 
1
0 -2 
-2 -2 
1
0 -2 
-2 -1 
1
0 -2 
-2 0 
1
0 -2 
-2 1 
1
0 -2 
-1 -2 
1
0 -2 
-1 -1 
1
0 -2 
-1 0 
1
0 -2 
-1 1 
1
0 -2 
0 -1 
1
0 -2 
0 0 
1
0 -2 
0 1 
1
0 -2 
1 -2 
1
0 -2 
1 -1 
1
0 -2 
1 0 
1
0 -2 
1 1 
1
0 -1 
-2 -2 
1
0 -1 
-2 -1 
1
0 -1 
-2 0 
1
0 -1 
-2 1 
1
0 -1 
-1 -2 
1
0 -1 
-1 -1 
1
0 -1 
-1 0 
1
0 -1 
-1 1 
1
0 -1 
0 -2 
1
0 -1 
0 0 
1
0 -1 
0 1 
1
0 -1 
1 -2 
1
0 -1 
1 -1 
1
0 -1 
1 0 
1
0 -1 
1 1 
1
0 0 
-2 -2 
1
0 0 
-2 -1 
1
0 0 
-2 0 
1
0 0 
-2 1 
1
0 0 
-1 -2 
1
0 0 
-1 -1 
1
0 0 
-1 0 
1
0 0 
-1 1 
1
0 0 
0 -2 
1
0 0 
0 -1 
1
0 0 
0 1 
1
0 0 
1 -2 
1
0 0 
1 -1 
1
0 0 
1 0 
1
0 0 
1 1 
1
0 1 
-2 -2 
1
0 1 
-2 -1 
1
0 1 
-2 0 
1
0 1 
-2 1 
1
0 1 
-1 -2 
1
0 1 
-1 -1 
1
0 1 
-1 0 
1
0 1 
-1 1 
1
0 1 
0 -2 
1
0 1 
0 -1 
1
0 1 
0 0 
1
0 1 
1 -2 
1
0 1 
1 -1 
1
0 1 
1 0 
1
0 1 
1 1 
1
1 -2 
-2 -2 
1
1 -2 
-2 -1 
1
1 -2 
-2 0 
1
1 -2 
-2 1 
1
1 -2 
-1 -2 
1
1 -2 
-1 -1 
1
1 -2 
-1 0 
1
1 -2 
-1 1 
1
1 -2 
0 -2 
1
1 -2 
0 -1 
1
1 -2 
0 0 
1
1 -2 
0 1 
1
1 -2 
1 -1 
1
1 -2 
1 0 
1
1 -2 
1 1 
1
1 -1 
-2 -2 
1
1 -1 
-2 -1 
1
1 -1 
-2 0 
1
1 -1 
-2 1 
1
1 -1 
-1 -2 
1
1 -1 
-1 -1 
1
1 -1 
-1 0 
1
1 -1 
-1 1 
1
1 -1 
0 -2 
1
1 -1 
0 -1 
1
1 -1 
0 0 
1
1 -1 
0 1 
1
1 -1 
1 -2 
1
1 -1 
1 0 
1
1 -1 
1 1 
1
1 0 
-2 -2 
1
1 0 
-2 -1 
1
1 0 
-2 0 
1
1 0 
-2 1 
1
1 0 
-1 -2 
1
1 0 
-1 -1 
1
1 0 
-1 0 
1
1 0 
-1 1 
1
1 0 
0 -2 
1
1 0 
0 -1 
1
1 0 
0 0 
1
1 0 
0 1 
1
1 0 
1 -2 
1
1 0 
1 -1 
1
1 0 
1 1 
1
1 1 
-2 -2 
1
1 1 
-2 -1 
1
1 1 
-2 0 
1
1 1 
-2 1 
1
1 1 
-1 -2 
1
1 1 
-1 -1 
1
1 1 
-1 0 
1
1 1 
-1 1 
1
1 1 
0 -2 
1
1 1 
0 -1 
1
1 1 
0 0 
1
1 1 
0 1 
1
1 1 
1 -2 
1
1 1 
1 -1 
1
1 1 
1 0 
1
-2147483648 -2147483648 
2147483647 2147483647 
1
-2147483648 2147483647 
2147483647 -2147483648 
1
0 0 
2147483647 2147483647 
1
0 0 
-2147483648 -2147483648 
1
-2147483648 -2147483648 
0 0 
1
2147483647 2147483647 
0 0 
8
3 4 
3 5 
4 3 
4 6 
5 3 
5 6 
6 4 
6 5 
3 3 
3 6 
4 4 
4 5 
5 4 
5 5 
6 3 
6 6 
8
3 3 
3 6 
4 4 
4 5 
5 4 
5 5 
6 3 
6 6 
3 4 
3 5 
4 3 
4 6 
5 3 
5 6 
6 4 
6 5 
8
1 1 
2 2 
3 3 
4 4 
5 5 
6 6 
7 7 
8 8 
3 2 
3 4 
4 3 
4 5 
5 4 
5 6 
6 5 
6 7 
3
92 60 
46 5 
-82 58 
-96 46 
-69 -55 
-41 -67 
4
-15 -73 
29 66 
-16 27 
-15 44 
57 80 
47 -58 
10 1 
82 69 
4
-9 -60 
89 99 
-98 31 
37 -69 
-48 -51 
-10 -58 
13 93 
-45 -18 
2
-89 68 
-36 43 
97 -26 
-32 -92 
4
56 46 
3 -2 
43 88 
18 -31 
-32 -86 
-10 3 
-13 -67 
26 5 
3
59 7 
-59 -52 
30 -88 
-3 -36 
96 -54 
-30 5 
4
60 68 
-32 -80 
52 57 
-66 -8 
42 -61 
17 64 
-60 37 
-74 66 
4
56 -81 
-22 -53 
-4 -12 
-100 -6 
-24 -60 
-55 -71 
33 -45 
63 -77 
3
-2121819694 -2060883448 
-95793291 -1966734913 
-269661772 0 
0 0 
-890908556 0 
-1379670025 -656304342 
4
0 0 
-824169219 0 
-1384379342 0 
0 -1491728655 
0 0 
0 -405449290 
-1458012349 0 
-877070305 0 
2
0 0 
-1320979831 0 
-302293409 0 
0 -2003081108 
2
-1047771518 0 
-48910754 0 
0 0 
-1333904284 0 
2
0 0 
-1715213659 0 
-20367352 -1952353929 
-2059162917 0 
4
0 0 
-636121188 -777352855 
-1338491324 0 
-49782158 -92492107 
-1121469328 0 
-895232140 -1903042978 
0 -531100500 
0 -586998313 
4
-2071624754 -1949292677 
0 -619443178 
0 -263150084 
0 -1769495459 
0 0 
-554835378 -1875306195 
0 -1425181278 
0 -1340113946 
2
-1099029709 -870135765 
-1244226926 -2073160161 
0 0 
-1424480538 -842223235 
15
25 -21 
-14 6 
-11 -98 
30 -78 
-4 -70 
10 35 
-39 22 
98 19 
-55 -32 
95 20 
-30 6 
-26 -68 
52 -25 
17 40 
-17 -78 
45 23 
24 79 
43 -45 
-87 53 
51 90 
20 -98 
-11 25 
-40 -12 
-48 67 
-8 28 
-29 -86 
-82 -1 
86 -59 
-83 26 
16 -79 
14
37 65 
-62 -38 
16 21 
36 5 
-97 -71 
-61 -73 
70 37 
58 26 
-39 57 
94 -73 
-90 -68 
-43 -70 
-19 -13 
26 -88 
71 -73 
50 -84 
80 -84 
13 30 
-44 -63 
-100 24 
-93 -98 
26 -5 
81 34 
60 53 
-1 24 
94 -72 
93 51 
-49 -42 
13
-48 80 
-12 8 
-37 40 
50 88 
53 -49 
-19 23 
12 -18 
-59 95 
42 69 
50 -38 
52 -39 
-19 32 
53 92 
-58 23 
-81 -56 
33 -29 
-95 58 
97 0 
58 -99 
94 41 
42 -57 
16 -31 
-22 -34 
52 3 
-60 34 
-94 65 
13
87 -55 
-79 45 
91 -27 
47 81 
57 22 
-19 -54 
16 56 
-62 45 
93 -39 
-34 11 
-25 -4 
-32 92 
79 72 
55 82 
52 85 
88 -92 
-28 -70 
82 49 
-73 -7 
-78 90 
26 80 
84 48 
37 44 
-52 -74 
43 80 
-53 -96 
15
-48 -89 
-70 -42 
-81 -50 
-15 -58 
18 -6 
-32 -16 
-81 35 
60 -10 
-20 68 
-92 73 
-64 -50 
99 -76 
-63 -97 
-39 67 
-55 85 
-83 -89 
87 84 
52 -48 
-94 56 
-81 13 
-50 -79 
-48 58 
-93 -17 
73 -27 
21 26 
87 -74 
-11 -34 
-37 -38 
7 -61 
-49 -14 
14
-86 -51 
-96 93 
78 -39 
36 -44 
89 -13 
44 2 
65 42 
92 12 
-3 -42 
99 36 
-100 14 
21 -41 
-15 -10 
85 97 
51 -52 
99 2 
-70 3 
34 -41 
-62 70 
-64 53 
1 15 
27 54 
-78 57 
63 -41 
7 -33 
49 97 
73 -47 
14 15 
14
93 44 
94 43 
-52 -77 
-50 61 
65 -54 
3 -78 
13 -88 
81 84 
-7 -49 
-5 32 
60 -34 
17 71 
-96 4 
78 42 
-38 72 
94 -99 
37 -32 
80 -13 
60 68 
-50 9 
-24 68 
-94 -41 
12 5 
33 18 
50 -33 
20 98 
59 -9 
11 7 
15
32 -34 
-91 87 
-21 85 
-89 -87 
74 -66 
-5 82 
-5 -6 
-56 -18 
83 -67 
11 -60 
-45 -8 
-49 24 
14 78 
-31 94 
-5 33 
66 3 
15 -18 
68 -71 
-36 -1 
80 -87 
-30 -67 
-27 14 
79 -65 
-69 -36 
66 -52 
-97 -95 
-66 -15 
-54 -29 
29 -91 
-58 -3 
14
0 0 
0 -566478828 
-1288152019 0 
0 -1971571323 
0 -1313085494 
-1055412304 0 
0 -102278874 
0 -2070763597 
0 -1931648705 
0 -2030166147 
0 -157728687 
-549267918 0 
0 -1217077369 
-989752112 0 
0 0 
0 -170735408 
0 -1879740867 
-74742229 0 
0 -1932889146 
-1587618029 -1230396620 
-824690145 0 
-1737035165 -659210351 
-618514189 -1808117170 
0 -1496612533 
-298871323 -1491509580 
-405464585 0 
-967487554 -405648339 
-1333039864 0 
15
0 -126632790 
0 0 
-1070852791 -1626942676 
0 -873079687 
0 -1020941797 
-1597885005 -1459136892 
-167074156 -1493615473 
-1267972822 0 
-752431008 0 
-1915869861 0 
-1417045175 0 
-1084462810 0 
0 -1001406388 
0 -395580117 
-258928932 -223929118 
0 0 
-70708029 0 
-460180828 0 
-866698697 -245111587 
-599820684 0 
0 -1538168775 
-1681985991 0 
-474951590 0 
-2076668432 -2021040617 
0 -729264207 
0 -1595664137 
-480299483 0 
-1264151841 0 
-968315864 0 
-1634375267 0 
13
0 0 
0 -1552032975 
-1004997333 -508214765 
0 -30789029 
0 -1181322684 
-302557544 0 
-1244494806 -1844622594 
-575313971 -506233849 
0 -1366884265 
-2017164532 0 
0 -299210771 
-1348774212 0 
-1707110594 -1810234007 
0 0 
-1067120563 0 
-367923785 -1467421421 
-1509815960 0 
-1212059558 -1117848166 
-620875620 0 
-1103004688 -1285199574 
-465523894 -1714911469 
-1109918757 0 
-2081398421 -659103217 
-1031019823 0 
-235490299 -1257686714 
-1817835221 0 
14
0 -1980951764 
0 0 
-609904459 -1735849009 
-918046147 0 
-137104685 0 
-538363971 0 
-66975987 0 
-448347145 -100778481 
-325339792 0 
0 -1947321442 
-205608214 0 
0 -2118949049 
0 -588423702 
-176523268 0 
-197424058 -810750264 
0 0 
-188229851 -197734091 
0 -307902059 
0 -230535789 
0 -845806957 
0 -1768805275 
-883973616 0 
-1661644879 0 
-1440062276 0 
-1266734608 -1154751989 
-1454219415 -691119358 
-406172342 -666929207 
0 -1527304793 
15
0 0 
0 -1315525813 
-531702006 0 
-1904956428 0 
-412821762 0 
-184278966 0 
0 -1796512410 
0 -1782318894 
0 -227352775 
-719665450 -307626877 
-2073161462 0 
-391978298 0 
0 -376058021 
-1324320312 0 
0 -1117723157 
-1375100845 0 
0 0 
-1578350622 -2135503420 
-319169560 -1243599386 
-814031818 -1476099591 
0 -1050566839 
-1181412402 0 
-1040204549 0 
-1499856329 -660076752 
-265369312 -1867821592 
-2121187972 0 
0 -1270661153 
0 -1703039192 
-865133998 -1829882450 
-285172111 0 
14
0 0 
0 -643710902 
-1336108117 -264637810 
-1066337275 -731625342 
-1109725677 0 
-605541873 0 
-1784140845 -1908216937 
-680601119 -478531220 
0 -228600638 
-1553683752 0 
-1468786329 -494929675 
0 -145775268 
-1785538500 -166656968 
-441056526 -359578569 
-440722363 -584896292 
0 0 
-1057300604 0 
-1132128515 0 
-385475896 0 
-1395434045 0 
0 -671327577 
0 -577753558 
-225790643 0 
-1960605324 0 
-1293714792 0 
0 -318179646 
0 -1234421569 
0 -1773321777 
13
0 0 
-780724876 0 
-1245089393 -1430423494 
-752878309 -2075692471 
-177818128 0 
-1854850585 -466541329 
-1328166699 0 
-291327960 0 
0 -1340741673 
-542197309 -1039380132 
0 -207077945 
-1702144446 0 
0 -2034131867 
0 0 
0 -373234999 
0 -1362608331 
-1007570229 -514201263 
0 -132434556 
0 -155306718 
-596513544 0 
-1294025166 -476785881 
0 -1984607789 
0 -1641024533 
-850878085 0 
-926169657 0 
-1302523253 0 
15
0 0 
-1260597784 -234205942 
-1649077064 0 
-2141835277 0 
-1831937998 0 
0 -188644018 
-763736054 0 
-1427726359 -1909791538 
-337415076 0 
-1779521144 -1874884148 
0 -504992304 
-863312665 0 
0 -1221497452 
-139948637 0 
-777197849 0 
0 0 
-1715366676 -1617796159 
-1114828778 -567562690 
0 -125781325 
0 -1254972176 
0 -1918684611 
-1236222772 -20711095 
0 -1746591643 
-842226749 0 
-1480329422 -2108129840 
0 -714128904 
-648016901 0 
-1174308212 0 
-2040446299 0 
-1308795067 0 
14
4 0 
1 4 
0 6 
4 2 
2 6 
3 6 
5 4 
2 7 
4 5 
4 6 
7 4 
6 5 
6 7 
7 7 
1 1 
2 1 
3 1 
3 2 
1 4 
1 5 
6 0 
1 6 
4 3 
2 7 
3 6 
4 7 
7 5 
5 7 
14
1 1 
0 3 
3 0 
2 2 
3 1 
1 3 
5 0 
0 5 
3 2 
5 1 
4 2 
4 3 
2 7 
7 4 
2 0 
2 2 
1 3 
5 1 
6 0 
3 3 
0 7 
3 4 
6 1 
4 4 
1 7 
7 2 
7 5 
6 6 
15
2 0 
2 2 
0 4 
1 3 
5 0 
4 1 
1 4 
4 2 
1 6 
0 7 
7 0 
3 5 
6 6 
7 5 
6 7 
1 1 
0 2 
2 1 
1 3 
3 1 
4 1 
1 5 
4 3 
1 6 
5 3 
6 2 
2 7 
7 3 
4 7 
7 7 
14
1 0 
2 1 
3 0 
0 3 
3 2 
4 1 
3 3 
4 2 
0 6 
7 0 
1 7 
4 5 
7 4 
6 6 
3 2 
1 4 
5 1 
0 7 
6 1 
3 4 
5 3 
6 2 
5 4 
3 6 
4 6 
3 7 
6 6 
7 7 
13
1 0 
3 0 
1 3 
2 2 
2 3 
6 1 
3 5 
5 3 
2 7 
5 5 
6 5 
5 6 
6 7 
2 0 
0 2 
0 3 
4 0 
3 2 
2 3 
5 2 
1 6 
4 3 
7 1 
5 4 
7 4 
5 7 
14
0 2 
2 1 
0 3 
3 1 
0 5 
4 2 
1 5 
6 0 
6 1 
2 6 
3 5 
6 2 
4 7 
7 5 
0 0 
1 1 
0 3 
0 5 
4 2 
3 3 
0 6 
2 5 
5 2 
4 4 
4 5 
3 7 
6 4 
6 6 
15
0 0 
0 1 
1 1 
2 0 
0 3 
3 3 
5 2 
7 0 
1 7 
3 6 
6 4 
7 4 
7 5 
6 7 
7 7 
1 1 
0 3 
4 0 
3 2 
2 3 
6 1 
0 7 
1 6 
3 5 
5 3 
4 4 
7 3 
4 7 
5 7 
7 7 
13
4 1 
4 2 
3 3 
0 7 
4 3 
6 1 
3 5 
6 3 
5 4 
2 7 
3 7 
5 6 
7 5 
1 1 
3 0 
4 0 
1 4 
3 2 
0 7 
3 5 
7 3 
6 6 
7 5 
5 7 
7 6 
6 7 
0
