5
1 2 3
2 1 5
3 4 5 1
4 3 5
5 2 3 4
1 2
2 5
3 1 4
4 5
5 3
1 2
5
1 2 3
2 1 5
3 4 5 1
4 3 5
5 2 3 4
1 2
2 5
3 1 4
4 5
5 3
2 0
3
1 2
2 1 3
3 1 2
1 2
2 3
3 1
0 2

1
1
1
10 10

2
1 2
2 1
2
1
10 10


2
2 1
1 2
1
2 1
10 10

2
2 1
1 2
1 2
2 1
10 10

3
1 2 3
3 1 2
2 1 3
1 2
2 3
3 1
10 10

3
1 2 3
3 1 2
2 1 3
1 2
2 3
3 1
0 0

3
1 2 3
3 1 2
2 1 3
1 2
2 3
3 1
1 0

3
1 2 3
3 1 2
2 1 3
1 2
2 3
3 1
2 0

3
1 2 3
3 1 2
2 1 3
1 2
2 3
3 1
3 0

0
