4 4
3 5
2 2
1 2 3
1 3 3
2 4 1
3 4 3

4 4
3 2
2 2
1 2 3
1 3 3
2 4 1
3 4 3

2 0

3 2
2 100000
1 2 99999
2 3 99998

4 4
2 999
3 999
1 2 100
2 4 100
1 3 99
3 4 99

2 1
1 2 100000

3 2
2 500
1 2 100000
2 3 99999

3 2
2 500
1 2 100000
1 3 99999

4 2
2 500
3 100
1 2 100000
1 3 99999

9 13
2 3
7 4
6 12
3 8
4 565
5 908
8 1234
1 2 2
1 3 100
3 6 6565
2 6 87
6 7 9
7 9 18
6 4 156
4 5 13
5 6 11
5 8 45808
6 8 300178
8 9 65
1 9 100000

9 12
2 3
7 4
6 12
3 8
4 565
5 908
8 1234
1 2 2
1 3 100
3 6 6565
2 6 87
6 7 9
7 9 18
6 4 156
4 5 13
5 6 11
5 8 45808
6 8 300178
8 9 65

9 12
2 5
7 7
6 12
3 1
4 565
5 908
8 1234
1 2 2
1 3 100
3 6 6565
2 6 87
6 7 9
7 9 18
6 4 156
4 5 13
5 6 11
5 8 45808
6 8 300178
8 9 65

4 3
2 1
3 100000
1 2 500
2 3 501
3 4 502

5 5
2 1
3 1000
4 1000
1 2 1000
2 3 1000
2 4 1000
3 5 1000
4 5 1000

5 5
2 1
3 1000
4 1000
1 2 1000
2 3 1000
4 2 1000
3 5 1000
4 5 1000

0 0
