1000 -200.000 -200.000 200.000 200.000
6839.758 114.515
1053.627 -6988.419
6213.086 -7250.767
-915.060 2227.543
-4909.183 -4861.566
-3032.978 -9503.311
1368.054 7032.145
9883.736 526.505
-1604.102 -5147.067
2755.653 -3438.096
3629.188 2087.143
-3032.406 -5833.403
-4436.834 1355.920
445.803 -2037.318
-8577.327 458.945
4480.983 8752.894
8671.259 6249.757
5630.306 -1392.990
1739.516 -8585.262
7117.825 -6818.134
-4655.022 1234.536
-239.979 -927.201
-8662.061 -7838.005
731.644 -2523.693
-4484.139 -7910.521
-4797.171 -5565.317
-5416.815 -5413.653
-3692.174 8452.448
-3526.434 -1806.110
-5250.210 -678.049
2957.162 -5833.997
-2206.310 -8607.799
-2073.905 -4113.582
5611.000 -1947.965
-9878.380 5640.204
-5613.475 5726.265
-6785.471 1377.697
-4455.297 4620.087
-6876.549 8066.256
8974.901 -4385.157
-100.267 -7585.598
8527.711 47.566
8537.988 9879.626
-5726.387 -8828.017
-6247.388 -8807.483
8123.744 8529.585
-4636.159 -4358.176
-424.578 -2635.685
-654.489 7714.511
-8537.626 -1354.496
-3295.270 3871.529
-2499.500 -1392.808
5726.457 6543.474
1532.222 -6047.024
9895.015 8248.276
-3720.365 -1253.976
8093.851 -910.163
-7768.233 -266.106
-4588.874 -4551.344
-2409.574 -8808.789
-9304.735 -9634.040
7893.035 -3019.092
-9149.390 -9803.668
-9467.989 2282.902
2971.186 9572.680
-2738.187 -1469.190
-9553.233 3709.863
-3318.001 -7500.786
-4785.829 -8677.907
9629.192 -2494.990
-9869.875 9830.591
2389.042 -166.775
-5280.342 -1004.392
-9489.313 -9321.282
1512.795 -6525.469
-7249.879 991.134
-246.364 -5119.629
-7764.332 -5853.356
-4756.079 -6011.807
-5019.357 -9085.187
-6459.022 150.609
-989.833 6697.432
-4999.863 6370.676
-5921.701 -8308.840
-1295.515 -7769.420
9818.264 9325.343
-8537.929 -6453.043
8968.325 2684.634
-3677.642 -4603.612
-7134.910 -8013.126
3989.685 -3021.050
6477.365 -8872.193
-1318.011 -6940.249
1249.731 -1348.774
-2019.833 -2130.778
-6374.115 -8354.892
-590.939 7286.202
-1980.334 -5941.062
-6215.901 -3315.289
-2857.702 -3145.458
-1470.363 -8911.052
1237.109 7076.755
676.288 2055.157
-4241.222 7489.945
295.200 -4828.305
-2048.601 -6390.214
-3622.865 -4629.215
-1969.177 6850.337
-7300.099 -1468.517
7568.479 -33.597
4886.341 5228.149
-9214.615 -3523.753
-5763.730 9669.210
-2479.608 -4857.999
-9549.246 8639.941
2482.726 6739.047
-1051.300 -8359.996
-6132.785 -2427.356
2634.289 -9447.312
4427.357 -1943.252
-9588.384 -5646.029
-6419.882 1884.577
1370.502 8903.012
1367.379 4257.244
-2128.365 -380.665
-8705.441 9485.759
5401.211 -5855.335
-7294.520 -6209.121
-8085.571 2370.770
-8405.887 8094.317
1189.640 -5704.490
-4139.106 -5212.097
-4937.943 1249.292
6847.962 -1519.584
-8646.044 1697.498
-5285.737 7347.482
-5934.946 -177.265
-7131.792 -6009.561
6960.917 -244.104
-4253.347 -4173.980
8339.465 -4508.541
-9399.097 -3321.510
5348.667 6317.673
-1836.647 2818.965
-1127.485 -3153.937
-3758.861 -5328.166
-3119.445 409.638
1115.101 -7482.014
3899.452 -1882.364
2927.465 3846.032
-8303.585 3456.092
8289.755 -831.412
-4968.717 -5156.572
-3605.828 1806.660
-4161.046 8183.772
2355.377 4886.759
-7064.903 -3840.145
46.847 7402.783
-5832.781 -5711.347
-6596.964 4712.637
-9305.417 939.313
5542.528 -6979.618
-6283.402 6271.242
-1531.045 604.286
561.674 -4852.019
1245.197 -3128.908
-9551.327 -1513.622
4891.883 944.201
702.682 -6475.895
-2722.798 2512.522
-5687.209 -3639.912
-1239.148 -3315.877
-1428.334 6332.324
-9422.635 -3335.061
-9547.544 6985.693
9976.519 -8526.641
-650.391 565.184
9959.041 -2332.363
-4654.410 -1363.006
-9930.660 -9436.323
3765.307 -2226.683
-986.216 -1164.571
5242.303 -5244.928
-6582.048 2019.931
7622.209 4670.098
-9443.662 2445.109
6761.574 4545.339
612.189 -5449.320
-5917.264 -3977.847
9522.628 -2447.278
-9125.029 2491.359
1354.279 -1282.560
-6809.583 -9204.687
-3659.935 -6011.703
-2040.212 9568.553
3369.047 3069.611
-5845.429 -1103.393
910.960 171.462
-2675.929 2151.305
-850.724 2586.224
-9586.281 2390.357
-5112.532 -8444.299
-509.460 -5087.183
-7294.412 -9037.382
-6391.811 -2831.794
2287.771 -2154.684
1256.227 -3038.448
-913.526 -8788.131
-1354.552 8628.110
-4849.828 2050.559
-330.167 -6948.588
7747.929 2411.791
-4013.737 3953.576
-8624.485 -5076.941
-8442.700 1410.826
-1786.301 -6318.161
-1608.500 2718.768
-1919.599 8950.357
2422.804 7718.490
-3770.112 2017.512
-1247.015 -7446.164
-3799.464 -2140.212
3807.444 -4289.377
9418.994 -2658.706
-3159.707 3594.820
-6762.254 1689.003
2205.788 -6083.199
3425.408 -3509.655
-8405.310 -6927.038
-4912.697 -6472.448
7498.802 9650.555
-4107.020 8268.366
-6590.848 -236.042
-6746.440 -8188.626
9089.158 -7629.156
3214.434 194.541
-9112.766 -5886.574
2207.418 5374.113
-8417.670 -6796.714
3898.731 9106.253
-5797.608 -80.338
1065.366 -7028.723
-9091.202 -6619.626
-219.206 2367.539
5234.614 -9999.205
2029.186 -9969.343
-2762.497 378.564
-4459.808 -9847.918
-7987.693 -3209.740
-4553.015 6474.604
-3354.225 -5337.999
-5157.674 1591.687
-8383.566 -8136.489
-5133.266 -6526.785
-440.746 9214.410
-4001.171 2121.891
-914.895 -93.336
-1750.699 1273.254
278.619 -3725.956
4267.192 2404.234
4780.191 -3443.114
-1433.090 -5135.065
7562.202 -9287.380
-4788.371 -7702.210
1591.253 6218.574
-3914.667 -4338.169
-8606.558 -8767.377
-4083.512 -1313.476
619.304 -2260.058
-7645.488 -2831.781
-4744.896 5440.266
-2729.896 1155.589
-9310.895 -4986.798
2487.871 8352.053
2886.469 -3415.662
-968.321 6429.381
1717.274 9257.192
222.230 2077.975
3336.180 -5842.148
-8968.635 -1491.786
-1308.662 -1459.640
-2558.358 -7061.818
3256.093 7874.107
-5149.708 -5191.893
-4347.252 -5472.980
2000.484 2314.733
6418.959 7193.234
-6042.107 -5407.467
-2634.250 310.627
625.416 5122.656
-6768.961 -859.600
-8471.695 2345.700
3920.942 2693.245
593.049 9331.281
-1426.617 7834.092
8280.304 8979.574
-2063.369 637.881
-1830.430 1026.431
-7001.382 1227.853
-3553.941 2437.233
-5295.297 1393.637
1978.197 -8848.657
-6667.624 3401.882
-2391.619 1663.492
-1684.285 23.113
3127.487 -6657.750
9427.222 5161.706
-8865.036 1671.366
2876.125 -4930.699
2432.833 3445.574
-9091.007 -7522.356
-9683.308 7516.350
3102.510 -4228.626
-6688.076 -6507.967
3310.129 -8455.127
1888.740 -9563.482
-4468.713 -6110.030
6847.261 9534.720
-9023.035 -625.625
8927.866 3521.018
9121.643 3684.853
9611.084 3927.409
432.534 -525.371
-1927.213 -7689.636
6456.901 -714.591
-2354.255 -5149.295
-5643.766 5207.931
-4809.885 -5689.809
-5652.301 -9175.587
8753.871 -6942.075
-5042.885 -6226.592
-9563.785 -1481.166
3352.850 -8814.239
323.690 -296.707
-364.112 -3187.569
5003.662 -7833.779
1751.651 -4478.906
-2229.894 -1365.783
-8412.719 -3932.532
1720.949 4090.382
6149.735 -6451.116
3446.371 4825.804
6550.696 -473.194
-971.660 -1290.960
-4549.109 -5401.323
-464.544 -6711.251
-9368.587 939.297
-3954.603 -9989.270
1463.516 8832.263
-8574.812 285.482
-5710.463 -4512.360
6540.976 3214.360
-8209.948 -9394.407
7224.150 2839.713
-2607.826 7003.813
2300.810 -7855.860
9826.706 -2012.544
-8259.621 -3428.309
8735.675 -7442.905
-5656.641 -4633.730
-6197.919 8434.084
-2916.439 9676.607
-8903.787 -3090.138
-9251.339 2931.857
-3227.833 -6770.720
-3362.877 -6483.365
-4777.079 2635.334
-2142.856 1432.264
-8793.095 393.875
-4335.772 3839.350
-9578.678 6265.918
-3579.822 762.478
8977.744 -1961.837
-7488.060 -8631.402
-1455.736 -2196.208
-9968.220 858.665
-6820.563 8364.660
-9100.980 3018.870
6274.188 7479.394
-4272.057 606.377
5346.071 -70.840
-2249.283 -7513.219
-2587.265 5260.445
-7571.501 -4794.845
-4416.499 -45.679
2712.528 -221.535
-2059.325 -1314.934
-2926.782 -2154.723
-8527.463 6603.264
-7873.593 -352.058
2765.295 -7614.326
-8626.636 8145.691
-6258.560 1269.764
-7591.047 -3966.690
2470.344 2055.730
3015.901 2747.124
-365.351 -4668.239
5709.975 4972.597
-6084.012 -2172.723
1803.728 3765.069
-3109.722 -4789.106
-1172.801 -352.421
-7476.357 -1749.103
869.717 7684.236
8800.024 1885.252
-1124.044 8226.334
-6512.384 -2963.636
1726.282 1035.817
-6273.744 -9587.491
3881.295 -4939.792
4065.189 -6338.195
-6205.167 5450.083
-9837.713 526.151
-4927.353 4059.899
6940.162 5650.889
-545.737 8263.288
-2058.938 -461.062
-1908.896 7129.077
8668.519 -2979.510
797.425 -9050.273
8833.274 -8754.607
-6411.853 -5232.206
-2499.882 8878.666
-858.166 6950.739
-1165.865 -4557.787
-3255.605 -9949.291
-9865.043 -8292.914
-7131.534 -6034.318
9379.276 -3627.190
4016.896 -8010.373
9541.169 -2343.743
2472.344 702.240
-9295.172 6088.297
-9032.661 -8788.426
-1051.706 -3787.630
696.932 -839.241
3058.911 -1571.755
-8213.539 -6680.265
-335.358 1415.023
6976.679 -4763.000
-5466.523 -375.746
499.169 108.450
-2172.076 1986.706
1420.763 -8381.276
581.081 3964.589
-132.469 156.954
-8842.874 6388.236
6021.748 -3306.275
-9236.367 -4531.948
9841.168 -4421.306
-2137.664 6197.318
-6439.803 -7008.630
-652.013 -1973.501
-163.543 -5685.488
6766.924 -8233.469
-9489.295 -6681.993
6522.936 -2931.544
-661.330 9647.380
682.606 -4404.465
-1289.766 -9109.254
-3783.480 9698.964
-6426.552 -7509.891
-9615.501 -6457.169
-41.999 1009.130
2857.549 -6400.303
-361.032 -3550.102
-9247.751 -4579.277
-4003.529 -3271.078
1960.277 -6214.504
-6739.689 -8200.699
3669.148 -6563.378
-8587.172 -2229.030
-6961.238 -8961.047
2768.282 -2227.578
-4153.570 3870.704
5926.606 7877.236
6811.513 -3641.546
6923.777 -6842.352
-3340.657 -2798.494
4990.063 9261.389
9798.892 1090.729
-22.022 -2490.654
-7883.480 8714.596
-6232.444 -1722.609
-6772.782 293.571
5656.113 -3792.106
4388.909 3547.511
-3347.319 -3983.039
7013.646 -6047.429
9440.367 7205.923
2399.520 -9321.623
635.660 -4940.518
4815.300 -4118.953
-9139.392 -8373.121
-4192.799 754.011
5433.756 6222.556
-9212.189 -3372.283
1322.058 516.650
-5471.978 63.282
-2058.038 1925.329
-2592.993 8527.893
-7454.174 1587.301
6556.008 2830.475
668.591 -2597.260
-547.760 -3695.787
-5602.545 -8486.377
-2512.159 -5417.966
-1516.760 -4237.083
-6476.880 -8948.183
-7284.724 6524.061
4500.999 -4950.672
1994.744 274.214
6947.384 2514.565
-9481.140 3613.625
-283.223 1529.657
-5719.412 -4426.028
-4858.223 -1383.743
296.241 5600.259
-8579.325 1178.032
-9569.534 2120.156
-2252.100 -2255.833
9065.394 647.586
1880.041 -546.164
4273.282 -4762.460
5386.606 -6195.316
-9336.558 7319.493
1329.249 -3752.044
-8240.145 -9353.100
4707.500 2977.631
-1968.187 1329.500
-1437.341 -132.191
-606.289 -3716.579
-7621.165 8768.544
-1111.906 -4936.805
2152.660 6554.324
7605.234 1207.272
5675.729 -4002.127
2945.640 -6287.047
-1734.100 -1686.498
-812.522 9580.865
-9072.286 -5843.122
-7966.989 -7363.281
-4265.388 9660.312
2665.856 -1504.334
-7579.946 -6913.848
-2059.968 -960.883
7256.613 -5629.741
-6497.003 -813.006
2529.670 -888.874
232.840 411.915
-5542.892 1620.344
4705.467 -5144.231
3396.400 -3749.148
7461.092 7892.872
180.656 -6658.632
8027.159 -1498.130
-4632.039 -8726.447
2231.499 -8051.977
-6459.642 -3016.044
-8201.228 3050.116
9285.050 -8469.738
6248.099 -8727.157
-3320.862 -8206.778
5985.812 8572.412
4313.664 7853.619
-5692.101 -4310.412
-1260.590 -5661.699
-9373.627 -7587.115
-5313.713 -3770.457
4886.246 2292.556
-2455.879 -2440.845
-792.954 -1903.702
-3537.370 -6521.524
1354.718 -3352.212
-3042.313 -9237.423
-7364.927 5464.333
-9113.220 -6620.203
-2968.652 -3828.396
-4209.138 -3032.624
-2936.281 5113.591
5601.997 -4878.356
253.359 -1437.273
1785.634 -5400.919
-2119.720 -5930.082
-5832.419 -4416.766
-6124.142 -5907.212
-8875.087 379.034
4760.354 847.878
-569.935 -60.969
-5191.895 -3794.771
6269.161 -7308.018
-3276.303 -2262.418
1962.247 2862.763
757.474 1036.286
2704.031 -8890.285
-9422.901 -6903.645
-2118.594 -876.508
819.903 3077.090
-4315.055 3140.378
2594.603 -9136.909
-8844.120 -2423.403
2240.275 2401.336
-9160.985 2051.479
-1361.353 -9921.642
7569.470 670.781
9924.126 9247.822
-3545.260 -4686.781
4767.021 -4514.027
5325.540 2278.788
-8499.871 -1531.363
6376.286 -951.082
5058.774 428.367
1797.306 -10.117
9604.940 -7564.303
-5542.271 9847.069
-9950.052 -4243.524
272.030 9088.847
-9674.222 4399.808
-4233.589 -8014.612
104.397 3811.290
556.398 -5162.042
-2355.658 5242.613
569.832 -6902.744
-6143.665 -9293.360
-7054.427 3085.332
-1965.225 3000.853
-2309.799 2004.255
-8425.622 -1376.628
3294.827 8694.373
2131.760 7916.271
1273.776 -4542.367
1911.691 -7444.470
-7476.285 -6618.891
-8517.175 -808.123
-2484.139 -4025.713
3111.015 -7399.037
1687.225 -9234.518
-239.356 2816.311
8050.718 5814.626
-2536.434 -2675.768
407.780 355.996
8901.304 5543.522
-7164.313 4804.123
-4111.314 1128.685
-4214.238 -170.549
-2464.033 -48.204
-8161.523 -2910.802
-7618.295 1454.140
-6390.103 -9893.015
-1172.245 -3267.394
-4837.650 -9340.677
-309.119 1698.948
-9358.069 7621.825
-13.468 4209.933
-2506.374 -4838.997
-5630.377 1801.988
6908.694 5543.836
101.262 7857.827
-4535.957 1435.695
-5392.037 -542.178
-2010.235 -2860.068
-6969.816 -4641.924
-3442.007 -4519.212
8668.953 -973.614
1768.082 2527.778
-5368.857 3356.117
-1372.827 1831.553
-8971.004 -5570.471
3485.970 -4582.661
-7117.858 -4723.879
5569.175 -778.271
-9182.462 -7480.372
803.811 -6277.987
-7056.633 8085.304
1765.707 -3270.291
-4814.661 -5712.363
-2221.130 7985.508
-6707.548 -969.175
2215.645 -6712.357
-2258.209 5467.284
4390.975 -2478.430
3091.123 9014.404
-4093.990 -6640.237
9153.816 -3954.670
-101.050 -1136.176
-3377.006 -8971.933
-9129.042 1383.016
-8873.737 -5751.655
-5941.689 3580.202
-3799.802 757.409
-2919.691 -8097.383
-230.676 -2864.880
6639.154 -9428.291
-4465.519 -9444.015
904.238 -1523.383
1269.686 4582.462
-1978.614 5586.993
-6294.003 43.518
2460.074 -3423.008
-4748.849 -2898.760
-4055.347 -4799.835
5766.543 4549.494
-9933.119 -7504.954
-4000.401 2604.423
9490.736 2957.385
-1586.536 -8753.677
8678.420 4555.058
8582.647 -4094.752
-7554.852 -2201.690
-1106.167 -5174.186
6641.895 8167.048
-8238.394 -3437.539
-9946.519 -861.716
-2099.073 -6375.805
-946.864 2583.300
1354.783 -4380.806
-1464.214 1908.022
-8741.950 -9150.347
-5478.326 8718.115
2527.040 2355.178
-933.746 -9460.288
-4416.989 -5917.797
9133.023 3134.325
-1767.833 425.084
-547.456 -4895.128
-6648.548 -8572.745
9828.419 -4134.194
5345.187 -2013.060
-2968.521 -4095.926
-2050.292 1635.527
-4391.832 9942.623
1415.380 2153.488
-9034.691 -3771.200
429.091 -4215.124
8136.270 -4636.452
5873.084 1886.273
-8859.661 -5830.582
-5440.927 179.841
172.244 5239.504
8942.568 -6943.900
2764.278 2616.951
-9184.336 5255.436
-8288.224 -8540.114
7302.610 9046.952
809.605 1072.800
-7493.005 1256.796
-1570.762 -4709.642
-5305.550 1955.174
-1546.897 -9900.987
-8548.213 1594.609
9504.945 -5872.533
-4103.349 426.675
-7858.506 -7465.252
-6964.503 -8706.960
-92.443 -7912.299
-9911.342 -9140.607
-6131.013 -1458.277
-5962.817 3126.314
9923.343 2915.651
-6240.518 -6451.761
-9299.139 -405.202
-3387.404 -1176.110
-8102.590 -8345.636
2380.358 -8880.007
-8473.874 -926.381
-1113.181 -5866.201
8064.653 -9676.541
-6699.269 6360.738
3194.224 -6524.738
-2141.252 -7198.996
-9931.363 8510.101
1896.720 1737.926
-6593.510 -4220.683
-3384.200 -4527.125
-1519.656 122.331
2768.921 -8314.877
1327.338 -3337.308
8924.064 -2941.347
2318.403 8440.270
2038.948 9359.357
2633.740 9549.230
910.475 -4356.685
9641.386 109.045
-4825.194 4458.196
-9275.073 2909.256
-7736.792 -7999.867
-4001.901 -4276.847
-6259.729 2746.266
97.697 -233.592
1301.773 3572.691
2245.963 -3416.531
4914.209 33.381
9235.572 -9999.214
-8287.483 -3241.236
-388.370 -1327.592
-3452.615 -7232.133
-4932.767 -2919.768
-2380.727 -2481.693
3675.986 1566.997
-3316.789 -9666.401
-4141.763 1447.478
3098.657 7036.110
-575.801 -8671.393
-6923.167 -3748.880
1812.654 -9366.814
1.208 -9372.220
8004.143 -3348.243
-1749.390 6014.665
1817.591 -744.631
3632.467 -6585.656
-2686.043 -8239.730
-3753.273 6597.938
-4258.845 -6396.377
-5578.416 -3540.777
-4010.907 3622.429
456.637 1527.323
-7745.551 -4993.923
826.000 -334.948
5691.191 -3460.443
2051.292 -7918.179
-9961.844 -7875.003
9928.560 -2083.074
619.765 -6169.843
-8327.090 -1025.504
-9921.228 464.888
-275.744 -6638.337
5345.125 -6503.732
9552.448 -5826.450
-6510.476 9132.290
-1356.176 -8909.568
8793.758 -8411.061
1655.940 8112.080
-6194.149 -8570.960
-475.589 -4735.150
9294.046 -3810.388
887.437 -1861.881
-7350.348 6060.968
-9779.502 8641.691
-5894.709 5240.322
4921.315 -6430.363
-5820.466 -5035.929
-1353.124 -6216.925
-2758.169 7749.029
8493.820 -4793.503
7991.317 -4395.355
8462.717 3652.851
-4857.995 -5606.692
-2629.744 7629.410
-5828.580 2171.644
2430.575 -6100.173
-4420.263 -8506.398
-6578.325 -1288.395
-6097.094 -3813.364
-3602.858 4081.664
-1132.007 4384.593
-335.690 -8087.482
-9332.674 -8438.082
-4562.333 1015.381
-9845.111 313.366
-5745.151 -8667.543
2541.872 -4197.804
-8793.671 -7230.258
4475.457 -2650.275
8307.250 -4308.126
-5525.253 9534.345
3617.727 8177.550
-6496.818 54.095
-7351.594 8933.977
1670.930 2634.537
-5171.300 -5333.969
-9388.074 8383.880
-4356.223 8657.325
-5836.836 -2866.826
-4014.948 -2222.121
-9612.271 596.175
-1131.119 9491.634
4050.796 8895.020
5050.288 7912.109
-4615.369 9383.378
-8447.042 -2929.503
-6084.728 -2254.581
-908.429 -7375.740
-6051.607 -9684.951
715.662 5862.498
1899.551 -9162.605
-4504.883 7216.197
5278.407 -2027.327
1755.306 381.132
8444.552 -5055.722
-4670.697 -9592.336
-4906.817 1622.967
-3711.021 -1449.994
1353.826 -9564.236
-2676.430 7706.499
4543.571 -4191.416
-4957.551 149.123
846.181 9107.489
-9837.217 -1844.045
-1355.373 -7350.824
-7696.166 -2598.752
8002.270 929.913
-2464.512 -608.790
-8654.958 3042.925
3280.946 44.366
-6330.806 -895.482
-7873.388 -3913.443
-9423.068 -7201.944
5776.001 -1780.917
-5871.618 -409.300
-6567.578 -5608.749
-9457.519 -1679.726
8634.594 -8613.723
1695.635 -4925.125
61.242 6530.618
164.477 2733.648
-3207.829 609.609
-1302.319 -3348.348
-9069.011 -7526.338
6445.990 4325.051
-3655.000 -1315.804
848.965 -1582.433
1416.748 -6077.402
6756.961 -5619.848
1285.122 4595.620
-7095.676 -856.443
-6524.596 -6176.491
-9946.588 2233.492
263.371 -2521.655
-7951.803 3490.320
-4363.273 -4109.299
236.431 -9064.048
-55.753 -2150.557
-5372.242 -172.256
357.052 2431.817
4593.385 -1057.465
6231.012 -3504.838
-9862.246 -5777.289
9085.354 -6136.093
4401.816 1316.112
2078.762 -9843.934
2898.656 8264.050
-4372.731 8241.741
-5561.468 -9067.514
-5753.698 -7885.887
9412.173 -6959.899
122.462 7997.776
9740.595 5705.495
-7171.892 -1050.006
-5490.270 6971.755
-9741.690 -9456.821
3422.941 400.543
9066.837 2823.547
-1913.017 -4676.608
-9823.934 2249.779
-6570.800 1089.015
2108.983 3771.541
-5364.293 2503.353
-5552.616 -3728.666
7600.996 8041.511
-8708.006 1988.538
3832.457 -1202.230
-5172.809 -6236.816
-2361.248 4640.311
1206.115 -8187.210
6215.716 -7325.190
-7458.598 -5527.556
-3051.075 5816.276
-2638.485 5089.324
6546.261 8600.639
-3888.527 9028.805
148.003 3107.454
-6593.697 -7621.503
566.012 1028.968
881.195 7383.283
8130.167 -3052.285
1254.649 790.577
46.446 -552.833
2985.465 -5051.644
9272.215 8959.502
8914.377 7958.810
-5997.276 7911.216
-2812.600 -6192.847
-9965.050 -4074.809
-7216.578 -130.713
-7936.348 4547.405
9165.399 539.435
1707.591 -6835.709
-2842.434 -2385.037
3985.317 -606.359
9487.636 201.760
5469.052 -4266.250
-7930.288 2444.356
867.550 -4397.843
-8556.735 9695.028
-860.544 3493.389
1717.548 8058.062
-7026.030 42.875
-3895.600 -6560.438
-3302.515 620.134
-4927.661 -5411.874
