100
2
0 1
0 2
3
2 2
0 0
4 4
1
1 1
5
0 5
0 1
1 1
4 7
5 6
6
1 7
6 7
1 8
4 5
4 5
0 8
7
0 3
0 1
8 8
3 5
1 9
12 13
7 10
7
0 4
12 12
3 4
4 9
1 1
8 9
7 9
7
2 5
0 0
2 10
5 6
7 9
1 10
9 13
4
0 4
1 4
4 7
2 2
4
3 6
2 3
0 2
0 4
6
2 2
0 2
1 2
8 8
8 9
2 2
6
7 9
8 11
2 10
5 6
1 4
0 3
9
0 6
0 2
0 4
0 9
0 1
0 3
0 3
0 17
0 7
10
2001 2001
2001 2001
2001 2001
2001 2001
2001 2001
2001 2001
2001 2001
2001 2001
2001 2001
2001 2001
1
0 1
3
0 5
0 1
0 2
8
5 12
9 15
2 3
8 14
1 13
0 10
4 7
6 11
2
0 1
3 3
4
5 7
1 6
0 2
3 4
5
0 3
4 8
8 9
1 2
1 5
10
8 19
3 18
1 2
0 9
12 17
6 7
10 14
4 11
5 13
15 16
9
1237 1666
283 522
7 7
458 887
2 36
194 904
1106 1724
550 1584
349 957
4
4 6
0 1
5 6
1 3
8
0 13
8 12
1 3
9 10
5 13
6 7
10 13
1 3
10
9 13
12 14
15 16
2 15
10 18
6 13
8 11
0 5
3 4
0 6
6
420 624
212 752
133 233
80 1462
468 950
54 681
5
0 9
0 1
0 3
0 3
0 5
4
1 6
2 2
2 7
0 5
9
9 15
0 3
0 3
6 9
2 11
12 16
6 8
6 16
0 6
1
215 983
7
4 6
5 7
7 11
0 1
8 12
9 11
0 2
9
0 4
0 3
0 17
0 1
0 8
0 7
0 5
0 8
0 8
7
5 13
7 8
3 5
3 10
11 12
0 9
0 3
5
2 3
4 6
6 9
0 1
3 9
4
773 787
12 1096
7 9
675 691
10
5 12
7 16
8 15
5 16
1 8
3 5
10 18
0 18
3 3
12 14
10
0 4
0 4
0 10
0 19
0 8
0 1
0 2
0 5
0 2
0 4
7
5 5
10 12
1 6
1 8
2 8
12 12
0 4
1
0 2
1
0 1
9
0 6
0 7
0 8
0 7
0 1
0 2
0 8
0 17
0 9
3
3 4
0 1
1 4
1
0 1
10
5 7
3 12
5 18
1 12
0 7
4 12
8 13
0 7
3 16
14 18
6
1 6
0 1
5 7
1 5
7 8
8 9
8
0 1
2 6
6 7
12 12
6 8
4 9
1 6
12 14
2
1 2
0 2
8
3 13
0 4
4 12
6 12
0 3
6 8
9 15
9 10
8
3 12
12 12
5 12
2 7
5 6
0 1
2 5
8 14
8
456 563
478 764
2 5
430 1921
23 114
991 1750
286 952
70 182
2
0 2
2 2
4
1 2
2 3
1 6
0 4
9
0 1
15 16
10 13
4 10
1 15
2 3
1 5
5 6
10 14
8
4 9
6 8
10 10
6 10
14 14
3 13
0 4
0 2
5
3 7
0 0
9 9
3 6
0 1
8
0 12
1 13
4 4
8 8
2 9
4 8
8 12
3 12
1
0 1
5
1 2
0 4
1 4
7 10
6 7
3
1 2
3 4
0 5
2
0 3
1 3
7
10 13
4 8
3 7
0 6
11 12
1 5
2 9
7
2 10
0 13
5 12
1 5
2 4
2 2
2 6
9
124 149
375 632
542 563
61 139
1146 1595
1051 1531
1516 1890
884 1648
78 698
1
0 1
10
0 0
0 0
0 0
0 0
0 0
0 0
0 0
0 0
0 0
0 0
4
4 6
4 6
0 0
0 0
7
12 13
1 7
4 5
5 11
4 4
0 2
3 7
4
5 7
2 2
1 5
0 5
6
7 10
3 8
1 4
2 8
0 10
4 7
6
1 6
8 8
9 9
0 5
0 6
1 1
3
0 1
0 3
0 5
10
329 440
457 1154
639 1383
844 918
712 1622
679 1715
658 1720
635 927
705 1397
278 1258
5
0 6
2 6
1 1
1 6
7 7
2
868 955
1394 1604
3
0 2
2 2
2 2
4
0 3
0 1
0 3
0 7
6
0 5
0 3
0 11
0 2
0 3
0 1
3
4 5
0 0
1 2
1
0 1
10
2 11
10 13
7 13
0 8
14 18
5 5
11 16
14 17
0 2
4 8
9
8 14
3 8
7 11
10 14
0 16
4 10
0 3
11 16
2 5
2
2 2
0 3
4
1 4
2 7
5 6
0 3
2
0 1
0 3
8
0 11
2 4
7 8
8 14
4 11
6 14
1 2
7 7
9
0 2
0 2
0 17
0 7
0 8
0 3
0 3
0 4
0 1
6
5 8
1 3
5 10
8 9
3 5
1 2
6
0 11
0 3
0 1
0 4
0 3
0 2
10
4 13
18 19
1 11
3 9
0 16
8 12
2 7
10 17
14 15
5 6
4
771 1318
1036 1980
105 1189
68 138
1
286 1946
2
0 2
0 2
4
0 1
1 5
3 6
4 4
7
2 8
3 11
0 6
5 12
4 10
7 13
1 9
7
9 10
0 4
1 5
3 7
11 12
8 13
2 6
4
344 496
215 866
620 832
759 1087
2
2 3
0 1
8
605 1834
160 381
273 889
1412 1722
329 1177
1101 1931
583 1302
279 495
1
0 1
3
0 4
1 2
3 5
