100
3 4
6 5 4 3
2 3 4 6
1 2 3 4
52 7
71 43 62 93 69 69 71
37 55 3 34 22 48 1
79 24 87 41 69 75 55
6 13 8 4 1 4 56
13 43 16 70 40 14 29
16 50 62 10 61 34 30
16 48 28 41 34 23 30
37 40 13 46 34 57 18
37 86 67 93 34 43 71
52 86 67 99 82 69 63
0 6 50 18 9 14 39
6 19 5 10 42 47 0
52 55 50 14 42 34 18
71 72 87 27 69 65 71
52 58 50 87 82 81 63
21 19 16 52 22 34 39
77 72 87 70 69 75 71
71 93 67 70 66 90 48
79 58 67 41 95 90 30
71 86 67 60 66 53 71
1 4 16 34 1 4 1
79 93 87 87 58 75 24
37 33 13 41 17 0 24
52 33 50 17 30 48 9
79 58 28 54 60 81 71
52 43 87 87 95 81 56
79 72 65 80 69 57 63
65 58 67 18 66 23 56
65 11 5 34 42 23 28
21 19 50 38 42 65 16
79 68 67 60 69 43 39
21 47 28 27 9 14 39
79 93 67 51 42 43 71
1 13 50 39 11 53 18
13 40 28 33 42 1 1
16 40 65 47 61 57 39
1 24 8 48 17 34 30
37 6 8 39 56 57 18
21 11 13 10 15 14 9
79 86 16 80 86 69 16
79 58 62 80 61 90 30
21 68 87 87 86 90 71
79 86 28 60 86 90 63
37 55 67 59 11 23 71
21 52 16 54 22 34 56
79 58 87 60 86 81 71
37 72 4 70 82 81 71
79 82 87 60 34 57 71
21 24 16 14 1 4 9
52 83 67 70 95 69 49
15 24 67 80 69 75 63
65 72 50 54 69 57 8
80 2
0 1000
61 463
31 751
17 859
77 319
69 391
22 820
52 532
60 460
30 748
2 1000
19 859
7 967
13 895
50 568
43 643
59 499
5 967
72 352
33 715
37 679
68 388
46 604
51 571
62 460
11 931
26 784
41 643
28 748
14 892
57 499
55 535
32 712
25 787
4 964
35 715
65 427
15 895
1 1003
47 607
74 352
34 712
42 640
49 571
21 823
12 892
23 823
38 676
27 787
79 319
29 751
36 676
45 607
18 856
70 388
40 640
56 496
9 931
58 496
71 391
16 856
67 427
75 355
63 463
20 820
24 784
3 1003
64 424
8 928
54 532
44 604
10 928
6 964
73 355
53 535
39 679
66 424
48 568
78 316
76 316
93 7
13 13 13 19 13 14 18
121 117 152 140 141 130 142
30 26 31 32 31 20 16
128 120 151 136 147 144 146
111 107 128 100 108 104 111
69 66 69 80 92 92 96
186 186 191 183 181 175 169
160 140 165 154 145 137 135
72 83 72 69 56 78 77
194 194 186 181 171 166 155
113 99 121 101 115 110 108
195 197 200 199 199 198 199
41 44 54 77 65 67 56
42 35 39 44 38 53 39
115 111 132 120 121 114 110
32 29 27 35 28 45 60
28 28 36 53 33 38 24
173 163 178 165 166 164 160
58 56 57 68 47 56 55
19 15 13 16 19 15 20
55 52 48 60 42 51 48
134 125 160 151 137 128 128
67 74 93 92 106 96 107
68 63 67 73 55 74 53
61 62 54 70 51 76 78
183 173 177 164 152 160 162
16 18 29 41 40 42 29
147 129 154 145 148 143 138
21 24 28 32 32 33 22
96 94 104 93 111 99 103
35 40 41 35 34 52 38
172 169 179 166 168 157 158
191 190 197 187 185 182 178
89 76 76 74 87 91 90
83 77 90 89 93 94 95
144 122 163 162 151 145 152
200 198 199 195 186 194 194
133 128 171 152 150 138 148
93 89 105 97 113 102 109
156 133 158 158 169 179 178
48 38 32 42 35 28 32
20 13 13 25 21 34 35
177 170 181 175 175 169 164
66 67 98 83 69 58 41
163 148 176 172 174 165 185
79 65 60 76 48 50 44
105 103 133 126 125 120 121
112 102 114 108 135 129 137
182 187 194 198 196 196 196
78 60 85 79 90 80 85
155 149 175 163 159 154 161
98 78 108 91 95 87 82
192 192 191 177 173 170 173
43 52 43 45 36 43 43
24 20 26 21 20 26 21
51 55 35 67 85 59 68
122 113 144 129 136 127 122
97 85 77 84 89 84 64
146 127 159 137 141 139 143
120 114 134 127 129 116 112
165 163 180 174 170 168 163
99 87 103 85 73 70 86
154 136 166 150 153 146 150
142 118 146 123 126 125 125
87 78 102 86 86 93 94
126 110 135 118 120 121 114
54 44 53 57 37 48 40
125 115 149 133 138 140 145
47 32 50 65 65 65 72
59 59 65 71 54 57 57
184 185 185 179 182 183 170
150 134 169 155 154 148 151
198 196 198 196 190 195 187
53 27 46 49 44 75 68
158 159 170 160 157 151 159
18 17 22 18 13 13 13
106 100 112 99 117 106 98
164 142 167 159 167 152 147
71 64 73 74 70 86 90
132 121 148 131 133 124 126
85 78 101 90 101 100 101
117 105 140 122 128 118 116
60 56 70 88 76 95 89
179 179 184 191 189 187 175
103 96 115 104 116 109 113
189 193 193 185 182 193 180
94 70 99 81 60 82 57
166 162 182 190 179 161 177
107 104 130 115 126 115 120
174 172 187 193 193 197 197
100 97 127 103 132 133 127
38 33 37 30 25 27 26
82 95 89 98 94 88 104
3 3
5 5 5
4 5 4
4 4 6
10 3
93 53 21
51 51 10
54 54 40
55 55 50
52 52 20
56 56 60
85 55 41
53 53 30
52 22 29
54 12 49
49 8
70 97 69 97 62 58 96 58
1 3 4 3 2 7 10 2
2 4 12 3 9 1 10 3
83 85 62 50 69 44 84 69
44 70 62 97 23 82 37 87
30 62 69 92 82 67 53 95
70 67 80 95 62 67 69 92
94 84 23 75 82 82 48 70
19 10 23 8 23 17 25 9
8 23 6 50 23 12 30 15
69 79 51 63 69 98 84 76
19 26 23 16 20 24 53 19
30 31 17 19 8 57 53 31
19 15 12 14 4 23 27 12
30 30 51 35 48 24 21 28
70 51 62 50 40 44 14 46
88 99 39 75 82 67 48 54
19 19 28 19 33 17 14 13
56 87 69 71 82 82 76 68
66 44 17 65 62 17 37 43
56 89 28 82 23 44 76 66
30 28 62 59 48 44 33 21
19 52 41 63 23 24 25 50
0 0 0 0 1 0 2 0
37 47 62 65 69 58 32 45
94 63 23 35 82 58 69 94
44 38 41 35 48 67 28 38
35 57 28 95 48 44 76 51
70 68 51 65 12 96 84 90
88 76 80 65 82 44 96 80
17 5 6 8 3 16 14 6
44 95 80 82 69 82 69 60
94 66 80 92 48 58 76 93
30 41 69 19 33 58 69 39
35 25 23 16 12 35 8 18
37 27 17 33 40 44 37 20
88 69 62 59 62 38 76 89
44 81 80 35 62 67 84 73
56 74 39 82 82 82 53 81
83 80 28 82 40 82 37 75
99 92 69 59 62 56 84 64
5 9 17 10 17 12 21 8
88 72 51 35 9 67 96 85
44 83 51 75 82 58 84 71
5 6 2 19 20 7 6 7
44 94 69 82 33 58 53 61
70 78 28 27 69 82 84 77
17 34 28 27 69 38 37 33
44 93 80 82 82 67 53 62
20 4
162 193 182 154
62 53 34 39
59 13 30 27
166 200 198 146
88 99 82 49
123 157 171 118
148 168 176 129
91 113 108 59
134 167 181 140
110 108 120 66
120 135 125 72
150 187 180 127
90 102 87 57
131 163 159 125
115 122 153 88
121 151 159 92
67 68 37 48
19 22 20 24
33 17 33 39
74 98 52 50
40 3
18 24 17
23 31 19
193 191 196
29 42 49
161 172 187
46 38 40
74 69 87
146 129 149
63 54 39
158 162 180
177 176 175
163 187 187
124 99 141
196 184 179
76 62 85
140 126 167
152 154 169
43 32 22
118 103 120
147 147 171
69 59 62
109 83 132
91 72 105
136 123 147
126 111 148
144 129 166
103 75 118
125 96 125
182 142 168
66 45 36
171 195 199
159 157 173
168 189 186
75 61 78
104 97 121
93 73 87
59 33 28
95 74 106
27 19 18
117 106 133
20 5
155 145 142 111 173
55 59 80 60 104
54 57 62 49 101
29 40 24 40 79
22 29 23 34 58
169 127 169 125 166
124 125 131 103 157
176 172 171 176 189
189 179 161 150 175
13 18 15 21 28
66 65 103 63 148
36 42 57 47 75
95 82 109 81 156
138 110 123 91 145
77 117 107 109 186
150 155 164 150 174
18 31 42 43 100
166 179 175 196 190
49 41 55 36 95
42 38 17 22 48
38 7
23 16 10 11 11 21 19
75 70 75 76 75 65 74
60 61 55 56 60 55 61
4 5 4 6 8 17 6
82 77 85 85 88 78 80
30 34 34 29 43 40 26
82 84 94 91 88 78 94
23 27 24 26 36 17 18
71 63 66 58 66 56 66
4 22 16 16 21 12 10
85 94 90 84 88 71 98
75 73 79 77 78 73 65
85 84 94 91 99 78 83
71 63 56 58 69 57 63
2 16 4 14 11 10 8
85 94 93 91 88 78 88
26 32 25 28 40 34 24
35 42 38 31 45 41 42
48 49 46 46 56 47 49
42 47 44 45 51 45 46
82 84 94 77 83 99 97
14 26 16 16 28 24 8
2 6 0 6 4 10 1
53 57 49 50 57 52 59
60 63 56 66 72 50 66
29 27 25 22 30 31 32
79 71 79 82 78 70 75
0 2 0 3 7 3 1
35 37 41 35 43 43 32
55 57 50 50 59 52 53
14 14 16 22 30 12 10
85 84 90 66 84 74 94
40 42 38 35 45 43 45
35 41 34 31 42 42 42
1 6 3 11 8 3 6
46 55 46 48 55 48 53
85 76 99 85 84 98 93
69 83 79 66 75 65 80
67 6
37 54 54 50 51 67
72 71 70 82 63 70
95 84 69 76 92 91
133 146 124 132 126 119
87 82 85 92 82 86
134 138 137 130 128 120
166 169 178 184 166 152
39 29 35 48 42 62
176 164 154 157 154 138
125 144 114 133 119 115
27 39 21 27 15 32
163 165 164 148 143 125
189 198 199 200 200 183
57 66 76 93 90 85
14 19 15 13 19 38
158 148 130 144 142 140
105 119 104 119 107 111
67 70 76 91 67 83
149 156 148 129 132 123
193 194 200 195 190 180
86 73 81 74 76 77
154 155 140 158 134 126
171 162 149 160 164 151
85 72 72 76 69 80
97 95 101 100 77 73
183 183 190 187 168 158
116 120 109 124 116 114
191 188 192 192 188 167
177 176 189 181 167 165
104 79 90 83 87 76
100 99 95 107 103 93
84 81 66 62 59 55
21 34 41 36 24 41
179 173 175 175 157 132
56 58 60 58 46 40
113 109 102 112 105 103
62 60 64 72 48 44
64 55 58 52 57 68
121 131 110 117 98 78
185 184 182 171 159 156
127 136 121 128 114 113
128 123 116 143 144 133
131 130 123 140 131 122
174 166 169 166 152 134
98 89 94 102 93 90
38 40 31 34 36 48
45 48 51 51 54 64
192 192 196 194 179 172
110 108 100 115 104 102
59 40 28 27 14 27
46 50 41 35 28 45
107 112 99 103 89 89
65 59 61 64 60 72
172 167 170 170 163 153
142 163 152 159 149 127
50 33 39 20 25 39
111 106 104 120 108 104
70 65 52 72 53 46
77 64 63 95 90 79
182 187 185 181 187 174
81 78 91 105 100 96
19 21 18 17 20 33
187 191 193 191 193 169
151 159 174 172 175 158
178 170 181 173 162 140
115 127 128 148 147 129
30 28 26 33 26 53
20 4
72 13 21 17
171 83 97 115
172 138 167 162
68 18 35 49
35 35 25 18
166 82 90 102
141 58 75 89
170 86 148 120
167 131 138 118
161 73 91 96
183 108 127 106
99 50 60 68
155 72 77 91
189 140 181 168
153 65 88 93
81 22 46 55
186 119 151 122
131 51 59 66
198 179 189 182
199 155 193 188
37 7
23 22 5 10 32 42 51
2 42 30 7 0 29 51
51 40 73 71 58 66 79
69 79 30 85 90 18 79
13 0 0 0 8 48 1
9 79 64 80 90 86 54
69 83 30 85 90 86 79
2 56 0 11 78 10 32
65 84 39 85 58 29 68
17 42 56 4 32 20 25
25 19 39 7 32 20 32
39 51 17 11 1 8 1
69 79 56 85 80 42 54
8 0 20 39 7 1 32
65 67 73 67 8 48 69
40 39 20 46 21 10 69
99 75 52 11 90 66 79
23 22 20 11 21 17 25
25 22 73 4 32 86 79
51 75 39 46 90 42 79
40 42 5 39 32 29 1
85 79 84 99 58 76 20
0 22 55 4 1 10 20
51 84 56 80 27 38 69
51 63 64 46 80 86 79
69 75 84 75 79 66 69
51 63 84 75 58 98 79
25 56 30 60 8 18 1
17 0 5 60 32 48 63
85 84 20 85 80 86 79
51 84 84 67 80 76 32
69 84 64 60 58 98 54
25 63 5 60 1 29 54
40 42 15 11 21 10 47
51 67 84 75 80 76 69
98 84 73 39 80 28 79
0 0 52 1 27 20 47
42 7
36 5 0 46 45 32 72
36 75 47 46 72 66 72
46 23 32 15 53 3 3
7 51 38 15 65 69 40
97 51 94 35 53 32 63
72 51 94 78 68 56 94
36 20 10 58 12 28 72
88 35 67 78 72 87 94
32 42 38 9 0 32 13
20 0 32 35 45 1 6
58 5 67 78 53 69 18
88 23 23 46 34 3 37
58 39 47 15 28 3 13
58 51 38 7 53 82 46
93 51 67 78 72 12 18
20 42 32 23 34 15 18
69 23 3 6 0 69 46
6 51 3 35 28 41 40
69 92 62 78 45 82 94
72 87 67 24 68 12 18
46 39 67 35 53 35 72
97 35 47 78 72 35 72
72 51 47 30 45 87 72
72 4 3 46 0 28 40
7 20 38 26 12 3 37
32 50 47 9 53 0 6
46 75 38 32 12 41 6
44 23 32 8 34 15 18
58 74 10 35 80 82 72
72 51 67 58 80 82 40
46 87 29 58 0 69 0
93 87 67 58 72 56 18
88 18 10 57 53 35 94
58 75 94 58 80 69 72
56 3 0 32 0 3 46
88 51 67 71 80 31 72
7 92 38 71 52 56 46
58 75 24 32 21 65 0
20 39 3 24 34 3 3
93 51 67 78 21 66 94
72 92 47 35 72 87 63
36 99 62 78 80 54 46
75 4
118 114 112 101
85 71 89 75
141 149 146 140
198 200 200 197
149 160 171 164
133 135 119 113
127 126 124 131
35 29 38 52
51 41 37 24
157 168 158 159
112 113 100 99
49 53 68 68
177 182 189 176
56 42 44 61
132 123 125 120
144 143 132 132
64 56 69 66
65 47 40 46
74 62 75 69
113 115 114 93
95 68 84 75
182 187 193 193
163 185 177 167
77 54 56 59
47 48 50 44
92 61 76 74
97 78 95 87
42 60 67 54
94 101 113 102
165 153 162 148
102 77 78 83
28 33 49 38
99 88 101 104
103 100 96 91
108 112 93 100
136 136 163 144
173 175 177 166
181 192 192 189
17 18 23 29
186 196 197 195
137 134 122 124
100 87 94 79
83 65 87 72
159 158 135 119
58 51 55 55
67 55 72 67
124 117 146 157
117 116 118 117
188 194 191 180
139 120 143 154
25 16 36 34
104 76 98 95
167 175 177 183
147 169 173 160
20 14 14 16
150 152 149 147
105 93 106 106
84 63 73 69
30 43 41 50
41 27 35 58
13 21 26 22
98 69 97 90
155 165 154 158
168 183 183 179
200 191 190 185
121 118 120 128
89 86 91 73
15 25 17 26
140 136 144 134
106 106 116 111
180 186 185 186
156 172 151 165
194 199 195 187
61 67 77 95
169 160 181 170
31 17
371 416 370 381 726 546 603 505 545 212 197 212 556 266 185 307 437
151 661 400 190 582 287 603 732 483 264 555 171 346 512 452 93 188
90 16 176 46 33 9 19 119 32 54 42 15 75 222 76 75 38
371 822 908 447 726 953 255 732 687 474 309 872 556 576 646 538 930
112 240 252 158 177 189 224 369 276 92 340 108 135 463 202 69 38
128 168 272 281 246 189 77 152 224 132 45 32 135 348 175 194 188
128 65 285 153 246 68 48 196 281 169 148 171 346 266 89 337 428
665 822 668 769 842 953 717 768 658 811 400 398 805 348 646 438 473
499 988 816 498 619 546 717 768 636 603 723 212 884 732 646 864 673
637 661 589 416 842 703 767 998 565 863 889 533 884 732 297 445 930
665 593 433 416 391 253 108 163 420 265 283 57 279 512 202 626 437
151 168 202 281 177 287 493 411 224 67 148 171 75 38 73 194 188
45 13 85 19 22 8 16 71 24 10 33 3 2 20 8 22 27
371 79 566 447 419 344 307 227 555 322 240 398 556 587 202 508 473
258 416 303 381 454 437 527 650 281 181 400 210 129 686 297 445 234
258 408 575 214 547 452 591 411 420 337 340 533 618 463 256 445 437
524 822 578 498 772 546 603 768 687 891 889 212 346 702 452 854 791
258 240 538 381 547 283 108 369 483 321 66 344 264 539 251 267 238
862 784 773 769 619 953 307 768 687 782 889 646 618 686 646 626 915
488 127 932 945 454 546 493 650 687 433 889 646 618 732 256 538 586
371 822 725 498 454 703 767 768 687 799 723 533 279 732 957 508 586
371 822 957 769 938 926 767 753 565 377 723 646 805 732 547 626 791
371 774 795 221 938 703 717 768 687 773 889 398 805 539 646 293 238
862 661 820 498 772 452 591 505 483 584 555 533 618 996 646 802 673
862 784 878 945 547 447 307 313 687 580 555 872 346 732 547 864 586
665 593 896 769 772 287 767 768 636 537 555 646 491 732 297 538 473
665 784 931 498 838 452 603 411 687 440 723 865 805 732 505 626 791
258 774 395 381 419 546 255 650 483 241 555 165 268 587 452 307 428
524 822 577 447 619 452 767 768 483 901 723 646 491 732 547 617 238
665 774 937 416 726 926 767 650 658 382 555 872 805 539 452 802 673
90 37 86 46 95 68 32 313 58 46 117 57 69 31 23 27 31
33 7
77 26 43 47 24 72 84
49 19 21 59 4 34 5
77 72 12 76 8 18 84
1 63 20 10 0 34 54
25 37 43 10 59 34 61
77 75 43 76 71 72 45
77 49 38 72 71 46 45
1 63 58 7 41 18 2
64 54 9 30 4 4 45
49 19 43 41 24 46 37
1 1 43 51 42 18 3
33 63 96 16 71 69 84
12 17 21 37 8 7 72
64 49 65 47 71 69 45
49 63 17 47 0 0 18
25 9 65 76 71 72 61
33 19 21 1 42 46 61
64 75 65 65 71 34 72
0 49 93 68 32 46 5
49 1 1 68 8 7 37
12 1 38 25 59 18 45
25 54 21 76 71 18 72
25 19 4 51 3 46 18
25 37 43 63 71 91 54
12 72 65 25 42 46 84
77 63 65 37 71 72 84
77 75 4 76 42 46 54
12 37 12 72 59 4 4
10 26 21 46 42 46 18
77 26 65 7 59 69 84
25 75 96 76 42 72 18
49 37 65 72 32 72 45
64 75 21 76 71 91 72
33 7
68 77 34 53 79 82 89
28 39 26 37 49 5 9
80 59 80 13 79 82 50
65 77 63 66 44 64 50
34 21 17 36 14 55 50
21 32 8 33 21 20 35
5 16 48 12 28 32 4
5 3 17 48 21 32 27
61 59 76 65 38 98 65
20 2 26 0 20 5 10
29 39 4 33 9 10 27
5 1 50 48 35 25 27
0 3 26 0 38 28 27
5 13 48 0 14 3 10
68 42 80 56 57 82 35
0 39 34 24 52 32 10
61 91 50 56 79 64 50
80 59 76 82 44 82 78
68 21 69 92 79 55 10
34 42 34 82 91 32 78
57 59 50 35 91 51 78
95 55 80 63 65 64 89
21 91 55 82 57 82 65
80 13 69 66 49 64 35
55 42 55 82 28 82 76
0 32 26 24 21 28 48
34 42 68 48 91 55 89
80 53 80 94 91 64 89
21 21 4 16 38 51 48
68 77 55 94 44 64 65
60 59 63 53 65 46 89
0 16 8 14 21 13 35
68 42 69 94 79 10 35
20 2
113 137
151 166
26 62
112 124
70 78
86 104
194 194
77 80
138 165
14 15
34 65
90 125
126 142
65 73
175 178
44 72
143 173
17 23
176 184
141 163
20 2
33 24
18 13
36 31
130 107
143 142
152 160
136 150
79 70
69 32
24 22
92 98
198 170
34 17
123 82
115 80
200 193
126 127
61 69
39 47
15 14
58 7
24 20 29 21 30 29 21
4 2 0 2 1 1 1
8 9 6 5 7 8 4
65 54 63 60 68 67 62
80 79 84 78 85 80 78
8 10 11 7 7 10 10
12 10 7 7 17 17 7
56 44 50 54 57 53 55
94 85 90 99 91 97 88
56 46 51 50 57 53 55
23 12 24 15 19 19 12
35 29 38 30 33 36 30
63 51 62 57 63 61 60
71 60 67 67 75 70 69
24 19 27 17 21 28 21
1 2 0 2 5 2 2
4 7 0 0 0 2 0
20 12 8 10 18 23 8
22 17 19 15 19 24 20
29 23 33 28 31 33 28
33 28 37 31 40 33 30
24 14 27 19 21 27 18
94 99 95 87 96 97 99
86 88 90 90 96 93 91
80 62 77 79 76 83 74
90 94 97 88 91 97 82
98 85 90 97 95 91 91
12 16 18 10 16 14 18
86 64 84 81 85 90 75
49 41 49 50 53 51 53
79 71 77 73 76 77 70
74 64 77 73 79 78 75
27 17 32 21 25 29 23
72 69 72 68 76 72 70
42 34 41 41 49 41 45
65 54 68 57 67 70 62
70 54 64 60 66 62 65
65 51 64 60 68 69 65
59 48 56 55 60 59 58
27 20 29 21 25 29 23
47 41 42 42 52 45 51
83 91 88 81 89 86 80
33 25 34 29 33 35 30
88 94 99 90 96 87 91
45 38 46 47 51 48 52
91 94 95 90 91 89 91
37 33 36 31 48 36 44
11 15 15 9 12 11 12
62 50 57 56 61 60 59
7 8 4 4 6 6 3
94 88 97 97 89 93 88
43 35 43 46 50 46 50
88 80 88 85 88 91 80
37 30 39 35 42 38 39
73 58 73 69 72 75 65
39 31 40 40 45 40 41
74 71 75 69 79 75 75
49 43 46 47 53 48 53
35 7
60 85 77 83 73 87 67
9 32 13 32 27 60 37
82 56 56 83 73 60 67
42 54 8 65 24 31 18
43 85 27 70 68 50 75
70 10 37 32 62 1 55
70 74 77 75 97 80 75
53 10 37 16 50 40 26
60 54 37 32 61 31 11
23 4 66 32 68 0 26
25 65 13 46 39 1 4
82 85 77 70 73 74 75
53 32 35 57 16 54 37
62 1 66 55 27 6 55
25 31 56 32 58 31 35
70 74 82 75 63 87 55
70 74 66 56 73 60 75
1 32 10 65 50 31 37
43 21 13 2 10 54 37
82 74 82 68 63 87 12
92 74 82 69 39 58 55
1 4 2 8 7 23 26
43 28 65 8 13 74 4
70 85 27 83 55 80 67
62 56 82 46 97 74 75
92 63 74 83 73 66 67
92 85 82 13 27 87 55
9 21 31 16 24 40 12
53 49 10 46 19 1 18
82 74 81 83 73 66 66
62 65 76 83 73 66 75
53 21 37 32 10 40 12
1 1 27 46 63 50 37
81 56 66 83 68 80 75
25 49 13 32 39 23 55
54 7
40 4 39 12 42 28 59
28 41 11 20 20 35 25
10 18 39 1 17 52 3
28 66 22 35 29 28 25
73 83 95 60 65 85 83
21 28 22 45 20 35 2
28 36 29 53 9 8 15
21 4 29 6 13 35 11
73 79 39 60 65 62 74
16 14 1 20 42 7 11
10 41 45 40 20 52 25
17 4 11 20 50 35 15
48 64 45 45 50 9 49
73 83 67 19 91 35 92
44 83 95 76 80 22 38
59 83 67 56 80 35 68
28 41 11 20 4 14 15
73 83 22 92 80 62 48
73 66 95 76 91 62 49
73 83 67 92 50 35 92
21 18 45 15 29 5 57
73 18 87 72 50 52 68
3 36 28 12 3 14 38
40 56 22 60 91 62 59
7 41 11 16 29 9 25
52 71 45 8 20 62 25
40 11 45 35 5 9 3
3 0 11 1 1 14 3
44 56 67 60 50 62 83
10 18 35 0 7 22 15
59 71 45 92 29 62 74
73 83 61 56 68 62 74
59 28 11 20 42 22 38
73 83 87 35 50 62 74
0 41 1 53 42 5 15
28 36 1 6 9 14 10
59 35 87 45 17 62 83
59 64 61 72 48 62 83
44 79 67 53 91 85 59
28 41 11 35 29 28 25
73 83 67 91 80 85 92
38 4 45 16 80 28 38
52 41 67 76 29 28 74
17 83 45 72 73 85 59
59 2 1 56 13 28 38
48 71 87 76 73 85 49
17 14 7 40 13 9 1
58 71 87 60 73 85 92
73 56 67 45 50 62 83
73 56 67 60 68 52 92
73 41 67 35 73 35 59
73 79 66 92 73 85 92
73 18 95 76 50 62 74
17 28 29 40 29 3 11
20 5
68 72 56 53 67
154 192 158 187 176
25 45 32 48 66
160 195 164 169 147
22 13 13 15 14
30 64 53 30 61
171 198 171 189 183
108 152 132 139 127
136 179 148 155 138
142 180 155 159 165
69 79 68 73 83
87 105 90 115 94
114 120 127 137 115
82 87 87 119 104
194 199 189 193 193
70 86 86 77 90
67 44 13 24 20
98 131 101 135 135
90 109 100 104 112
99 111 104 121 117
42 7
80 95 84 62 3 7 70
0 19 69 39 9 16 70
54 31 19 62 33 36 70
42 82 32 28 45 36 39
54 31 84 76 9 62 70
28 60 19 85 33 62 23
54 51 84 85 9 62 70
42 1 12 0 28 75 39
42 31 3 23 3 36 70
54 42 12 39 45 50 38
54 31 69 59 74 75 23
36 82 69 28 74 75 89
48 82 43 45 0 1 33
54 60 43 85 33 50 39
8 92 84 59 74 19 89
28 60 19 23 45 16 39
28 42 3 62 1 50 11
80 51 19 45 74 75 70
54 95 69 76 74 62 89
54 82 47 62 45 7 22
36 19 12 39 3 50 64
54 15 32 85 45 75 89
80 95 32 85 45 96 89
36 19 47 15 45 9 33
28 1 10 28 45 12 39
28 15 3 28 9 36 4
18 10 0 28 9 19 61
42 19 19 0 33 3 4
19 8 43 45 1 33 12
80 19 47 39 74 92 70
48 51 17 62 28 18 23
8 31 84 45 45 75 89
19 31 3 76 28 22 12
19 60 47 19 33 19 20
54 42 17 28 45 50 3
80 82 69 45 45 50 23
54 95 47 85 44 62 89
8 42 47 62 3 22 37
54 60 84 76 74 12 57
0 11 47 28 33 50 39
19 60 84 85 9 36 69
36 12 32 39 74 22 61
69 7
83 87 78 80 76 79 79
8 2 9 6 12 7 1
50 48 63 51 49 55 52
68 66 73 63 62 69 69
13 21 16 9 17 18 9
13 16 16 6 8 2 14
33 37 37 33 35 39 38
87 86 89 92 82 82 85
43 40 42 44 40 46 44
31 31 33 29 31 34 30
27 31 30 29 28 32 24
10 3 10 9 8 15 9
23 26 22 23 24 21 23
97 99 96 98 99 96 94
81 74 80 71 68 73 74
90 95 97 96 86 95 91
94 97 93 98 86 91 92
20 25 15 21 18 19 20
39 40 50 37 35 43 48
3 1 1 1 0 2 0
31 34 30 31 28 35 30
23 24 25 27 24 25 28
50 57 67 51 54 53 52
13 16 14 19 14 16 13
27 31 26 28 27 28 29
30 34 33 31 31 33 30
62 54 67 51 54 65 65
68 71 81 67 71 73 69
4 3 6 2 7 4 1
23 26 22 14 21 22 24
86 89 87 84 79 82 84
8 10 11 4 5 0 9
43 42 43 42 40 47 44
10 10 11 15 13 14 7
20 22 20 13 18 19 16
55 52 61 56 46 56 62
6 10 7 4 8 7 9
48 44 57 46 47 56 52
64 62 71 59 57 67 67
62 59 64 58 51 62 64
5 3 5 2 3 4 1
56 54 67 59 57 56 56
47 47 57 46 45 52 51
56 52 66 50 51 62 62
20 22 24 26 22 22 24
39 42 50 37 38 47 40
68 66 73 64 64 69 65
56 62 71 59 57 67 68
46 44 53 45 42 49 47
97 97 97 86 93 96 94
60 62 76 65 63 62 59
37 38 41 37 38 42 39
73 71 75 67 67 72 71
73 71 78 67 64 66 71
88 87 88 80 79 82 87
90 92 89 85 82 88 88
49 49 61 49 49 59 59
73 74 83 72 74 76 71
54 57 57 56 47 59 57
17 20 16 21 22 17 16
88 89 93 92 76 88 88
90 92 95 96 86 90 92
83 78 86 73 76 79 77
17 18 20 9 14 12 16
83 79 83 80 71 79 81
81 79 77 75 71 78 78
38 38 43 33 31 35 44
41 44 53 42 42 49 50
94 95 97 86 93 91 94
16 6
82919 80021 95162 89851 100482 53950
58287 55389 70530 65219 75850 29318
76548 73650 88791 83480 94111 47579
97173 94275 109416 104105 114736 68204
105168 102270 117411 112100 122731 76199
67708 64810 79951 74640 85271 38739
33072 30174 45315 40004 50635 4103
174274 171376 186517 181206 191837 145305
142438 139540 154681 149370 160001 113469
134882 131984 147125 141814 152445 105913
183581 180683 195824 190513 201144 154612
114029 111131 126272 120961 131592 85060
124810 121912 137053 131742 142373 95841
164317 161419 176560 171249 181880 135348
158740 155842 170983 165672 176303 129771
42643 39745 54886 49575 60206 13674
36 7
16 7 18 53 60 60 37
3 67 74 31 48 30 9
52 42 2 1 21 0 24
47 59 74 50 85 95 80
16 86 1 10 3 2 5
40 33 2 4 60 39 49
5 7 26 10 5 36 24
48 16 18 4 48 36 67
4 3 44 10 13 60 32
48 68 35 21 16 17 9
71 2 67 59 21 17 32
40 33 18 34 48 39 70
5 21 35 3 11 52 37
57 42 44 67 60 68 80
40 33 67 38 48 17 70
82 3 88 67 48 39 49
16 17 2 53 46 17 70
57 21 44 10 21 2 2
82 68 26 85 13 17 52
57 68 44 67 60 68 80
16 21 35 67 5 39 37
64 68 88 2 85 7 31
40 85 88 47 60 52 37
82 89 44 29 21 52 24
16 42 67 67 21 68 52
15 62 35 47 15 60 9
57 95 44 9 60 68 70
52 68 44 64 85 39 80
71 62 18 67 11 7 5
71 42 74 85 21 68 52
82 68 74 59 85 68 70
5 59 88 85 21 68 37
71 59 88 59 85 7 5
82 86 74 21 85 95 52
64 89 74 50 4 7 80
82 17 35 85 85 68 32
42 7
16 17 21 12 32 11 21
16 50 65 73 53 88 90
30 24 20 60 2 4 2
58 17 43 6 2 26 8
52 60 65 16 87 45 52
53 60 24 26 72 33 21
83 24 65 60 43 45 63
33 17 11 72 53 38 21
2 1 43 30 32 45 4
83 60 65 73 53 59 81
22 44 43 20 18 6 8
38 11 21 20 72 80 0
40 50 6 12 0 33 14
33 24 24 4 43 45 59
83 70 8 60 12 88 52
38 70 65 51 87 59 90
83 70 24 73 87 88 3
8 50 43 26 72 26 90
79 50 11 73 53 59 39
40 24 43 6 53 20 30
58 70 16 73 72 80 39
40 24 43 30 72 59 12
58 9 32 30 18 38 58
58 70 65 20 37 38 81
22 60 9 60 43 11 14
82 24 61 73 70 59 59
2 44 21 10 13 11 63
83 70 43 30 97 88 81
58 5 15 51 18 38 39
13 11 32 11 18 8 14
58 60 65 16 87 80 90
13 44 32 26 13 20 4
83 5 65 73 69 88 90
18 50 32 30 13 45 52
79 50 61 60 97 80 13
58 50 24 73 28 5 30
58 70 65 73 70 20 63
33 60 65 30 87 11 63
0 1 24 51 53 26 81
53 24 43 60 43 59 63
22 17 9 30 28 45 21
8 9 65 73 37 80 63
61 7
20 27 35 47 65 46 1
28 32 18 10 0 25 48
50 54 21 19 59 45 41
42 64 66 73 59 81 77
12 2 0 3 2 1 57
63 16 81 89 59 81 31
28 34 85 73 74 49 93
17 16 38 31 6 33 48
50 2 56 31 28 49 11
12 38 29 3 27 24 5
63 79 56 73 72 57 85
81 64 76 87 74 81 36
81 60 70 47 74 49 1
32 22 21 31 2 25 9
91 54 56 73 52 57 77
81 79 76 60 65 64 93
0 27 0 8 10 12 4
81 60 76 73 44 64 57
28 34 44 3 44 25 13
42 38 49 47 28 46 48
91 54 68 47 74 64 62
81 79 70 89 65 81 57
50 79 90 73 38 73 62
50 31 20 31 44 49 13
63 47 49 89 38 81 93
81 64 56 43 65 73 62
32 10 4 19 20 18 13
50 79 37 89 74 81 77
50 47 85 89 74 73 77
50 38 90 73 90 64 85
81 77 70 73 74 73 8
63 64 76 66 74 18 77
81 47 29 60 52 73 85
42 22 21 3 38 13 36
17 2 21 31 44 1 21
32 79 90 72 91 57 62
50 79 14 54 52 81 62
6 60 85 66 59 49 41
91 64 90 60 96 81 12
32 38 7 31 6 11 1
20 47 38 43 6 46 13
63 16 81 87 44 73 62
11 22 38 10 17 33 21
20 14 14 3 20 23 48
91 64 81 89 52 81 85
63 79 90 54 96 64 77
63 79 84 23 96 40 62
4 10 38 10 52 13 21
50 1 66 43 37 22 5
28 38 21 53 6 40 41
63 54 76 60 65 81 48
32 34 29 10 2 49 21
79 77 90 54 20 81 36
91 79 49 47 91 64 85
63 79 56 89 59 81 57
1 14 7 29 20 0 21
42 47 0 2 28 1 48
42 64 18 66 38 33 77
20 38 4 60 28 18 31
81 79 85 54 72 57 62
4 2 44 10 28 40 9
20 5
56 48 47 38 44
71 77 132 148 135
41 44 42 44 27
89 73 54 90 84
58 14 25 36 16
131 106 157 157 133
192 186 179 182 183
72 57 73 92 87
82 84 84 88 93
148 127 167 174 175
21 42 35 50 24
197 182 188 187 184
17 16 31 54 65
137 107 160 158 138
145 121 164 163 146
120 97 91 93 104
172 145 171 165 172
99 92 142 93 96
61 50 51 83 68
178 146 179 183 186
16 4
6 9 8 9
6 9 8 9
6 9 8 9
6 9 8 9
6 9 8 9
6 9 8 9
6 9 8 9
6 9 8 9
6 9 8 9
6 9 8 9
6 9 8 9
6 9 8 9
6 9 8 9
6 9 8 9
6 9 8 9
6 9 8 9
35 7
19 47 33 0 16 29 13
10 15 4 27 16 50 3
57 84 47 73 92 67 81
82 66 62 84 92 88 69
39 10 11 67 36 32 31
90 55 68 80 74 80 39
57 84 33 42 44 84 69
75 69 83 84 74 80 81
4 37 3 27 14 9 3
4 37 16 61 6 8 31
39 15 47 0 36 9 35
39 59 11 34 35 61 43
75 50 33 42 36 50 49
82 66 62 84 87 88 69
39 8 4 19 16 5 65
1 55 33 53 6 5 0
82 84 83 34 44 38 81
75 69 83 57 92 80 81
19 75 7 22 16 38 49
57 11 33 46 16 5 61
74 59 68 65 44 32 81
57 37 16 84 87 50 69
39 37 16 21 6 32 3
19 84 74 67 92 75 65
90 47 74 84 78 88 81
19 15 25 42 16 9 0
39 30 25 10 16 37 49
57 84 33 84 78 67 81
82 75 83 61 44 67 69
90 59 74 84 44 67 81
10 9 16 27 36 61 13
90 75 47 61 78 84 13
2 30 16 10 1 50 3
39 53 47 84 78 88 49
90 84 83 80 74 80 69
42 7
26 12 31 0 0 23 63
38 83 59 62 57 81 77
88 98 82 78 73 63 65
38 6 0 12 36 8 15
47 50 16 7 49 23 39
75 76 82 48 78 63 94
38 29 19 21 49 9 53
38 56 59 39 61 58 54
83 83 59 25 78 36 77
75 76 31 70 73 42 62
26 50 16 9 22 40 15
10 24 31 21 0 19 54
47 12 12 7 15 19 54
59 4 31 25 6 23 3
14 46 46 12 32 33 37
88 56 12 70 73 81 65
75 83 59 48 87 63 65
26 21 31 42 34 10 19
44 29 20 0 25 42 8
65 46 31 57 7 53 32
88 83 82 70 87 81 77
16 24 4 57 7 34 50
75 83 59 78 49 81 39
88 56 82 25 57 63 65
22 6 10 25 15 40 15
83 83 59 92 15 58 65
52 50 3 25 7 7 37
65 50 59 92 78 81 14
22 21 46 21 41 53 41
13 15 6 0 41 10 41
59 83 46 34 61 81 94
88 65 82 92 78 58 77
65 83 46 70 57 36 54
73 46 20 34 25 36 21
88 29 6 15 41 42 50
75 76 82 48 87 81 77
52 46 46 48 61 81 77
8 15 10 57 22 63 32
88 65 59 62 36 42 28
83 98 82 78 78 81 32
44 76 20 62 41 63 8
26 15 20 15 36 34 41
20 7
128 126 122 116 124 150 136
61 45 79 74 68 24 89
112 109 114 111 123 176 151
130 161 144 123 105 133 132
138 169 159 179 155 177 142
107 100 113 107 98 124 120
67 69 104 88 86 93 109
66 62 83 85 84 104 118
72 81 110 106 88 123 115
192 193 163 191 166 189 169
31 31 30 52 54 21 79
108 97 109 109 99 127 125
16 19 27 39 15 20 78
47 39 32 53 58 37 85
13 17 22 16 23 19 25
68 95 99 82 71 37 83
48 59 61 55 69 85 93
140 175 161 153 135 185 154
110 122 146 129 164 179 137
194 194 184 198 172 195 188
34 7
91 42 73 7 45 41 4
97 42 86 77 45 88 75
29 30 6 42 45 60 88
97 64 93 59 82 60 62
20 13 4 23 19 41 35
4 13 63 23 12 41 45
4 1 70 74 12 41 16
37 5 40 13 82 1 53
4 42 32 34 19 41 4
20 5 27 75 82 76 4
47 18 86 72 92 91 63
61 42 73 42 45 91 75
47 5 4 13 25 76 4
4 18 32 13 6 15 35
37 30 63 34 25 32 60
61 30 40 59 6 60 63
4 30 50 23 45 32 53
4 5 70 59 19 11 53
36 64 32 77 92 88 88
29 64 86 23 25 40 53
61 42 44 77 19 76 63
91 64 63 23 45 91 88
47 64 44 42 86 85 63
37 13 32 3 1 41 75
61 42 63 34 86 15 63
91 42 73 90 45 13 75
47 42 73 77 92 67 75
61 18 50 13 25 1 75
61 64 93 77 45 67 17
61 62 44 42 45 91 53
2 42 6 59 25 41 17
91 18 39 6 6 67 88
0 18 27 42 12 67 17
29 64 27 90 45 76 75
38 7
64 26 5 53 69 81 42
59 26 15 25 15 27 42
30 17 17 16 43 21 33
0 3 54 30 2 24 6
64 74 45 84 62 65 60
84 57 92 75 62 90 60
84 82 54 67 90 90 81
58 77 54 84 90 53 90
30 22 54 30 8 31 23
84 57 79 53 43 72 90
19 8 8 30 15 3 28
48 55 8 43 24 31 42
30 36 30 18 15 53 11
7 3 30 25 15 3 35
71 57 54 75 89 72 81
30 17 30 3 76 65 22
7 17 0 3 2 27 35
30 54 17 61 15 31 23
84 82 45 43 81 19 81
19 3 17 18 43 20 35
84 36 54 51 81 31 98
48 77 54 84 72 72 60
71 82 45 84 81 90 28
5 36 17 30 8 3 42
0 36 54 28 15 21 35
7 57 79 16 24 51 60
30 36 14 28 24 3 23
71 77 79 43 43 72 42
71 74 79 75 81 27 33
48 57 92 30 76 24 98
84 22 79 53 97 90 42
7 36 13 24 0 2 5
30 82 79 74 43 31 60
48 17 30 30 71 65 11
71 57 15 61 90 90 81
7 26 30 3 15 3 3
30 35 5 61 2 58 35
19 82 89 30 43 56 81
70 2
16 49
0 0
53 0
0 0
0 0
16 49
0 0
53 0
53 0
16 49
53 0
84 49
53 0
53 0
0 0
53 0
53 0
53 0
84 49
16 49
16 49
53 0
53 0
16 49
53 0
53 0
53 0
0 0
16 49
53 0
0 0
16 49
16 49
16 49
0 0
53 0
16 49
53 0
53 0
16 49
53 0
16 49
16 49
16 49
0 0
16 49
16 49
16 49
84 49
84 49
16 49
53 0
84 49
84 49
0 0
16 49
16 49
53 0
16 49
84 49
16 49
0 0
16 49
53 0
16 49
84 49
0 0
53 0
16 49
84 49
37 4
110 128 121 110
61 57 60 58
16 50 33 35
33 38 21 27
36 17 23 50
26 47 17 27
94 116 95 98
119 155 141 129
153 165 169 150
134 162 163 146
64 89 68 75
167 197 187 199
91 130 99 100
81 102 90 95
83 131 120 94
22 46 13 19
117 147 122 122
180 178 175 174
105 111 103 82
58 52 55 51
111 141 139 115
198 182 178 178
147 167 166 162
113 143 133 114
128 154 149 130
21 17 46 32
141 161 158 145
103 92 72 79
143 163 160 161
156 177 176 176
73 85 75 92
155 174 161 160
60 53 65 61
71 81 66 63
57 17 52 47
118 153 144 131
193 189 196 185
90 11
18 23 6 18 18 25 20 19 21 14 28
84 89 88 81 88 87 79 84 85 87 84
41 63 54 41 55 62 49 32 35 41 44
59 27 28 30 51 32 9 48 50 41 48
87 85 82 75 88 76 79 86 86 81 93
13 19 3 10 7 23 9 11 13 7 9
95 95 99 75 88 96 89 91 91 94 87
54 58 44 43 51 47 49 34 37 54 71
38 58 38 37 45 50 49 42 46 54 64
4 3 11 3 20 9 9 8 10 10 9
8 4 21 11 1 2 0 5 7 0 3
90 95 90 86 95 92 89 95 95 89 95
10 10 14 6 24 19 20 16 19 23 13
29 37 28 18 36 35 30 23 24 30 24
20 7 26 18 3 3 9 13 16 3 8
61 31 50 43 53 35 20 50 52 46 49
74 56 70 68 64 52 49 66 68 66 63
24 13 32 6 1 3 0 6 8 19 0
10 7 13 11 26 23 20 15 18 25 21
90 89 93 97 88 87 89 93 93 96 93
97 71 96 90 88 96 89 99 99 89 98
73 76 78 71 82 69 69 77 78 80 79
33 61 48 39 39 54 39 28 30 33 36
3 10 1 6 5 5 0 2 2 3 6
64 43 32 43 58 42 49 59 64 61 67
77 80 85 93 78 80 79 82 83 73 67
24 35 16 27 36 32 30 26 27 24 32
84 69 90 86 85 85 79 89 89 79 83
28 19 35 16 3 5 9 14 17 25 4
24 52 28 34 39 27 39 30 33 41 61
38 31 54 43 18 35 30 51 53 46 24
38 37 39 52 34 56 39 54 57 19 39
33 31 35 37 26 39 30 44 44 14 19
90 89 96 97 97 87 89 92 92 89 87
10 13 0 3 5 5 0 3 3 2 4
24 28 28 27 14 27 20 21 23 7 13
81 89 85 86 88 80 79 87 87 89 87
81 61 78 75 70 63 59 74 75 73 69
0 0 2 0 14 8 0 1 1 9 1
20 23 9 6 9 15 9 12 15 6 12
51 75 57 59 62 66 59 37 39 54 49
33 31 18 39 24 31 30 27 29 18 36
43 28 39 23 26 15 9 46 42 28 19
2 2 8 2 21 9 9 9 11 14 11
68 56 66 71 64 63 59 73 74 58 57
46 43 53 34 45 27 30 52 55 46 32
87 63 82 81 75 66 69 81 82 81 73
80 80 70 81 78 79 69 78 79 73 76
45 41 47 27 30 19 20 49 51 30 21
29 23 39 30 9 9 20 45 43 38 16
54 35 58 52 30 44 39 55 58 51 32
66 48 63 59 36 60 49 63 66 54 53
61 52 62 56 58 56 49 65 67 53 44
70 79 78 61 74 76 69 38 40 70 57
70 48 66 61 61 44 39 58 63 64 61
51 43 45 56 47 68 49 62 65 33 44
95 95 88 93 97 85 89 96 96 96 95
18 4 5 3 0 0 0 4 5 0 6
70 63 63 68 70 54 59 68 70 70 73
76 52 48 61 60 73 59 71 71 66 71
33 37 26 34 39 35 39 31 34 46 49
6 18 3 15 17 9 9 10 12 10 13
59 72 65 56 55 61 59 41 47 58 76
13 19 11 24 30 19 20 17 20 21 21
57 22 21 24 47 15 0 47 41 40 39
48 63 50 43 47 56 49 33 36 37 38
43 68 58 49 64 63 59 35 38 46 53
77 80 74 61 85 73 69 76 77 70 79
68 52 66 61 53 69 59 72 73 58 57
77 58 74 70 64 76 69 79 80 77 76
74 63 70 81 77 73 69 80 81 66 64
54 76 70 61 75 69 69 40 48 64 57
57 74 45 49 69 56 59 67 69 66 73
20 23 21 30 34 22 30 25 26 39 44
64 43 54 49 55 40 30 53 56 61 52
61 80 66 74 63 72 69 75 76 78 82
48 42 20 41 39 34 39 43 45 30 39
29 28 14 16 13 27 20 20 22 10 16
84 86 78 90 81 92 79 88 88 84 84
87 94 96 97 97 95 89 97 97 94 95
90 69 93 86 78 87 79 90 90 84 87
81 86 87 73 84 80 79 39 49 84 79
66 86 74 90 82 80 79 83 84 87 84
97 95 90 93 94 96 89 94 94 89 87
46 43 39 24 43 40 39 29 31 33 32
51 48 61 52 50 42 39 56 62 51 39
1 0 6 1 16 0 0 0 0 3 1
13 37 16 18 30 26 30 24 25 28 28
90 95 93 93 95 96 89 98 98 96 98
33 13 18 22 21 9 0 7 9 25 16
70 3
0 49 39
51 57 3
0 49 39
0 49 39
51 2 3
0 27 39
51 90 3
51 57 87
51 90 3
51 76 87
51 84 3
51 76 3
51 80 3
0 0 1
0 27 39
0 27 39
0 25 39
0 2 39
51 84 87
0 42 39
0 27 39
51 90 3
0 27 39
0 27 39
0 2 39
51 64 87
0 27 39
51 90 87
51 82 3
0 13 39
51 57 3
0 17 39
0 42 39
0 27 39
0 0 1
0 46 39
51 64 3
0 49 39
51 64 3
0 27 39
51 90 3
51 64 3
0 27 39
51 84 3
0 15 39
51 90 3
0 17 39
51 84 3
0 46 39
0 17 39
51 90 3
0 14 39
51 82 3
51 64 3
0 15 39
0 2 39
51 49 3
51 76 3
51 64 3
51 90 87
0 42 39
51 76 87
0 25 39
51 64 3
51 57 87
0 49 39
51 57 3
51 90 3
0 17 39
51 64 87
41 7
23 25 30 22 25 30 29
6 3 3 4 1 9 4
13 9 8 12 12 20 18
67 76 66 70 66 67 69
50 58 46 47 38 40 54
13 10 8 12 9 17 12
35 36 38 35 30 42 44
68 82 75 84 70 70 70
25 36 38 35 28 30 40
95 81 86 80 84 86 88
63 67 71 65 59 61 63
42 41 43 40 34 44 46
29 30 35 23 27 37 31
68 69 66 91 91 96 91
23 30 31 28 24 25 33
64 76 72 69 64 64 65
19 25 17 27 12 20 29
12 10 15 5 9 19 16
10 7 7 11 5 14 16
35 41 43 47 37 43 46
56 59 53 58 39 48 55
62 50 60 58 55 52 58
93 89 93 99 73 96 73
75 90 95 95 91 77 91
58 47 47 52 50 48 52
5 2 1 0 0 1 0
75 90 86 84 95 96 73
75 69 73 71 73 72 70
19 23 22 20 15 28 18
32 35 38 35 30 38 40
13 10 8 12 12 20 18
68 82 85 73 69 69 70
18 18 17 18 15 25 26
58 66 59 61 50 52 59
91 95 95 91 80 77 73
50 47 55 52 39 47 55
34 41 47 47 34 39 44
64 68 61 62 55 64 65
99 78 79 73 80 86 88
7 6 6 5 2 13 11
94 95 73 73 95 70 91
20 6
174 188 189 197 193 197
29 46 29 48 69 63
136 137 77 164 166 174
34 33 23 42 63 46
159 185 156 151 146 91
86 127 55 146 130 80
68 66 43 104 94 72
14 16 17 22 35 14
177 195 174 191 171 175
87 140 85 151 148 95
173 189 168 196 176 163
156 148 140 166 170 187
181 186 95 153 136 111
182 198 190 200 194 200
43 46 31 56 64 30
71 107 39 89 88 65
77 132 71 147 132 81
74 110 49 128 98 73
44 62 32 87 74 64
32 16 15 28 46 25
20 9
68 99 115 100 57 100 80 99 137
38 13 13 14 37 20 50 20 54
59 27 86 70 39 32 53 24 18
101 121 149 106 85 125 133 158 162
48 32 66 41 36 25 58 98 40
52 70 106 92 51 99 101 101 95
75 60 94 75 44 59 67 86 61
55 61 75 72 47 76 76 101 80
85 100 124 99 62 105 112 139 138
45 17 31 25 29 20 27 16 16
119 124 159 118 91 155 137 165 163
149 190 195 159 148 160 151 181 171
151 196 200 184 185 170 185 188 194
106 126 166 133 96 157 140 174 166
133 143 198 182 191 179 199 188 197
129 143 183 153 110 161 145 176 170
36 21 87 97 53 59 77 84 114
46 16 65 43 38 34 60 47 55
97 105 143 103 84 114 121 155 159
125 134 180 155 150 189 191 188 171
56 7
3 76 70 37 86 67 9
9 23 74 61 56 17 25
53 60 74 29 26 54 9
9 0 44 2 13 29 25
75 29 87 22 86 82 91
75 87 19 64 16 64 9
9 29 16 7 13 45 3
37 76 74 82 86 1 64
93 45 29 67 64 82 78
22 8 44 2 36 29 57
75 87 61 82 4 67 23
22 60 65 51 80 0 52
37 45 1 29 4 5 57
53 23 70 14 64 82 64
93 76 61 72 56 67 91
53 45 44 72 86 82 78
75 87 11 72 80 82 52
1 76 87 22 80 54 91
20 68 61 11 43 11 72
37 76 99 82 36 54 78
53 87 5 51 36 45 91
37 29 19 1 43 4 18
37 38 44 29 23 54 7
93 29 5 43 80 29 52
53 29 40 51 0 64 16
9 8 59 72 41 2 90
75 87 40 7 64 20 25
22 45 3 43 16 67 23
75 8 5 72 86 82 78
37 45 40 96 64 82 72
37 2 26 64 64 45 52
4 29 5 72 0 12 25
93 68 74 67 43 82 9
37 60 59 61 26 29 18
53 8 66 11 23 2 25
20 3 11 82 43 45 25
1 8 30 22 80 54 5
4 23 2 14 56 17 43
72 20 19 14 12 12 64
53 76 66 43 43 41 16
37 3 0 22 16 16 43
53 38 74 96 86 45 91
22 87 26 82 56 29 78
93 60 87 64 86 29 91
22 23 44 37 4 17 3
22 68 87 72 33 5 43
31 45 16 14 64 20 2
31 8 74 14 43 67 78
0 68 32 6 43 41 72
75 87 87 51 64 82 78
75 20 74 37 98 5 57
75 76 87 51 36 67 25
31 38 87 51 43 67 89
53 3 44 37 11 45 72
53 57 44 29 98 54 5
75 87 70 82 64 67 43
30 12
47 30 34 23 40 41 39 51 39 21 30 20
81 57 70 86 77 64 49 90 72 71 63 88
96 90 91 90 94 81 95 96 88 96 86 97
96 90 91 90 98 95 95 90 95 86 86 88
64 44 34 62 73 48 39 79 61 28 46 66
56 41 26 35 18 29 31 39 32 24 23 30
10 11 19 8 10 22 19 24 16 7 19 20
25 25 21 14 38 39 34 39 32 19 13 19
46 41 60 23 27 36 43 59 46 19 41 53
47 54 26 35 47 47 43 53 72 45 30 40
27 57 51 23 45 45 49 53 61 44 41 30
52 65 54 59 49 60 76 61 80 57 46 56
10 11 19 8 36 38 18 24 20 15 7 9
86 76 80 88 85 77 87 86 80 71 81 74
45 25 33 21 26 33 19 39 32 15 23 16
52 49 62 56 58 55 49 61 51 28 46 56
81 54 70 83 78 73 81 74 61 57 71 66
9 10 18 5 8 19 9 20 9 3 13 9
25 49 21 14 44 42 31 51 51 35 27 20
10 11 16 8 22 32 9 24 20 14 7 9
2 1 4 1 6 3 1 0 2 1 1 0
56 65 70 59 84 76 76 82 76 60 71 66
8 7 7 2 7 18 2 18 7 2 5 1
76 81 80 82 97 94 87 86 93 71 81 74
86 81 80 87 79 74 86 95 80 86 81 93
76 44 63 62 60 51 46 61 47 45 58 56
56 76 63 62 96 85 81 78 88 60 63 66
4 5 14 5 20 30 2 20 17 9 4 1
52 61 54 35 54 57 62 61 70 45 58 52
99 98 96 93 99 96 98 97 97 97 98 99
58 8
0 1 1 0 1 0 0 0
24 36 24 34 26 46 32 59
58 74 48 57 45 46 91 41
3 13 4 4 3 11 6 3
40 74 45 91 74 57 66 41
31 93 70 61 41 85 88 70
4 2 16 8 22 11 9 1
74 32 58 79 70 74 73 41
55 65 30 58 88 85 90 41
19 18 30 15 13 9 15 24
9 36 5 9 11 24 10 26
74 93 58 55 74 85 93 86
74 65 70 78 74 46 74 86
5 13 13 6 11 6 7 19
74 65 58 72 88 57 80 56
60 21 84 97 74 42 58 70
91 65 70 67 88 74 82 86
19 36 30 35 70 24 33 33
91 80 40 99 88 85 57 70
60 53 58 40 45 34 36 59
8 21 12 3 3 1 5 8
74 53 84 69 37 57 81 86
19 53 84 95 45 85 63 80
10 36 48 16 18 40 16 26
19 53 11 30 13 33 30 33
74 50 84 94 32 57 64 80
15 32 27 47 45 9 52 20
60 30 58 85 74 57 69 36
24 21 33 37 18 17 35 36
91 36 58 52 73 74 96 59
91 36 33 77 69 17 75 80
31 18 48 36 45 37 34 3
31 74 48 54 41 45 94 41
31 21 45 45 37 15 48 70
60 80 28 50 32 37 55 41
40 93 84 96 74 74 62 59
72 80 58 66 26 57 83 70
60 53 48 84 45 74 71 86
60 74 84 75 26 57 79 56
31 80 58 80 32 85 72 41
31 36 33 18 13 24 17 24
58 53 21 25 74 46 27 20
2 2 2 2 2 5 4 2
40 65 48 44 18 46 46 36
40 93 84 86 45 85 68 70
15 21 28 24 24 17 25 3
10 28 16 13 32 4 13 16
31 13 24 46 45 74 51 26
5 50 84 65 88 74 86 70
40 32 48 64 41 17 87 86
74 18 70 93 45 57 65 86
60 36 70 43 26 46 44 59
24 53 40 48 37 24 54 8
15 2 16 21 26 46 20 20
10 31 13 7 8 6 8 18
91 93 33 51 45 42 99 59
74 74 40 56 88 34 92 39
54 50 70 41 23 46 41 41
67 7
64 40 20 91 24 39 76
64 40 37 64 29 4 22
36 1 9 64 18 29 13
64 59 74 36 27 34 4
44 49 74 64 91 67 64
32 52 46 47 40 18 41
36 6 4 5 18 67 2
19 69 28 15 81 18 76
13 69 86 64 2 18 4
64 52 37 31 18 1 22
82 69 7 64 57 12 76
82 69 28 51 40 39 76
82 87 56 47 57 18 48
36 29 20 91 76 59 95
82 87 80 91 13 39 76
21 21 28 36 29 29 28
32 21 33 17 40 2 41
12 10 20 3 48 18 22
44 87 46 36 90 67 95
82 69 56 85 57 9 48
44 12 18 91 91 39 95
64 16 46 17 24 91 39
28 40 33 51 27 34 64
16 69 56 91 57 91 4
8 10 37 7 18 8 4
36 69 74 64 81 67 64
21 59 7 17 29 29 44
82 69 92 51 48 39 76
19 69 56 64 23 67 95
44 49 92 51 81 91 44
36 16 56 17 11 3 48
82 6 56 17 57 59 28
82 21 86 49 81 12 48
82 69 86 85 81 39 48
4 87 92 64 57 39 76
8 59 37 36 6 39 44
44 87 46 64 40 67 76
34 1 18 64 13 33 22
44 52 74 51 29 91 76
8 40 9 11 57 39 64
6 69 37 31 76 34 13
7 6 1 64 76 67 13
8 14 1 64 29 67 64
27 87 74 36 91 39 76
1 86 80 17 29 12 48
28 29 86 31 81 27 64
13 52 13 51 10 67 2
44 29 86 85 81 91 64
44 29 56 36 9 91 48
16 4 3 12 81 29 40
99 21 92 51 91 67 32
44 14 9 4 40 27 13
36 21 28 17 6 59 1
82 59 13 64 76 39 76
82 87 92 91 3 59 48
36 16 80 1 40 9 13
28 40 56 5 24 58 64
44 40 28 36 48 12 4
44 52 56 36 57 12 95
64 87 56 91 57 91 76
28 40 20 36 57 67 13
44 16 4 51 29 7 32
16 69 37 17 91 59 76
21 29 33 13 81 39 4
64 69 56 36 57 67 32
21 16 13 13 48 34 4
64 49 56 85 13 39 76
20 8
124 142 114 77 113 81 123 142
33 46 31 16 48 15 53 17
175 190 190 178 171 193 189 198
140 153 150 95 131 102 155 146
75 49 46 45 69 35 60 33
84 56 52 50 75 61 121 82
93 98 96 63 120 78 145 143
137 165 118 90 97 64 97 71
183 194 189 175 186 181 198 188
107 137 138 103 125 85 149 145
170 182 175 170 168 166 188 158
169 181 164 165 150 121 178 151
89 119 77 59 82 73 110 140
32 19 36 22 18 23 43 24
144 123 89 60 81 66 80 43
164 177 171 143 161 153 180 153
67 50 44 20 42 13 18 26
87 108 54 52 73 44 83 56
42 37 21 40 68 26 26 27
141 166 153 116 132 113 150 144
34 7
39 35 25 55 38 12 30
9 3 11 21 3 4 8
10 7 15 1 11 4 15
10 0 6 21 3 7 8
60 56 52 55 49 48 78
7 1 9 14 2 2 0
55 45 44 50 31 40 47
46 71 86 81 49 77 69
21 24 21 34 11 22 23
29 35 41 48 20 32 47
64 72 62 88 77 79 84
54 40 25 36 20 32 30
0 3 9 0 5 2 0
29 35 41 43 29 29 42
41 59 54 63 47 48 60
99 90 94 96 92 98 91
24 26 25 35 19 25 27
46 40 44 71 31 67 70
41 68 39 75 47 48 60
20 20 21 32 17 22 23
70 45 39 69 77 48 84
60 56 59 63 59 48 58
72 96 77 96 77 97 91
46 59 62 51 38 40 57
19 7 12 29 10 12 15
57 72 51 77 49 77 74
15 15 16 21 15 12 19
57 72 71 75 43 48 70
68 96 94 96 92 98 91
60 82 91 88 59 79 78
94 96 91 81 70 79 91
28 32 32 36 20 28 30
72 90 59 81 92 79 91
72 82 94 71 77 67 84
100 15
39 793 107 275 580 252 157 368 288 156 265 290 67 285 196
781 765 845 467 480 746 579 958 882 860 812 558 503 329 604
176 285 845 854 580 915 854 599 451 686 812 558 117 723 527
669 573 715 950 864 489 613 534 585 768 812 989 564 898 527
11 41 155 48 73 74 30 62 64 56 56 125 148 34 23
230 573 449 340 580 355 430 409 155 526 609 652 357 525 527
781 664 715 625 978 672 729 837 882 526 812 177 924 723 371
230 311 81 207 122 425 166 222 64 330 35 120 167 95 55
176 157 99 99 79 252 157 80 255 54 177 48 21 46 74
39 157 194 103 93 105 43 90 180 100 186 155 167 46 79
504 793 845 671 802 672 484 729 823 526 609 798 924 723 849
669 611 616 494 626 621 854 924 882 686 609 989 564 430 931
452 343 616 265 626 105 613 323 451 457 426 125 96 611 291
332 343 99 395 296 672 484 453 131 374 186 663 436 181 604
669 836 715 668 978 508 854 753 338 686 812 663 564 898 761
504 505 220 237 480 621 166 275 338 526 290 353 66 505 213
647 700 561 585 731 969 484 871 882 364 290 823 924 898 761
153 505 355 343 296 413 613 413 112 768 511 467 323 525 291
332 664 616 414 296 217 415 500 614 526 397 558 723 492 454
781 836 715 507 480 915 854 919 858 526 609 842 117 723 405
11 17 24 10 62 60 42 54 20 43 39 7 10 24 55
371 611 155 407 296 355 613 461 723 686 470 177 167 505 454
669 700 715 449 704 969 556 967 451 768 397 842 233 611 454
77 252 305 162 138 186 484 114 32 118 371 353 6 329 101
781 664 951 500 874 746 854 923 882 526 812 842 924 898 604
371 836 951 659 895 672 556 796 723 374 498 842 723 430 849
650 611 670 704 731 621 613 708 823 526 511 378 723 525 371
332 505 115 166 245 186 192 125 155 156 134 68 357 117 201
669 793 355 773 802 915 854 676 723 428 239 842 564 858 371
230 311 355 264 480 499 116 298 234 374 222 252 503 329 123
616 836 670 884 864 969 596 556 288 860 599 989 376 723 604
207 505 95 216 119 186 430 241 338 267 511 378 117 148 405
153 700 355 231 626 252 579 274 234 176 426 378 428 426 175
781 573 449 470 895 969 579 941 823 267 609 781 503 525 527
230 341 449 181 93 355 370 160 288 56 333 68 167 95 101
504 505 616 312 122 672 613 391 338 156 609 290 390 148 604
104 700 194 317 463 621 415 394 276 267 511 495 217 329 527
39 101 47 54 79 115 43 66 64 49 134 48 21 51 79
123 111 104 58 93 63 84 68 64 100 39 40 21 58 123
230 569 616 359 232 508 430 420 274 457 498 290 564 94 213
307 101 355 227 296 186 370 266 338 100 511 467 233 235 405
452 700 305 385 296 334 484 442 288 267 177 378 376 723 291
230 241 336 408 480 334 221 464 823 246 239 495 96 235 604
371 956 845 583 895 508 221 881 338 768 812 378 233 430 849
452 343 561 401 463 451 613 460 451 180 498 663 390 525 245
781 700 449 706 704 907 344 696 723 860 609 781 723 898 974
332 343 126 215 282 252 579 238 537 428 294 167 148 329 245
781 956 616 629 895 508 221 818 723 860 511 968 436 858 761
580 573 951 759 895 508 854 678 537 526 426 558 233 525 604
504 836 715 863 704 115 729 589 637 860 609 558 436 858 500
650 573 220 246 480 425 579 288 614 195 222 116 436 235 291
176 241 305 167 245 252 112 130 131 128 165 216 357 285 101
230 836 670 444 978 217 401 977 338 526 812 663 564 723 201
77 111 213 179 138 334 556 152 276 118 56 378 167 235 201
371 252 336 177 296 451 415 136 451 330 265 125 323 143 175
669 700 951 461 580 915 854 962 723 860 812 290 564 285 761
11 41 24 31 73 72 84 56 112 81 134 40 41 51 23
332 252 670 415 480 217 401 531 451 267 609 654 323 611 454
77 505 355 188 245 252 344 166 12 370 333 290 167 258 371
669 836 715 418 704 672 579 1000 858 457 265 968 564 723 213
669 505 951 864 626 425 729 585 882 267 333 842 723 329 849
452 765 698 476 874 969 854 940 637 457 426 842 723 611 527
207 343 355 199 138 355 116 175 255 156 333 177 436 63 123
39 111 81 74 78 74 344 73 131 195 255 123 52 58 55
207 836 845 527 626 621 556 907 882 526 812 558 436 723 245
781 836 715 877 895 915 729 570 858 489 609 781 723 505 849
669 836 715 440 874 672 854 984 614 330 511 663 436 723 196
616 700 951 617 474 746 854 859 585 768 265 781 723 329 761
669 611 155 820 480 746 596 640 858 526 304 968 723 415 849
669 793 449 643 895 508 854 809 723 330 812 663 924 611 500
452 836 449 662 480 746 729 773 882 768 812 663 564 858 849
332 157 449 277 296 508 729 369 338 489 156 495 436 258 291
669 793 301 297 874 252 166 375 451 686 371 663 323 63 527
230 956 449 660 731 672 596 776 858 686 599 558 924 611 604
104 111 53 148 93 122 192 107 288 100 222 125 96 95 291
371 664 951 774 802 746 729 666 723 526 426 798 723 430 454
0 16 15 1 1 13 20 29 0 10 7 5 1 20 4
504 836 715 483 731 915 202 936 637 457 812 378 723 611 527
371 700 449 840 802 746 221 615 858 860 470 842 723 723 527
371 793 845 452 802 746 332 964 823 526 609 495 723 426 213
504 505 845 522 802 746 729 908 882 489 511 781 723 898 405
580 956 715 734 245 915 854 687 637 374 812 290 564 723 761
781 569 428 810 580 746 484 659 823 860 812 558 233 898 604
580 611 616 410 704 746 579 469 723 428 599 558 376 285 527
8 28 20 7 40 55 30 35 32 43 9 29 10 35 21
650 700 715 901 480 451 729 552 823 860 511 663 924 858 527
781 700 951 651 232 746 854 801 537 768 812 663 564 430 931
650 956 715 869 802 969 729 584 858 686 609 663 217 611 974
371 836 449 684 731 915 729 728 255 860 812 495 924 898 454
669 956 616 842 731 508 729 600 823 768 609 842 564 611 291
371 285 155 203 245 186 430 187 276 195 56 120 52 525 243
452 700 449 856 626 969 729 598 882 860 511 663 357 611 986
781 573 845 696 895 915 729 709 723 768 511 842 564 181 761
452 343 561 268 626 621 484 353 614 374 371 378 503 148 291
452 343 126 263 731 508 401 289 451 128 511 216 436 430 371
452 956 220 905 895 915 854 550 882 428 371 968 723 858 928
11 252 74 145 79 115 116 104 28 56 30 116 41 51 48
452 836 449 381 122 746 729 435 274 370 609 252 390 329 454
230 505 355 392 480 621 370 443 585 686 609 155 217 430 527
781 836 428 815 802 672 854 646 723 457 609 290 723 611 604
33 7
81 6 49 12 13 6 1
95 30 61 27 42 30 9
95 56 61 10 53 38 28
46 72 61 16 61 2 59
35 86 15 89 53 53 59
23 83 35 35 13 38 58
81 50 0 54 13 53 43
23 14 61 85 10 3 28
66 56 1 36 39 80 3
31 56 32 12 13 0 53
14 72 49 23 93 53 43
35 50 21 54 42 30 43
46 56 85 85 32 53 28
66 86 49 29 61 96 43
81 56 61 36 8 1 53
21 35 1 54 7 6 28
35 10 61 54 90 53 9
46 19 91 89 32 40 59
95 86 96 89 83 14 59
28 19 21 36 13 27 9
9 14 46 16 61 14 26
81 86 91 36 42 40 59
14 7 49 36 53 40 7
35 30 49 3 32 14 9
81 86 61 85 83 96 53
95 72 21 89 61 80 59
66 56 61 54 5 96 59
21 14 49 36 4 90 53
46 7 1 54 42 40 4
31 56 4 16 42 6 9
95 83 85 29 93 53 85
66 72 49 89 83 53 85
81 83 85 89 53 53 85
68 7
64 63 61 62 62 59 50
63 64 65 64 65 62 53
2 3 2 2 4 1 0
77 78 78 78 79 76 76
53 54 52 56 55 53 46
76 77 77 77 77 75 69
85 98 98 94 90 84 91
14 9 11 9 9 11 9
44 46 48 48 48 47 42
87 78 79 81 81 82 69
6 5 0 4 4 6 5
29 31 29 31 28 28 25
90 98 94 88 90 94 97
19 10 18 22 20 14 14
34 36 36 37 35 33 30
59 57 58 59 57 58 49
26 21 25 28 26 22 21
69 70 70 72 71 68 63
26 19 29 28 31 28 28
10 8 9 8 8 10 5
5 1 2 3 3 1 2
29 26 33 32 28 28 25
24 20 24 19 18 21 18
16 10 16 10 10 13 10
81 87 82 79 82 81 83
38 39 38 39 41 38 33
57 58 55 58 57 57 48
37 39 41 43 39 37 33
67 66 68 70 67 64 57
35 37 38 40 36 36 31
60 59 59 60 61 59 50
10 7 9 7 7 8 7
79 78 79 80 82 78 76
44 45 45 48 47 46 40
42 42 44 45 45 43 36
56 56 54 57 56 54 47
20 13 17 15 13 14 16
90 93 87 91 87 94 86
31 35 35 34 32 31 29
6 5 7 4 6 6 4
41 44 43 45 45 44 36
80 87 83 88 85 80 84
40 42 42 44 42 41 35
48 50 50 53 52 49 43
22 21 23 27 22 18 21
90 95 94 82 88 84 97
75 74 75 76 75 73 67
44 48 45 52 51 47 40
88 95 85 82 90 88 94
72 72 74 74 73 71 66
94 90 98 94 88 94 86
49 51 51 55 54 52 45
16 10 14 14 10 12 15
61 62 61 61 64 61 52
21 15 20 23 21 17 18
67 67 68 70 67 65 57
36 38 37 33 34 33 31
94 93 92 91 90 91 85
26 26 25 28 25 23 24
71 71 71 73 72 70 65
66 64 64 64 66 63 54
94 90 85 94 90 91 91
23 17 20 17 14 19 17
94 84 87 94 90 86 95
73 75 75 75 74 74 68
2 0 1 1 1 0 1
47 48 49 51 49 49 43
88 84 84 82 86 88 82
65 7
8 46 3 14 47 26 15
15 20 13 28 78 18 15
92 92 72 71 38 83 82
80 24 20 47 38 26 78
71 56 4 19 78 26 6
14 24 2 14 14 4 18
46 81 8 71 60 26 38
0 35 28 22 11 18 82
51 68 13 86 60 72 30
80 64 84 47 60 72 31
67 9 5 28 10 7 9
51 35 35 10 59 13 55
0 0 50 19 60 58 9
59 68 86 86 14 11 82
30 13 35 47 21 67 75
60 3 66 7 57 0 38
92 68 86 81 84 72 82
71 92 66 81 84 83 82
60 35 50 28 47 26 18
15 13 50 47 60 61 15
0 19 35 25 4 26 6
30 20 20 81 46 61 38
92 89 50 47 4 72 82
92 68 28 22 84 83 38
71 92 28 7 84 72 55
51 56 50 86 60 83 82
67 46 86 81 84 72 38
8 4 72 10 21 26 31
40 81 50 28 21 26 78
51 64 20 28 2 2 78
15 92 86 86 4 83 82
0 56 84 47 0 26 75
22 56 66 22 78 2 1
80 13 86 28 84 83 72
30 56 5 47 37 13 9
51 35 50 47 14 26 38
71 68 66 75 21 72 55
71 81 50 47 21 26 99
92 89 28 1 33 83 31
80 4 86 13 60 83 55
23 68 35 14 14 23 31
30 46 13 1 60 22 38
80 46 79 28 47 26 82
46 24 35 46 2 61 55
30 9 12 7 21 23 55
60 43 18 28 60 7 38
80 68 20 86 98 67 31
80 81 86 25 84 4 3
51 9 72 28 21 26 3
80 56 50 28 36 26 55
49 68 28 81 78 18 72
50 64 35 75 78 83 82
92 24 86 47 38 83 18
23 42 86 47 11 61 9
23 24 20 71 47 11 55
80 46 72 86 60 26 97
40 46 18 14 60 72 38
26 46 79 28 84 58 55
40 43 72 0 47 26 38
30 81 35 25 33 26 18
21 4 66 14 38 13 38
67 92 72 47 60 83 29
71 68 86 47 84 72 55
60 35 13 47 21 67 31
26 24 66 75 98 83 18
39 7
75 65 48 31 61 64 80
4 17 28 41 48 51 51
77 61 48 31 83 89 66
5 33 28 24 8 18 62
23 6 11 53 28 54 41
29 33 48 53 30 16 66
5 17 4 7 14 54 80
26 85 6 34 37 13 36
38 33 28 7 14 2 23
29 6 48 71 34 18 24
21 31 12 4 61 32 36
60 78 28 28 61 42 51
44 17 12 7 48 18 5
23 73 80 71 83 64 66
60 61 48 13 83 7 24
77 33 21 71 61 89 94
44 17 28 31 5 18 24
44 65 48 84 34 83 66
44 33 48 53 8 7 14
26 6 28 13 27 13 34
29 17 80 71 48 64 66
44 78 87 84 37 64 99
29 78 90 53 37 32 89
44 91 28 84 61 89 80
38 33 48 53 14 18 66
44 78 80 84 48 89 94
9 33 28 1 30 32 51
60 33 48 84 37 64 41
77 65 90 41 28 64 66
26 6 28 41 14 2 51
60 73 90 71 30 64 80
77 65 87 84 37 64 80
77 91 89 41 61 89 14
16 85 48 84 83 54 62
77 91 48 71 83 89 51
17 0 21 41 48 18 62
23 0 12 28 14 42 24
29 73 26 34 83 54 41
77 91 48 84 83 89 78
34 7
77 82 92 76 54 67 80
17 57 49 76 78 85 80
19 51 11 24 15 12 8
18 21 11 22 39 45 31
84 87 71 76 39 67 57
38 23 92 52 78 30 76
84 90 71 76 39 16 72
14 15 0 17 7 45 31
84 23 37 43 73 91 95
65 57 49 82 88 67 47
55 1 11 17 7 54 2
84 90 62 82 73 61 57
19 15 2 6 39 16 16
50 57 62 34 95 54 47
6 52 11 7 2 45 21
68 85 71 82 88 91 80
31 11 11 10 22 12 21
68 90 94 65 88 67 31
55 1 11 43 2 30 21
38 11 8 38 15 61 8
84 57 71 69 88 67 80
84 90 37 56 73 91 57
38 82 8 24 35 5 31
55 15 49 48 22 45 16
65 85 71 82 70 85 57
50 57 37 56 54 30 21
77 57 62 38 78 54 80
68 57 71 82 88 91 14
16 35 37 52 35 16 47
55 56 11 10 35 1 47
4 35 37 69 22 54 2
68 21 94 65 72 85 80
77 52 48 48 88 85 72
8 35 11 43 21 15 29
57 7
24 54 85 17 7 85 57
11 10 15 56 75 11 57
88 91 52 92 87 85 67
74 10 23 51 24 51 72
54 24 36 2 56 37 22
24 91 69 51 78 3 5
66 1 7 6 9 51 2
59 54 44 40 0 11 35
45 24 76 88 87 57 79
66 20 74 76 2 11 35
0 10 13 76 78 68 97
16 18 36 17 56 27 69
95 84 85 76 78 85 97
63 20 36 5 75 3 0
83 4 32 56 75 57 57
45 24 85 56 67 85 79
16 24 13 40 12 27 5
59 24 85 40 78 68 35
66 36 15 56 87 51 17
63 72 7 17 40 3 54
16 20 36 17 28 42 28
74 36 85 15 78 42 5
11 36 15 0 12 37 0
88 84 76 76 78 85 79
11 20 52 15 56 11 67
1 7 23 56 0 8 28
88 72 85 88 7 37 57
95 72 32 31 71 68 35
16 36 23 17 6 0 2
5 10 85 92 33 85 54
24 36 44 31 71 57 79
54 91 44 56 40 68 28
24 24 11 17 9 57 13
16 36 23 12 12 11 5
24 19 69 51 33 2 22
88 72 52 56 33 68 79
66 84 32 76 67 57 35
24 72 76 56 99 57 35
24 91 60 76 78 68 79
66 3 1 2 9 57 35
74 54 52 9 56 27 28
5 36 5 56 12 42 18
83 91 76 51 28 68 79
88 54 60 92 24 68 35
49 91 23 56 71 51 79
54 54 32 56 40 11 72
95 84 59 31 87 57 72
49 54 44 40 12 42 18
24 72 22 31 56 27 57
63 36 60 12 87 42 97
49 54 74 56 40 10 57
95 4 12 88 40 68 57
1 36 52 6 2 37 28
88 7 85 40 33 85 79
83 36 36 76 71 68 79
66 91 15 92 56 27 57
88 72 69 92 87 85 79
42 7
9 10 13 13 24 10 14
85 81 67 92 77 96 82
50 61 67 63 77 87 56
79 54 43 27 67 53 51
85 81 77 84 93 96 77
38 36 32 27 40 9 22
38 55 49 41 59 53 46
69 98 90 92 77 90 77
20 20 15 15 35 25 30
38 22 29 16 37 28 38
0 6 1 3 3 6 1
5 25 13 3 9 12 1
60 65 49 70 42 77 75
17 6 11 13 24 6 1
50 51 37 16 41 39 41
55 59 35 49 56 33 24
63 73 77 92 93 98 70
81 88 71 92 89 69 82
55 46 51 63 42 69 65
69 73 57 84 67 87 77
14 51 32 24 59 49 26
85 95 90 79 88 98 70
63 64 71 63 85 77 56
67 60 76 63 74 33 56
91 81 90 84 89 61 82
80 70 51 49 74 61 52
30 6 18 8 10 25 29
8 28 15 8 10 22 9
77 65 43 63 71 61 52
9 29 18 16 38 28 24
38 36 37 51 24 39 46
55 51 37 24 42 33 41
81 73 77 70 87 90 65
13 10 2 8 24 22 12
60 61 37 51 59 53 41
1 10 10 2 1 5 0
30 50 43 27 52 49 26
67 65 56 81 52 72 75
91 79 77 92 93 77 82
22 55 57 51 71 72 38
91 88 90 70 93 86 82
77 46 29 22 51 49 30
35 7
11 47 46 27 56 31 30
59 73 6 56 81 84 67
7 36 22 2 30 5 52
75 85 76 62 56 21 81
52 19 0 7 30 0 26
75 57 76 76 36 97 82
83 85 76 27 83 52 82
28 2 28 25 17 45 4
11 42 3 27 17 21 21
5 23 57 43 4 18 55
8 23 1 16 3 6 30
52 7 5 1 6 31 11
27 7 28 17 17 33 11
59 51 61 43 36 52 65
52 42 17 17 6 33 21
83 54 76 69 89 52 30
59 73 76 56 83 84 56
11 2 28 3 36 45 11
52 54 55 69 89 48 56
41 72 57 43 77 84 82
83 73 46 62 83 21 56
83 73 76 76 56 33 65
83 85 76 76 56 84 67
11 23 1 17 0 6 11
83 57 61 76 56 84 82
75 47 61 25 36 13 82
28 23 28 17 6 10 20
38 57 28 27 36 18 56
59 73 61 75 36 52 67
59 85 57 27 77 48 26
28 57 76 69 89 80 82
25 85 76 76 56 84 56
83 42 57 69 89 80 67
41 23 46 27 17 13 30
8 0 6 17 76 13 10
20 8
176 189 195 192 193 199 148 129
195 156 199 194 144 149 153 160
93 113 107 136 85 114 91 108
49 41 73 64 45 61 58 55
170 151 179 163 158 137 137 194
50 56 87 76 55 69 59 65
86 94 135 98 81 96 89 101
62 62 105 80 59 94 79 70
66 87 106 93 79 83 78 88
171 156 180 177 125 124 103 121
72 60 100 83 57 93 88 100
183 177 198 190 138 194 164 175
103 126 137 161 100 131 120 147
117 139 143 148 92 116 93 116
157 143 158 150 90 119 93 118
46 45 61 59 34 53 53 51
57 20 94 74 50 72 72 66
43 14 18 23 30 48 36 23
30 13 26 31 14 27 31 35
45 18 33 50 25 28 48 48
39 7
42 36 76 43 45 51 34
66 48 56 53 75 61 73
66 91 90 53 61 75 63
17 1 3 2 10 18 5
58 30 56 36 50 61 18
48 48 60 48 37 69 60
38 28 36 24 22 23 30
41 24 41 43 37 31 24
44 29 49 48 51 41 34
44 66 67 67 19 31 63
61 48 88 86 72 75 60
10 3 3 13 6 6 9
89 82 60 70 86 69 90
31 5 13 16 16 26 14
95 91 96 98 93 84 92
34 30 53 36 24 31 30
34 40 24 29 24 41 40
38 20 66 28 27 41 18
3 5 13 13 1 14 9
58 30 71 48 59 61 40
10 24 34 16 19 18 14
17 3 3 10 10 18 5
64 82 90 86 51 96 92
3 0 24 1 16 6 0
3 1 1 2 1 3 0
75 99 96 86 71 84 78
75 82 71 84 75 51 90
66 81 96 86 80 91 92
61 42 39 34 61 29 71
72 65 90 84 75 84 62
64 42 60 48 54 69 40
95 91 80 86 93 75 92
70 72 40 67 72 50 85
49 40 80 53 54 61 40
17 20 24 16 21 16 24
49 72 76 69 48 75 70
10 30 13 24 16 26 30
75 70 56 53 61 61 78
75 66 96 96 80 91 85
53 5
161 183 194 192 194
76 90 103 118 104
33 58 65 71 66
23 32 21 21 25
28 49 33 21 45
59 79 92 86 73
68 61 42 60 33
95 106 99 112 105
162 174 158 182 160
31 39 23 58 64
42 75 70 65 48
197 177 181 186 176
94 108 97 80 98
14 27 15 31 38
135 137 139 156 141
30 61 74 103 101
67 89 98 100 96
103 117 118 130 139
155 169 164 174 173
44 51 60 69 73
102 122 127 125 122
188 188 193 185 191
29 31 32 50 46
55 78 82 67 60
172 163 171 183 188
160 158 154 163 154
144 150 148 159 152
146 148 138 154 137
106 131 130 152 121
75 103 101 110 102
187 173 152 172 155
104 124 120 123 120
145 157 147 158 150
15 16 13 26 41
168 170 153 168 156
199 195 198 195 196
170 176 160 184 184
17 29 30 40 40
149 162 149 161 145
134 114 117 114 108
34 59 61 74 78
143 156 137 155 142
57 75 94 107 78
110 127 129 140 136
137 133 132 141 133
189 189 190 187 192
100 113 116 122 114
158 167 156 173 170
72 97 96 95 71
141 141 136 128 125
43 74 73 66 54
98 109 109 119 118
200 195 197 193 195
99 8
71 69 70 24 66 70 73 59
15 20 10 8 22 13 24 11
4 3 11 34 4 5 3 13
10 11 21 38 10 13 15 21
56 55 53 19 57 57 57 44
17 11 13 67 12 22 3 11
64 59 60 54 62 66 64 66
99 98 98 32 94 97 97 98
83 79 81 60 84 83 82 83
80 77 77 26 69 82 79 67
39 43 43 78 41 42 33 41
14 18 7 7 19 12 21 7
29 25 28 73 25 33 18 27
55 51 53 51 55 57 54 59
11 13 5 5 13 7 15 5
90 95 90 97 94 91 91 93
58 69 63 86 70 59 57 69
7 6 15 36 8 9 9 16
12 17 6 6 16 9 18 6
93 89 93 30 88 91 91 86
72 77 73 90 78 74 70 78
70 65 67 56 70 70 70 75
88 89 86 95 88 87 85 89
51 59 55 83 49 52 48 61
7 8 4 4 7 5 12 4
62 59 60 21 61 61 64 54
83 88 84 94 86 81 82 86
33 33 21 12 32 32 36 26
25 25 33 42 28 19 27 35
35 41 33 76 35 38 27 33
46 51 50 81 46 49 42 51
50 53 47 18 55 56 54 41
27 29 19 11 28 29 33 21
59 55 56 52 57 61 57 62
12 15 23 39 17 15 18 24
64 72 67 88 73 66 64 74
37 42 36 77 39 41 30 38
31 35 39 45 36 30 36 44
41 45 45 79 42 46 36 44
5 4 13 35 6 8 6 14
1 2 1 1 2 1 3 1
44 48 47 80 44 48 39 47
49 53 52 82 47 51 45 53
20 23 28 41 25 17 24 32
26 29 36 43 31 23 30 38
68 63 67 23 65 68 70 58
20 16 19 70 17 25 9 16
22 25 11 9 23 21 27 16
41 45 39 16 50 44 48 37
35 35 23 13 36 36 39 30
23 28 15 10 25 27 30 19
46 50 41 17 54 55 51 38
53 48 50 50 52 49 51 56
54 66 58 84 52 53 51 62
44 39 44 47 39 38 42 49
51 45 47 49 51 46 48 54
56 68 62 85 62 54 54 68
30 31 38 44 32 28 33 41
68 63 64 55 67 68 67 71
86 83 85 61 86 85 85 86
18 20 26 40 19 16 21 28
91 86 90 29 85 90 88 84
41 37 41 46 38 34 39 47
80 75 77 59 78 78 79 81
75 79 77 91 81 77 73 80
27 23 26 72 23 31 15 24
64 62 64 22 62 63 67 56
33 34 31 75 32 36 24 30
31 31 30 74 28 34 21 28
95 96 94 98 96 94 94 96
67 76 71 89 76 70 67 76
83 83 86 28 78 85 85 71
24 18 25 71 19 26 12 21
92 89 92 63 91 91 91 93
2 4 2 2 3 2 6 2
79 72 75 25 67 75 76 62
15 8 9 66 11 19 0 8
9 8 17 37 9 11 12 19
74 72 73 58 76 75 76 78
78 83 81 93 83 80 79 84
46 43 45 48 47 44 45 51
82 82 81 27 73 84 82 69
3 0 8 33 1 3 0 8
98 96 99 65 98 97 97 98
62 58 58 53 60 63 61 65
18 13 17 69 13 24 6 15
59 57 56 20 59 59 61 49
77 81 80 92 82 78 76 81
87 86 88 62 88 87 88 91
0 1 0 0 0 0 0 0
38 37 31 14 42 38 42 33
72 67 71 57 73 73 73 76
94 92 95 64 96 95 94 95
96 92 96 31 91 96 94 89
61 71 64 87 72 63 61 71
5 6 3 3 4 3 9 3
89 92 88 96 93 89 88 91
39 39 33 15 44 42 45 35
96 98 96 99 98 97 97 97
59 7
21 42 36 27 24 25 24
55 70 70 61 73 67 58
91 95 93 91 98 97 97
71 75 65 66 71 74 69
38 38 41 29 40 36 30
2 6 9 8 7 2 4
45 51 46 42 49 48 43
17 7 13 11 12 6 10
33 51 44 36 40 48 33
64 72 73 66 76 71 71
42 46 44 39 45 39 30
4 16 7 11 2 10 18
54 61 65 55 63 65 54
21 12 20 15 16 8 15
62 62 60 55 49 67 62
33 43 29 29 24 44 26
1 12 1 5 1 9 10
26 16 22 25 18 10 20
17 24 21 15 12 22 21
30 45 41 29 33 29 27
42 54 47 50 52 56 49
93 86 91 91 94 91 89
97 95 93 98 98 97 99
50 57 67 49 71 56 54
86 77 81 86 84 87 86
32 41 36 34 28 29 24
40 47 41 36 33 36 33
45 56 49 42 47 50 43
97 94 93 98 97 97 97
38 47 39 41 33 47 33
60 71 63 55 66 70 59
20 16 22 15 18 16 18
86 80 73 74 84 82 75
4 7 18 13 7 18 17
8 7 18 14 7 5 16
83 80 81 82 84 87 89
8 3 9 6 15 6 4
91 86 87 91 90 91 93
0 0 0 2 0 1 0
21 38 27 22 23 25 23
64 66 67 66 65 71 66
7 3 7 9 4 4 3
76 77 78 74 77 82 86
30 33 29 27 24 18 21
42 54 52 39 45 55 49
76 77 78 74 77 80 80
50 59 53 55 54 66 54
26 26 14 22 16 10 13
50 59 60 50 57 56 53
71 69 70 73 66 74 71
93 86 91 91 96 91 93
33 36 29 25 33 29 27
45 50 49 29 54 50 46
64 63 54 61 66 67 60
89 85 86 82 84 81 89
69 73 77 66 73 74 69
2 0 1 6 2 3 0
83 80 88 82 93 87 80
40 57 47 46 40 50 46
38 7
2 1 40 38 8 31 69
7 63 10 59 30 19 44
6 8 12 12 51 23 9
15 46 57 59 8 5 57
73 18 12 12 8 16 44
59 19 40 38 17 7 24
87 63 57 82 51 9 51
33 63 82 82 82 28 34
33 85 12 59 35 83 83
59 25 57 38 0 31 24
59 24 82 59 30 23 34
79 63 82 59 17 63 83
56 25 82 27 82 75 83
12 25 0 38 35 34 3
59 85 69 76 82 83 83
87 63 98 82 57 75 83
87 49 23 82 57 19 51
7 25 69 59 17 9 24
19 19 23 2 57 28 57
79 49 98 76 57 34 83
51 49 6 2 57 9 34
33 63 40 27 51 63 34
87 85 82 79 35 15 69
4 6 69 82 17 34 83
33 63 82 59 57 6 69
73 45 23 38 30 19 66
79 23 40 38 0 9 3
19 85 23 79 82 34 57
87 85 69 82 82 34 34
33 49 23 18 0 34 69
19 49 57 82 57 63 44
19 49 23 38 35 0 51
33 49 57 59 57 63 9
15 25 0 18 8 60 44
12 63 7 27 35 8 24
87 63 12 12 82 27 83
19 85 40 82 82 23 69
87 63 69 76 8 16 83
20 6
24 18 32 15 29 21
126 136 137 135 153 131
162 200 173 184 191 178
134 146 162 147 178 152
151 148 160 156 155 167
60 79 64 49 69 77
94 130 139 133 143 123
73 73 53 41 63 75
83 86 102 90 124 92
84 114 103 84 99 90
139 166 166 179 180 170
115 117 135 97 128 116
102 84 96 65 72 66
68 81 95 72 94 86
127 141 124 92 101 103
40 29 42 24 34 37
27 25 38 21 30 34
58 69 49 27 35 46
51 34 48 26 41 57
194 188 193 188 196 200
31 17
691 178 313 424 268 47 745 354 629 128 553 274 526 92 70 444 462
445 216 313 268 687 553 693 453 138 128 55 453 420 122 414 654 136
852 935 719 734 804 932 952 911 872 829 847 754 831 715 572 654 663
803 584 455 734 495 454 397 815 629 788 619 274 788 630 563 444 693
660 760 724 537 631 811 776 798 888 892 842 823 908 748 962 865 931
883 963 942 969 687 932 968 977 910 943 954 905 954 914 969 931 973
277 178 517 268 232 548 233 453 476 354 553 381 99 423 762 509 383
445 339 517 4 495 548 409 354 138 467 502 228 416 180 327 382 198
445 226 342 461 350 74 233 548 335 128 584 274 618 63 327 195 198
600 178 342 652 232 47 283 354 335 602 231 158 189 332 527 195 562
445 339 517 488 268 713 397 548 849 829 810 418 736 600 812 654 907
445 226 517 413 350 454 745 548 742 835 619 581 759 605 572 732 693
111 339 435 268 2 297 233 703 363 467 584 158 137 411 70 116 555
600 584 719 314 350 563 473 703 742 790 619 546 819 697 766 871 555
277 178 313 268 232 297 233 43 629 467 502 546 201 275 414 721 492
277 12 364 268 232 454 283 354 501 788 502 381 397 184 327 116 136
111 226 313 461 232 297 283 354 629 602 779 62 227 205 762 195 707
967 987 976 980 929 992 984 992 955 997 981 978 990 915 973 998 978
660 592 580 537 589 548 409 744 742 467 786 453 663 425 563 382 555
445 407 364 268 232 713 233 703 335 354 231 228 463 104 527 509 462
111 216 313 314 232 47 693 354 138 354 231 381 218 227 85 382 374
111 178 313 298 232 454 397 548 476 788 502 228 109 422 209 654 146
760 921 445 413 773 656 693 798 629 602 553 581 678 434 527 444 492
717 407 580 488 837 747 892 798 335 943 584 609 735 567 563 721 374
852 832 776 962 589 713 507 927 849 829 719 823 933 798 812 925 806
111 873 313 268 350 454 507 744 512 354 55 546 567 68 414 382 462
934 760 517 461 631 717 892 749 742 656 619 453 679 462 762 736 733
958 984 968 778 881 991 981 924 910 985 954 967 946 824 962 925 925
277 216 313 268 589 548 397 495 335 135 502 162 560 69 209 195 374
955 832 776 652 848 811 923 825 872 968 719 754 868 728 812 865 806
277 178 435 268 247 74 233 453 629 354 231 62 623 43 209 195 374
53 7
0 23 17 25 7 1 28
26 60 47 73 95 77 38
36 62 68 62 37 46 52
9 14 5 18 21 12 28
82 84 68 85 37 64 61
76 84 68 73 95 80 40
36 36 0 3 7 35 7
76 70 81 43 81 64 52
3 53 38 3 58 41 43
47 0 18 0 21 4 1
82 84 81 73 72 64 84
12 11 31 11 58 41 20
53 43 81 85 81 64 72
53 43 18 39 21 26 18
70 70 81 85 72 64 32
76 84 98 55 72 80 18
82 36 81 62 81 80 61
64 23 59 85 81 80 84
53 70 47 25 65 46 84
26 36 47 1 21 29 1
12 62 31 18 6 22 48
53 70 68 73 72 55 72
72 52 68 85 95 80 72
47 23 43 7 21 6 37
12 62 59 58 3 46 52
82 70 68 58 72 80 48
12 33 43 35 7 46 33
6 0 2 14 0 13 7
64 70 81 62 65 80 84
76 70 81 73 48 80 72
82 84 53 39 81 61 84
4 43 8 55 7 13 33
72 62 26 62 65 64 61
82 70 81 11 3 55 30
40 33 12 25 51 59 52
82 70 43 85 58 77 83
47 53 53 7 65 80 52
82 7 38 85 72 25 43
9 23 2 62 65 46 33
40 14 2 43 37 35 7
12 0 18 18 7 22 20
40 53 18 48 37 61 48
82 84 98 43 37 32 52
82 84 53 85 81 80 72
40 12 38 1 7 55 38
47 36 8 3 2 35 7
70 53 8 35 51 41 52
82 36 53 25 81 80 61
53 35 12 48 51 6 30
82 70 68 62 21 58 84
64 84 68 62 95 24 52
53 12 26 25 7 13 40
53 84 81 62 50 76 61
68 2
520 4040
8031 6453
5330 9191
1465 3180
215 4501
1356 3366
5437 8933
6760 7415
9716 4744
498 4076
1737 3169
6263 8101
321 4449
7382 7029
2442 2617
7920 6481
6346 8100
2617 2442
8101 6263
3400 1190
3118 1999
6082 8478
3169 1737
4804 9577
4076 498
9200 5168
3902 574
1974 3139
4501 215
1156 3509
8478 6082
6481 7920
5408 9174
4680 147
2391 3011
5915 8649
3011 2391
5556 8704
4040 520
6504 7716
3139 1974
574 3902
3366 1356
6579 7596
6453 8031
147 4680
7716 6504
8933 5437
8510 5924
5924 8510
3509 1156
7596 6579
8100 6346
1190 3400
9174 5408
9191 5330
4449 321
8704 5556
7029 7382
7415 6760
1999 3118
3180 1465
5168 9200
4744 9716
4862 9424
9424 4862
9577 4804
8649 5915
51 7
39 20 16 41 3 16 46
63 32 44 92 47 53 73
68 84 73 92 87 64 58
54 58 74 44 97 61 63
52 58 44 35 87 64 59
95 58 74 78 47 52 59
68 33 74 92 70 34 73
32 18 44 78 97 81 55
32 43 31 13 23 16 40
68 84 60 33 55 81 55
39 38 3 17 23 39 45
7 16 23 17 11 14 11
54 58 91 69 41 81 51
24 25 16 8 7 3 59
27 37 60 50 33 72 27
60 25 44 11 2 16 18
27 3 40 0 33 8 46
24 20 40 8 41 16 11
13 13 0 17 23 10 27
68 58 60 55 47 39 89
2 7 31 15 3 34 18
13 7 31 17 41 16 2
95 58 31 44 33 53 73
39 3 44 3 7 29 27
60 43 91 55 70 81 59
39 38 3 17 6 14 51
27 43 44 17 41 39 46
95 43 71 78 55 81 63
68 51 44 55 66 81 82
12 38 40 13 9 16 11
60 58 74 55 87 81 82
64 33 60 12 70 64 73
2 13 23 53 21 29 18
7 0 23 17 11 29 2
2 16 3 44 23 1 51
68 58 74 92 70 75 89
13 58 74 92 23 53 27
24 33 13 17 23 10 27
68 84 74 78 70 39 63
32 51 60 55 19 61 40
38 43 91 69 66 81 82
39 51 74 78 61 75 63
68 84 98 92 70 81 73
64 84 91 69 61 53 89
68 25 98 44 70 75 63
10 25 0 33 11 8 1
32 7 13 3 19 34 11
67 58 74 78 94 81 55
68 84 74 55 41 64 46
64 51 44 69 47 39 89
68 50 44 50 55 81 82
34 7
19 37 25 49 16 40 34
14 5 25 48 11 40 34
43 62 78 89 95 70 47
28 4 6 49 42 40 44
18 19 46 49 6 40 34
85 50 78 68 55 70 47
85 70 46 28 79 32 47
0 50 8 9 37 23 15
28 70 67 66 55 87 47
8 27 39 9 28 32 34
43 5 2 16 29 54 47
16 19 8 22 11 23 10
38 19 3 57 3 28 25
70 50 52 75 42 70 97
14 27 25 45 29 40 15
19 11 43 22 37 0 10
49 70 32 66 65 70 75
43 88 96 28 84 26 19
85 64 78 75 65 54 75
1 27 24 35 6 40 19
1 54 25 20 42 26 33
70 49 96 68 84 54 44
85 27 99 75 16 87 75
70 56 52 89 55 54 75
49 11 8 35 4 69 25
36 19 6 22 2 20 1
70 37 78 89 65 87 75
19 5 43 16 6 0 1
28 88 67 62 55 87 75
70 56 46 62 42 70 47
49 88 67 75 95 32 75
49 64 32 89 84 87 97
1 16 8 35 37 28 34
49 16 52 57 11 70 47
55 7
23 40 20 8 21 0 14
59 53 55 81 38 92 36
26 7 14 23 68 20 36
39 53 55 0 4 30 36
59 12 10 23 60 5 2
59 81 89 58 84 30 71
81 81 95 4 15 71 71
81 53 89 35 33 71 71
81 65 14 39 68 16 10
59 7 14 16 73 11 58
99 53 20 91 79 30 58
11 65 3 16 21 11 12
59 20 14 16 0 65 58
47 20 20 4 15 5 22
59 19 79 91 53 65 22
6 16 66 39 12 30 22
6 12 36 46 4 65 22
39 53 79 81 73 69 71
47 40 20 35 1 30 22
47 81 36 23 94 71 36
10 65 55 55 4 53 22
26 16 66 58 38 45 18
20 81 20 23 60 71 14
39 53 95 81 86 71 14
81 80 95 55 94 92 58
47 10 3 23 79 5 36
81 53 89 46 84 45 71
11 20 79 58 68 45 71
26 20 10 58 60 20 4
26 7 7 11 86 38 22
59 12 66 4 79 65 96
23 20 7 39 53 71 22
47 5 36 0 38 41 71
11 20 55 39 57 71 22
39 65 36 10 73 30 53
47 65 66 23 60 20 58
39 53 36 58 86 71 58
59 81 55 46 57 92 71
20 20 79 58 38 5 53
23 81 66 58 33 71 58
81 81 66 23 68 1 36
47 2 1 46 73 20 36
81 20 95 91 21 92 71
20 81 66 58 73 71 71
47 6 20 35 1 45 53
59 20 95 58 38 71 71
81 65 55 11 38 53 53
11 20 89 58 21 45 6
5 81 55 23 33 92 11
59 65 36 58 12 71 58
26 2 36 58 15 71 18
59 16 55 55 94 53 71
59 65 89 91 86 16 96
0 40 20 11 21 20 6
81 65 66 46 68 92 71
32 6
15 18 19 21 13 22
187 194 192 174 188 183
150 161 171 145 170 166
156 164 155 153 179 167
49 32 33 48 40 61
26 21 24 35 22 28
101 145 124 109 88 95
171 165 171 149 165 156
65 94 103 124 114 107
59 87 44 63 55 80
74 99 98 72 89 98
52 58 37 55 45 45
70 95 67 71 78 71
189 192 182 168 195 193
144 154 145 133 136 152
170 172 187 175 190 174
197 200 198 194 198 200
81 130 126 116 130 138
78 114 81 95 122 118
48 28 32 45 35 34
153 150 130 121 99 87
172 173 179 165 182 185
120 138 125 120 126 113
175 176 180 170 194 180
102 127 123 86 97 104
55 62 39 58 49 67
89 117 88 81 101 109
121 132 142 141 171 168
75 96 49 79 81 78
38 17 30 30 13 19
193 199 194 193 196 197
130 149 144 127 156 158
20 6
109 105 114 115 126 108
166 132 156 144 163 145
43 30 28 39 62 34
41 42 48 47 54 38
161 133 163 167 174 169
100 95 115 110 99 88
56 56 35 35 36 32
15 15 19 30 66 74
20 23 20 25 33 21
176 182 180 184 189 196
51 48 77 77 69 75
178 141 173 180 187 146
135 112 141 134 137 136
148 126 145 140 144 141
110 107 138 132 131 121
59 61 86 91 76 77
85 79 112 106 86 103
182 185 179 168 180 183
60 64 104 104 77 82
195 191 198 189 193 199
5 2
1 1
2 2
4 4
5 4
4 1
70 3
65 65 55
91 103 83
106 109 116
189 187 186
22 26 24
141 136 135
104 83 62
13 13 20
20 15 29
48 55 50
62 70 74
77 76 85
163 152 144
56 45 44
156 134 127
53 44 37
66 69 52
16 14 13
82 74 81
185 159 155
105 99 109
55 40 48
59 73 59
187 184 193
64 59 51
70 71 58
150 122 121
94 90 97
169 158 153
97 85 88
93 77 78
171 155 164
122 90 95
84 75 53
176 150 151
47 28 39
198 182 189
155 120 126
175 157 168
135 139 157
139 117 112
179 169 165
38 47 49
149 131 125
51 34 33
147 110 98
157 143 112
161 137 137
86 78 79
27 24 34
177 147 132
167 144 146
168 153 147
200 199 195
182 183 172
133 114 111
129 115 123
14 19 13
183 175 182
109 89 101
114 96 96
124 106 99
160 119 105
186 194 177
184 171 180
95 84 92
26 32 41
83 80 77
199 195 190
195 170 183
24 7
14 18 16 15 14 33 29
145 144 131 122 139 105 147
180 188 193 171 185 160 175
69 74 53 68 95 73 52
144 147 150 133 167 125 150
66 63 39 39 88 59 100
34 21 21 25 46 41 47
185 190 195 189 198 190 177
154 150 140 125 150 115 121
84 81 52 30 47 37 40
58 56 31 29 74 61 104
178 179 179 165 179 139 165
122 129 120 120 137 115 140
98 85 45 45 98 72 49
173 185 184 162 181 173 200
151 156 130 94 135 111 126
174 163 171 134 171 126 156
161 162 162 142 178 142 172
83 117 81 102 129 104 137
30 33 32 24 37 19 31
100 124 61 78 99 76 107
32 46 22 26 55 49 94
182 190 185 175 193 187 188
118 121 74 80 131 92 120
64 7
9 5 9 32 4 1 30
75 87 63 88 94 50 69
2 57 4 6 19 14 35
2 29 9 51 60 68 58
69 57 55 51 52 65 80
39 25 25 27 13 7 30
85 44 55 88 34 14 35
89 87 77 99 94 82 80
53 29 63 26 34 37 35
8 38 23 42 46 37 35
24 75 63 77 89 61 58
0 3 17 24 46 1 35
54 85 63 21 91 50 10
20 17 34 42 46 22 18
75 87 84 51 99 82 30
61 34 46 51 46 50 58
85 29 40 51 91 82 80
16 29 4 9 24 37 6
54 14 9 4 5 50 13
85 44 84 65 71 68 69
19 57 84 88 71 82 58
9 14 4 42 24 80 18
45 81 63 73 52 82 58
23 36 25 42 13 50 18
89 57 84 97 24 50 35
1 34 25 0 24 19 18
9 43 25 1 34 1 35
24 17 34 51 34 0 18
89 87 77 73 71 50 92
67 38 46 79 24 4 18
2 25 55 33 52 26 11
61 17 3 6 19 65 18
45 87 84 65 52 50 69
72 87 63 88 60 50 35
61 57 77 42 34 82 92
89 56 46 51 69 68 80
89 17 23 42 52 61 92
89 57 43 23 34 37 58
75 1 17 6 52 61 14
89 75 84 15 69 82 18
39 3 42 33 60 26 30
72 81 84 65 71 82 58
89 84 55 79 52 26 55
54 87 77 79 71 68 78
2 14 17 4 6 4 1
69 57 16 88 71 82 80
54 57 55 51 16 7 35
39 44 43 51 46 48 35
39 7 25 15 1 4 6
24 57 84 65 71 26 58
75 57 84 88 52 68 92
2 25 17 22 19 26 35
20 2 0 33 6 7 14
24 81 55 65 91 82 69
16 8 4 9 6 7 1
43 44 55 27 34 61 35
85 57 84 51 94 68 69
45 75 63 72 60 82 80
45 38 4 1 16 7 6
75 44 77 79 60 80 69
75 87 40 18 60 82 80
45 8 55 18 34 26 6
75 17 25 42 13 22 80
32 8 9 41 6 20 78
91 8
0 1 4 0 0 7 1 0
58 92 49 39 64 67 63 62
78 25 76 74 81 91 82 62
64 12 72 74 81 76 78 59
22 5 16 23 16 16 26 6
49 50 53 46 45 41 42 46
55 82 64 60 64 60 54 62
59 9 57 53 66 50 68 37
52 66 62 53 51 50 47 55
29 6 18 30 19 18 32 13
98 58 96 90 94 96 89 95
84 40 80 74 85 84 78 85
6 45 3 8 8 4 11 19
64 93 60 46 67 72 66 66
35 79 34 39 55 36 42 44
64 83 82 67 74 67 59 66
9 30 18 15 8 11 11 14
44 90 39 23 38 60 49 46
69 38 57 60 57 57 59 73
61 10 64 60 71 69 73 49
71 53 64 67 61 72 61 80
11 46 21 15 14 11 16 23
86 57 85 83 88 85 88 88
82 96 79 67 74 85 76 75
29 63 33 30 36 29 29 41
26 62 25 23 29 18 26 33
94 86 90 90 99 96 94 95
79 26 83 83 88 93 83 65
55 21 39 46 33 33 42 34
32 19 29 30 28 23 29 10
98 71 87 90 94 87 94 92
62 67 72 60 55 57 55 59
22 75 14 8 24 11 20 25
86 85 87 83 80 87 89 85
94 27 96 90 94 96 89 95
79 95 69 60 73 82 74 73
35 20 36 39 29 26 37 19
44 34 48 39 38 35 37 38
44 49 44 39 38 37 24 41
37 64 39 39 44 39 31 46
19 3 14 15 8 15 6 5
29 18 25 23 16 21 9 6
3 28 2 0 4 0 2 6
89 13 90 83 88 80 83 92
62 11 69 67 77 71 76 55
89 41 90 83 91 93 83 88
71 68 74 67 62 74 66 78
15 60 10 8 19 11 18 27
3 16 16 8 4 8 3 2
11 31 29 23 14 23 14 16
59 22 49 53 45 50 55 41
64 37 53 53 51 48 49 69
55 51 57 53 51 45 49 55
91 70 78 83 91 78 93 88
54 81 49 53 62 50 49 53
94 14 96 90 93 87 97 95
14 47 28 23 33 26 20 25
86 97 85 74 77 90 83 80
7 29 7 8 6 4 4 10
17 72 11 0 21 8 19 16
15 48 36 30 36 29 23 32
83 39 64 67 84 65 71 78
84 54 69 74 85 74 78 87
49 65 45 46 45 45 32 49
69 52 62 60 57 50 55 75
44 8 29 46 38 48 49 34
22 61 12 15 24 16 20 31
42 33 39 30 24 29 16 19
42 89 36 15 29 45 37 38
52 36 49 46 45 40 42 44
44 80 46 46 57 41 47 49
37 7 21 39 29 29 37 28
0 44 1 0 7 0 9 15
26 77 21 23 38 23 26 34
25 76 18 15 33 21 24 28
73 84 83 74 77 82 81 80
7 2 12 8 1 10 4 2
10 17 24 15 8 18 6 4
37 88 34 8 24 37 35 19
11 59 7 0 16 4 14 23
49 91 46 30 45 65 61 55
76 24 75 67 76 78 74 61
32 78 27 30 51 33 36 38
91 98 87 83 83 91 89 84
91 42 96 90 94 96 94 92
32 87 29 0 21 28 32 16
0 15 4 0 1 0 0 0
75 94 64 53 69 80 71 69
94 99 90 90 85 93 97 88
77 69 76 74 69 76 69 83
73 23 60 60 67 62 70 49
86 3
14 16 15
15 22 23
103 120 109
106 105 105
154 148 145
86 77 82
169 171 157
72 66 54
71 68 60
92 83 85
107 105 93
189 186 190
148 133 138
135 130 129
85 74 59
137 146 135
57 59 46
21 27 22
138 143 134
53 54 45
122 90 75
65 60 58
187 184 189
24 19 20
174 176 184
200 197 197
168 169 162
118 132 118
129 125 120
142 140 124
62 58 42
155 154 165
95 98 79
90 82 73
91 86 97
46 52 35
48 48 30
126 102 92
56 62 38
102 101 95
55 54 41
104 112 103
194 188 185
79 65 72
16 15 14
153 147 140
82 85 89
112 113 108
61 62 48
88 80 84
26 40 33
133 121 123
119 121 114
94 87 86
108 109 98
58 56 52
124 138 110
162 162 156
96 103 113
183 181 173
37 47 28
178 178 187
156 166 170
179 166 148
80 75 61
31 31 21
198 198 199
181 179 181
149 149 146
39 42 31
164 173 171
78 73 78
197 196 195
136 136 132
125 116 104
152 161 178
41 44 33
42 38 16
186 183 188
35 39 25
68 61 53
161 174 152
20 36 23
132 133 127
192 189 194
127 119 99
35 7
76 73 73 59 87 41 77
93 47 85 54 66 59 70
49 23 38 51 61 41 37
15 13 11 48 66 14 1
46 23 54 26 51 37 44
93 35 16 59 87 96 86
76 66 54 59 87 59 70
18 23 2 5 33 6 12
49 7 38 3 41 31 48
76 73 38 59 87 96 86
26 35 19 21 27 2 24
63 7 33 35 16 19 44
63 73 85 30 61 41 86
76 66 73 59 27 59 86
42 2 11 5 27 3 37
31 14 22 5 34 0 6
24 23 2 48 4 6 24
70 47 49 59 66 96 70
93 73 85 59 85 59 84
47 66 54 51 54 59 32
76 14 73 30 59 59 84
18 14 21 35 0 19 20
37 73 27 59 73 41 77
2 56 2 35 16 19 48
93 66 85 59 87 59 77
31 23 22 5 16 6 12
31 0 14 21 54 3 44
26 35 54 35 4 3 3
49 56 33 21 54 37 12
63 56 73 35 87 59 48
76 30 49 59 73 30 86
93 53 73 59 73 59 20
45 73 85 59 73 19 48
49 73 73 21 51 59 86
76 56 82 54 59 59 32
92 8
0 1 0 1 0 0 0 1
2 0 0 3 26 2 3 0
40 28 29 28 57 34 38 38
42 42 29 32 83 29 44 38
45 52 55 47 15 55 57 55
4 2 4 4 27 3 5 4
58 64 65 69 41 67 66 64
15 14 8 6 51 10 20 21
83 74 74 74 68 82 76 72
74 75 65 68 91 67 68 69
1 2 4 2 1 1 1 2
19 30 8 21 76 15 25 30
9 11 17 14 30 15 11 9
26 34 38 36 35 37 29 27
47 62 61 50 16 59 63 62
10 13 17 10 4 18 8 7
72 79 79 78 44 76 84 75
36 27 25 23 56 28 35 37
2 7 8 6 2 6 2 3
88 93 83 82 95 87 82 84
13 14 21 14 5 21 9 10
86 85 83 82 70 87 85 79
6 4 8 6 28 6 6 6
34 37 21 26 79 24 38 34
92 87 91 91 24 92 92 93
47 50 55 57 39 61 60 52
84 76 79 81 69 85 81 75
10 9 0 0 49 3 14 13
95 96 96 97 48 98 97 97
15 21 25 26 32 30 17 13
95 93 96 97 25 98 96 97
24 31 33 32 34 33 25 21
60 69 69 65 18 69 74 66
69 60 61 61 65 66 63 60
45 31 33 32 58 42 41 41
92 91 91 90 72 95 93 91
74 82 83 80 45 80 88 82
69 67 55 60 89 58 60 59
47 38 38 38 59 44 42 44
12 12 4 4 50 6 17 17
27 16 12 10 53 13 29 23
27 38 42 49 36 41 35 31
6 19 0 17 74 9 20 24
59 55 42 47 86 50 52 50
36 45 47 42 13 44 46 41
13 17 21 21 31 24 14 10
18 17 25 19 8 24 12 13
60 60 47 53 87 51 53 55
80 70 69 70 67 77 68 66
42 48 51 53 38 57 49 47
80 88 91 91 47 92 95 91
89 95 87 84 96 89 86 86
95 98 96 91 99 96 97 97
66 76 74 70 20 73 80 69
53 45 42 42 60 47 44 49
8 8 12 10 29 10 10 7
64 70 74 76 43 73 77 72
15 24 4 18 75 13 24 29
27 34 12 23 77 18 31 31
19 23 29 28 33 31 23 17
56 45 38 45 85 49 50 48
71 79 79 77 21 79 83 79
42 48 51 45 14 52 55 43
22 29 33 32 10 34 19 24
36 43 47 52 37 52 38 44
30 38 42 38 12 42 25 38
65 64 51 55 88 52 57 58
78 62 65 65 66 70 66 63
78 85 87 89 23 89 88 86
34 24 21 19 55 23 34 34
40 38 25 28 81 27 42 36
74 82 83 84 22 82 86 82
32 21 17 14 54 18 31 24
19 24 29 31 9 31 13 17
63 67 69 70 42 70 72 69
24 31 38 36 11 37 20 27
84 88 74 74 93 78 74 75
52 64 65 57 17 62 68 64
72 73 61 61 90 62 62 66
53 55 61 61 40 62 63 60
4 10 12 9 3 10 3 4
68 59 55 57 63 59 53 55
89 88 87 84 71 89 90 84
56 52 47 50 61 48 46 50
80 79 69 70 92 73 72 72
87 91 79 78 94 85 77 79
30 36 17 25 78 21 35 33
92 96 91 87 98 92 93 88
53 43 33 38 84 37 46 44
66 58 51 56 62 55 50 52
77 84 87 87 46 84 90 90
95 98 96 97 73 96 97 93
40 7
45 17 18 51 67 15 34
45 5 0 2 11 77 47
45 71 18 65 79 49 34
28 47 7 46 9 15 16
45 35 44 71 52 32 34
45 47 58 71 52 77 95
21 47 17 5 20 49 34
45 14 53 88 74 11 14
45 32 44 6 52 32 57
17 47 60 39 67 67 16
29 71 78 71 38 67 80
78 71 35 71 31 77 95
78 60 1 65 11 11 76
96 71 18 71 52 39 80
4 60 35 65 67 7 1
21 5 18 71 38 6 8
45 60 58 88 79 77 16
11 17 85 88 48 39 34
78 27 85 65 9 94 62
7 71 85 88 52 67 80
78 35 78 19 79 60 80
29 17 7 6 38 22 1
7 35 78 39 20 39 16
45 22 37 26 1 77 8
78 71 85 71 79 39 62
29 35 53 31 31 67 1
78 71 60 88 74 11 16
78 27 60 31 79 94 62
29 71 37 51 48 67 95
45 47 44 88 79 77 80
45 71 84 51 48 49 80
29 60 1 33 11 22 62
17 69 60 51 31 9 47
2 22 18 19 31 49 62
7 25 18 71 67 64 73
78 32 37 1 11 49 80
29 27 18 38 2 67 34
4 5 32 46 20 5 16
96 60 53 6 52 77 95
29 71 85 65 79 77 34
66 7
86 64 66 63 69 92 90
18 19 37 38 12 7 56
51 43 18 11 79 2 4
20 43 37 63 54 4 85
57 77 37 29 86 12 90
86 64 57 51 69 72 30
21 4 66 7 0 17 0
35 52 18 0 48 17 61
35 33 2 20 0 49 30
51 77 66 87 69 72 4
63 64 57 63 30 26 85
4 35 12 15 45 49 11
30 16 66 63 34 24 50
21 33 0 77 26 67 56
86 77 80 77 54 92 85
35 77 66 38 20 72 90
0 16 8 20 54 69 68
21 52 80 77 86 49 90
63 6 51 25 34 0 21
35 43 51 38 54 55 3
86 19 27 38 54 69 90
57 52 8 20 10 55 11
57 64 80 51 69 55 35
57 6 37 51 69 55 37
63 64 80 73 79 72 35
4 28 27 73 79 29 13
0 5 51 77 0 29 0
63 43 17 63 12 17 13
6 16 57 29 39 8 13
63 52 80 62 86 92 68
11 77 66 87 86 72 37
63 52 37 7 45 0 50
6 6 27 2 48 17 50
63 77 80 63 54 45 30
51 52 18 2 54 45 21
63 43 18 5 25 45 4
35 0 12 5 0 49 13
11 43 37 38 79 72 13
35 19 80 25 34 29 37
86 77 80 15 86 55 61
83 77 80 87 69 72 90
80 26 51 15 69 24 21
21 64 2 51 39 8 37
86 35 80 29 69 2 37
57 52 57 7 48 29 37
21 64 80 77 86 72 56
19 30 12 11 0 8 85
21 52 1 51 48 29 4
0 1 27 38 39 29 13
6 24 27 29 0 8 30
30 52 12 87 30 68 90
86 77 66 19 54 29 68
35 77 80 87 39 92 68
86 52 6 51 12 72 68
30 6 2 11 20 17 61
63 77 18 10 12 72 61
51 1 27 15 69 72 30
63 77 6 87 54 26 68
63 77 57 38 20 29 90
21 64 57 87 12 72 4
80 77 37 29 79 92 68
63 19 27 29 79 72 90
63 30 51 51 86 92 68
35 77 80 77 45 12 61
86 77 25 77 97 49 37
86 35 80 20 86 69 37
34 7
12 8 15 5 3 5 15
61 70 68 59 73 61 76
55 64 60 53 67 60 69
5 4 5 3 5 2 11
21 14 27 14 10 8 16
23 25 29 21 16 8 22
23 19 28 19 24 17 22
67 81 80 98 92 69 95
75 86 88 84 83 76 86
75 90 79 88 87 76 95
12 8 13 5 6 4 12
55 73 60 69 73 42 76
34 31 37 26 39 30 35
40 34 48 41 48 35 42
51 60 56 52 65 42 58
85 91 74 88 84 76 95
42 42 51 45 62 37 51
45 49 52 50 39 37 67
91 91 88 85 87 76 91
63 74 69 75 76 63 79
30 27 32 23 26 27 27
4 2 3 0 0 0 3
34 31 43 39 29 34 35
55 64 56 53 72 57 69
12 14 11 5 6 8 17
65 80 69 76 81 67 64
32 30 36 24 28 29 33
67 82 73 76 81 66 81
86 91 74 88 92 76 91
46 49 54 46 63 41 52
41 35 50 42 59 36 50
23 19 29 21 8 17 22
75 91 80 85 84 69 85
91 82 88 98 84 93 89
20 4
148 174 185 175
29 32 18 19
147 163 168 169
135 123 153 160
160 179 187 193
81 84 98 93
129 97 121 156
32 49 38 21
68 82 80 55
52 62 58 32
44 49 22 24
118 113 112 91
196 182 189 194
59 60 45 40
61 80 62 84
139 142 158 167
49 57 40 29
14 26 13 13
133 104 152 164
98 93 120 109
99 8
81 73 92 77 88 67 92 90
81 88 74 77 63 67 92 71
61 41 29 29 21 34 29 19
45 27 41 52 3 0 13 72
45 41 34 64 3 34 51 70
88 63 92 91 71 67 85 77
45 5 20 8 41 34 57 43
73 87 81 77 63 67 85 20
1 7 8 29 35 0 11 24
61 3 41 26 71 34 68 31
59 0 3 11 28 0 44 30
2 17 20 11 35 0 23 6
45 41 34 16 71 34 13 61
22 11 39 38 25 0 23 3
73 11 52 91 88 67 92 32
69 73 67 77 41 67 57 68
91 88 92 21 80 67 77 44
2 41 8 26 5 0 21 51
13 14 29 11 28 0 10 60
69 32 52 29 48 34 68 34
69 88 61 60 86 67 57 59
91 73 41 64 48 67 57 23
79 63 81 29 63 34 38 89
33 1 11 2 15 0 13 39
81 63 41 91 84 67 92 99
65 54 34 50 56 34 44 16
31 16 52 52 35 34 44 64
91 83 92 70 71 67 85 14
45 26 20 38 17 34 77 98
15 30 41 21 28 0 5 88
27 73 66 46 71 34 57 49
2 1 12 19 35 0 32 27
15 33 15 0 41 0 5 57
65 11 29 1 12 0 23 33
33 73 67 52 12 34 57 52
73 41 61 60 56 34 2 83
9 62 52 60 63 34 38 25
45 7 12 11 5 0 23 18
33 30 52 52 63 34 32 7
13 6 5 29 48 0 32 45
27 17 15 4 28 0 32 9
91 54 67 38 88 67 85 35
19 41 41 11 1 0 44 48
20 71 52 70 18 34 21 1
20 22 15 8 12 0 44 97
22 33 24 52 24 0 2 75
33 54 41 29 28 34 44 55
88 73 67 77 88 67 12 84
27 14 7 44 63 34 57 46
10 41 41 64 86 34 77 86
91 88 87 90 9 67 68 74
59 41 81 19 21 34 23 40
73 73 84 96 80 67 92 26
33 17 24 4 1 0 38 69
10 22 0 21 9 0 23 94
33 27 41 29 48 34 75 10
2 33 39 38 15 0 13 0
45 54 41 29 48 34 77 13
64 41 61 60 41 34 74 76
67 33 52 50 35 34 32 67
81 83 92 52 80 67 77 38
53 63 29 38 41 34 29 22
2 17 24 26 56 0 32 85
45 71 52 70 28 34 8 80
33 88 87 77 80 67 68 50
53 17 74 16 5 0 18 36
53 63 61 77 88 67 77 11
33 38 5 44 18 0 0 78
91 88 87 70 71 67 68 93
0 38 24 46 48 0 0 82
69 41 84 38 25 34 29 37
33 73 52 8 56 34 44 58
2 54 24 21 25 0 18 21
81 33 61 70 5 34 57 73
33 41 0 46 41 0 4 91
33 27 20 16 9 0 13 15
80 73 67 77 63 67 92 17
81 54 74 70 96 67 57 8
2 38 8 4 21 0 8 54
81 54 87 77 88 67 38 41
88 88 92 96 63 67 85 81
58 22 34 91 71 67 77 47
91 63 74 70 88 67 85 87
31 88 74 77 48 67 57 5
91 83 74 96 84 67 75 53
27 7 34 29 28 0 18 63
73 88 67 91 96 67 54 62
53 63 87 64 96 67 92 65
73 54 2 77 56 34 38 95
22 88 67 77 88 67 68 29
53 88 92 64 48 67 92 56
22 3 3 3 35 0 51 42
15 22 29 46 0 0 7 66
33 41 12 7 20 0 38 12
67 73 74 77 71 67 54 2
10 10 15 52 56 34 54 28
26 41 41 64 41 34 51 4
91 88 92 96 96 67 77 96
61 63 84 52 56 34 57 92
20 4
158 160 166 181
19 40 62 78
18 13 14 13
131 140 151 162
147 134 148 142
96 116 123 106
77 73 57 45
45 47 71 65
152 154 158 147
47 83 78 83
170 183 163 166
41 14 44 24
24 24 23 23
116 124 125 111
123 133 139 135
118 128 132 128
67 91 63 59
80 115 113 83
187 184 185 164
200 199 192 182
20 6
155 174 165 176 168 150
125 98 87 80 99 81
171 177 177 192 156 166
27 63 26 41 45 57
141 147 159 143 114 94
142 168 136 164 137 151
22 62 16 28 42 59
20 45 60 32 33 39
190 194 190 199 185 173
116 116 122 110 61 73
35 67 63 37 40 56
85 100 106 78 70 83
176 193 184 200 189 170
131 170 155 146 105 90
103 105 93 93 80 86
83 83 77 64 54 62
84 92 131 125 130 114
15 19 15 17 14 22
51 81 68 51 60 64
121 115 110 81 61 70
47 8
37 81 60 52 77 80 59 89
65 81 90 80 30 92 87 49
37 15 34 36 56 54 52 96
51 37 46 61 25 21 37 29
87 64 82 80 77 76 86 55
87 75 90 45 46 80 95 47
46 15 90 45 46 59 81 68
2 2 3 3 1 10 3 3
59 75 62 25 77 92 84 58
23 37 19 36 4 11 26 23
87 64 82 80 77 35 82 63
10 24 46 25 56 50 30 24
0 0 2 0 0 1 1 2
82 64 34 80 18 92 68 79
10 37 46 20 46 59 40 35
23 46 74 29 36 23 49 43
65 81 74 61 77 76 65 82
65 92 46 80 56 80 70 77
2 3 4 6 4 2 6 5
10 4 13 11 16 2 12 11
51 15 46 29 36 59 46 39
46 25 15 52 18 52 36 28
32 74 34 29 56 54 41 36
6 34 9 8 36 11 20 18
59 59 46 20 18 15 34 26
23 55 74 67 77 76 72 74
17 9 34 19 30 11 25 22
59 59 90 52 77 59 51 97
51 59 74 67 53 31 43 38
17 9 28 11 7 11 18 16
65 46 82 80 56 92 71 76
65 92 16 52 77 80 57 93
87 37 90 80 56 80 75 72
31 34 19 45 3 20 19 17
37 46 82 67 25 23 48 41
17 46 62 67 77 92 73 73
85 92 81 29 56 80 58 90
33 75 82 61 77 76 78 69
51 46 28 67 77 59 89 48
33 34 62 67 36 35 39 31
82 81 62 36 46 80 85 56
65 92 62 67 77 54 53 95
6 15 4 11 2 17 9 7
65 55 62 80 77 31 69 78
33 9 46 20 36 35 31 25
5 4 13 8 30 35 14 15
46 37 90 80 77 59 97 45
70 2
14 45
14 45
66 1
14 45
66 1
66 1
66 1
66 1
14 45
66 1
1 1
66 1
66 1
14 45
97 45
14 45
1 1
14 45
66 1
66 1
66 1
66 1
1 1
14 45
14 45
14 45
14 45
1 1
14 45
14 45
97 45
66 1
1 1
14 45
66 1
66 1
14 45
14 45
66 1
66 1
14 45
14 45
14 45
14 45
14 45
1 1
14 45
1 1
1 1
14 45
14 45
14 45
66 1
66 1
1 1
66 1
1 1
66 1
14 45
14 45
66 1
14 45
14 45
66 1
14 45
1 1
14 45
14 45
66 1
14 45
64 12
233 428 294 277 789 459 461 454 481 655 408 199
430 270 412 175 330 322 368 132 417 108 172 130
41 35 119 52 167 38 206 93 234 67 21 35
646 755 901 424 442 459 461 449 560 664 250 199
473 661 529 384 309 514 141 608 234 503 382 462
945 980 944 885 799 971 949 887 983 872 827 912
617 270 791 751 442 861 893 762 770 737 914 756
287 344 118 231 115 314 283 303 353 283 142 139
747 867 964 915 735 971 963 978 916 979 953 954
86 83 70 70 91 123 198 297 150 281 10 41
86 177 364 269 377 192 283 246 353 259 37 130
972 994 1000 1000 982 992 995 980 994 996 994 978
473 416 558 751 542 322 283 562 660 556 382 77
747 756 903 468 799 587 595 697 930 677 596 462
121 341 228 231 727 277 368 148 212 140 382 139
233 552 682 468 400 503 777 661 419 483 172 587
62 344 412 390 286 251 229 379 353 429 155 41
945 913 944 836 932 956 963 768 983 740 953 961
617 529 364 343 789 631 488 477 722 621 523 295
698 552 558 424 442 705 815 474 452 634 250 295
486 468 364 420 144 322 507 506 452 608 309 462
430 830 903 881 634 837 890 877 558 857 820 756
818 867 764 655 869 796 893 709 770 682 827 689
34 121 187 118 79 25 23 200 32 170 10 95
121 182 305 277 115 222 458 338 172 337 37 420
287 552 305 567 546 370 590 578 353 553 309 199
233 387 198 343 411 277 368 354 172 393 250 41
899 867 903 751 735 796 879 742 958 690 408 851
8 12 1 11 18 14 19 56 3 14 6 21
486 552 305 424 735 370 413 558 234 564 408 259
287 204 412 420 330 516 461 541 212 591 523 496
698 661 791 885 546 792 890 845 722 793 676 851
570 428 228 468 442 322 413 649 481 497 512 420
22 270 39 89 115 81 23 342 150 378 46 30
121 371 228 156 91 277 229 243 234 178 172 139
21 51 46 50 160 38 23 133 29 118 250 41
233 67 412 70 216 81 262 194 417 157 349 73
570 170 682 175 411 742 815 491 452 617 604 496
86 182 46 70 31 222 158 77 150 36 111 32
570 661 870 836 799 516 761 802 722 763 523 295
233 162 305 93 167 322 225 316 172 323 464 199
486 552 558 468 546 514 595 549 606 579 382 259
86 170 228 167 286 123 59 278 129 272 309 116
747 867 942 655 715 631 706 806 632 773 464 295
35 529 272 231 216 122 62 409 172 465 142 130
616 830 600 655 869 631 777 818 861 778 464 496
617 756 960 885 634 631 461 822 861 779 523 496
877 913 964 919 932 705 815 833 958 780 604 587
233 661 872 567 546 605 368 598 481 547 349 199
430 371 119 343 216 275 98 386 212 436 349 73
698 756 558 567 676 631 706 919 419 873 676 689
899 756 600 424 799 742 706 747 767 691 827 912
747 661 791 567 672 742 893 838 770 783 808 689
486 529 529 319 789 459 507 437 701 665 512 199
945 980 682 751 959 796 815 929 916 918 914 961
899 975 872 920 977 861 949 866 861 796 953 961
617 975 412 655 634 459 777 875 606 806 808 689
570 552 529 384 442 532 262 673 234 475 604 587
121 121 412 145 377 459 546 309 353 304 46 116
486 204 764 401 411 211 413 465 419 648 408 420
233 204 558 567 411 742 706 527 523 597 111 496
121 332 198 145 160 192 229 422 172 466 155 295
287 661 364 319 546 235 595 692 353 467 250 587
646 867 600 630 799 742 507 844 770 785 676 689
70 3
50 83 15
2 22 62
2 28 62
2 43 62
2 28 62
2 12 62
50 69 15
2 4 62
50 22 15
50 69 15
2 22 62
50 83 15
50 54 15
2 28 62
50 62 15
2 0 0
2 12 0
2 28 62
2 41 62
2 22 62
2 0 0
50 83 15
50 52 15
50 69 15
2 12 0
50 83 15
2 28 62
50 79 98
2 41 62
50 94 15
2 28 62
50 83 15
50 94 15
50 62 15
2 28 62
2 28 62
50 69 15
50 69 15
50 54 15
50 62 15
2 4 0
2 9 0
2 22 62
50 68 15
2 43 62
50 94 15
2 9 0
50 62 15
2 12 0
50 62 15
2 43 62
50 83 15
2 43 62
50 69 15
2 12 62
50 60 15
50 94 15
50 81 15
2 4 62
50 60 15
2 12 62
50 83 15
50 83 15
50 81 15
2 43 62
2 4 0
2 12 0
50 54 15
50 52 98
2 9 0
62 7
24 60 71 81 87 46 87
24 68 84 62 57 96 87
59 33 46 16 43 12 0
78 18 2 40 3 5 31
53 3 46 73 75 58 50
64 85 95 30 35 69 50
8 12 13 0 31 28 20
89 85 10 49 20 58 50
89 74 68 81 66 34 87
4 11 29 9 52 21 20
53 74 29 73 87 6 59
79 85 84 52 52 46 50
6 54 0 5 5 15 2
79 74 46 81 66 69 87
64 33 95 81 66 43 87
6 41 45 58 25 21 31
89 22 68 40 30 51 59
79 60 29 73 75 83 87
79 60 84 81 66 15 59
35 0 29 30 35 12 3
64 54 71 73 50 69 76
28 21 16 30 25 6 20
28 68 16 9 24 46 3
45 74 16 81 75 34 76
28 60 10 16 8 34 31
8 22 16 30 23 28 59
2 41 16 16 43 6 17
37 68 46 52 43 58 31
35 85 46 81 35 69 59
4 22 16 49 20 34 31
45 3 24 9 8 51 31
64 74 71 81 87 83 59
45 85 84 67 85 83 11
45 85 46 62 87 57 46
2 18 14 40 43 34 59
89 54 59 81 79 43 31
45 41 46 9 20 4 17
74 68 68 52 87 69 59
45 0 24 0 25 15 11
28 16 14 16 52 28 11
79 85 71 73 87 58 87
73 41 24 67 5 58 50
77 33 95 67 79 69 59
8 16 59 4 52 6 3
8 22 16 40 8 28 20
45 60 2 5 14 43 46
8 22 2 16 14 21 0
8 41 2 16 0 6 31
37 33 46 58 43 34 3
8 22 59 9 14 51 31
37 85 24 58 57 46 59
8 3 2 16 3 2 46
53 85 29 81 35 83 76
59 18 71 81 87 83 59
89 60 84 81 66 69 76
89 41 84 73 87 83 76
64 74 59 40 79 58 87
79 74 59 52 85 69 87
59 22 29 40 14 15 20
89 85 29 81 57 83 59
74 41 71 0 35 34 46
59 3 71 62 57 51 50
64 2
3 10
42 46
68 67
36 43
87 86
73 70
38 45
72 69
37 44
60 62
81 83
74 71
23 35
80 81
1 5
78 78
53 52
6 13
90 89
44 48
69 68
35 42
49 98
75 73
77 77
45 50
15 19
27 38
24 36
47 51
59 61
89 88
49 98
10 15
95 96
63 65
61 64
84 84
18 22
85 85
25 37
76 74
93 95
20 30
7 14
21 34
58 60
4 11
91 94
64 66
49 0
43 47
31 40
19 25
57 57
11 16
34 41
28 39
2 8
98 97
79 79
49 0
14 17
54 54
20 7
20 16 13 15 34 28 40
26 16 13 20 43 20 15
121 107 103 96 102 114 107
31 31 46 33 75 58 58
175 192 193 187 176 189 185
157 186 140 145 132 132 122
58 57 49 34 58 48 16
77 93 91 47 98 99 100
79 97 105 108 108 128 118
105 95 79 72 96 88 95
134 163 125 149 133 174 165
30 29 39 18 57 34 52
45 66 70 43 87 86 89
148 184 128 160 150 164 162
143 179 120 135 131 158 152
196 200 194 189 186 197 187
57 36 53 36 83 71 90
124 173 109 128 113 149 132
166 189 174 170 171 188 167
119 102 92 100 106 118 105
83 7
92 104 99 92 106 98 112
53 61 48 64 68 60 65
15 13 13 23 26 37 60
61 79 64 52 58 67 52
153 169 164 167 182 159 151
20 44 27 26 44 42 51
18 39 42 38 46 46 29
176 182 179 185 188 187 196
147 165 138 141 144 137 159
36 37 22 25 45 28 33
51 56 37 40 48 48 39
76 95 84 83 94 75 98
13 26 14 22 19 19 21
70 89 93 73 74 70 59
56 57 34 50 53 58 49
127 160 124 150 142 124 148
71 87 66 72 70 71 91
98 107 100 87 80 80 94
115 124 118 127 146 113 113
14 13 20 13 16 14 17
43 67 44 42 54 30 37
57 62 47 46 60 55 77
188 195 194 195 199 197 200
124 133 122 128 123 126 135
73 99 96 90 101 93 106
142 163 145 158 160 162 164
131 161 129 146 148 157 150
68 82 61 56 64 68 85
74 94 94 91 103 92 104
30 45 37 39 40 44 38
16 28 16 17 21 17 20
41 53 31 28 33 20 30
38 46 32 37 51 47 53
111 125 117 120 122 111 131
96 117 115 116 124 125 127
60 76 59 67 69 73 86
87 101 98 89 84 81 100
34 38 28 33 38 23 32
91 105 103 102 104 94 109
104 115 110 104 114 110 114
132 153 157 147 156 130 156
67 60 78 84 91 91 92
144 187 178 187 184 185 197
99 119 109 104 109 97 111
48 54 46 51 66 59 78
133 139 116 114 127 121 127
58 80 65 71 72 79 97
108 119 104 103 113 101 109
84 102 84 88 95 88 101
163 185 175 163 183 163 181
180 190 162 181 194 191 192
185 173 171 177 192 180 194
40 31 29 29 25 16 17
105 110 107 109 129 119 144
125 125 113 119 132 128 140
152 142 153 142 133 136 167
130 150 138 154 167 178 174
81 97 80 68 86 90 99
177 180 136 183 174 172 186
62 92 88 78 75 65 73
54 68 61 66 62 62 81
191 192 186 188 196 190 190
90 91 57 45 61 62 63
122 132 125 132 136 156 156
149 158 128 139 152 130 145
168 171 146 150 163 173 166
175 175 168 174 162 174 173
156 182 168 156 168 175 185
158 180 170 156 157 157 175
162 152 149 130 137 167 149
166 166 159 153 173 171 178
193 195 188 192 197 195 198
45 58 43 43 56 50 46
172 140 163 149 176 188 188
95 110 110 108 115 107 118
85 90 91 75 83 84 96
123 138 123 121 120 122 132
119 142 146 176 159 168 160
24 29 24 30 23 24 25
186 188 173 167 181 184 179
137 159 127 143 161 147 154
37 41 36 35 43 29 24
103 109 101 94 107 103 126
53 6
74 52 79 65 70 44
142 136 141 132 151 136
23 15 22 25 20 16
157 159 148 143 153 130
47 42 45 48 40 29
99 68 55 61 79 74
159 174 175 175 182 161
45 38 38 38 36 28
163 165 153 155 172 148
100 81 64 60 60 56
62 48 49 53 52 40
198 184 180 167 186 167
127 116 134 110 90 77
71 66 54 50 58 38
21 15 22 29 20 16
75 102 69 86 80 82
165 170 165 164 178 164
87 91 92 122 124 92
79 79 72 85 90 105
149 150 149 150 168 141
154 149 152 152 170 149
81 75 57 73 72 110
30 26 22 30 29 25
54 37 37 37 34 27
48 46 39 45 47 33
133 123 117 91 110 94
190 190 183 183 191 189
93 106 130 82 74 111
185 191 184 182 197 188
107 115 85 93 131 109
102 107 93 118 130 106
111 113 94 116 105 104
83 68 68 86 86 102
184 178 177 168 187 179
147 135 139 142 143 139
16 23 22 14 25 20
64 49 52 56 54 37
36 32 36 35 33 26
153 154 156 161 182 170
179 175 171 157 177 160
129 133 134 129 141 119
44 47 47 54 48 43
138 131 141 139 159 133
144 143 143 146 162 138
90 73 65 62 63 66
119 104 131 102 103 75
176 166 166 154 173 151
123 125 132 126 133 121
67 58 78 81 75 108
180 176 172 165 185 165
188 181 182 177 192 180
193 199 188 185 190 177
192 200 193 198 199 191
63 7
11 14 63 47 32 46 57
22 1 25 69 51 35 43
59 6 47 9 17 35 19
70 44 63 66 84 68 86
24 23 11 5 24 17 36
37 14 11 16 2 5 36
76 54 63 69 42 68 29
66 71 63 66 58 46 95
15 0 25 34 32 66 1
52 64 3 69 51 26 1
76 87 54 69 64 82 23
47 42 83 88 73 82 77
3 36 25 32 29 5 11
54 14 61 27 6 58 66
10 1 16 16 32 46 11
15 71 21 9 0 78 19
37 44 40 3 24 18 57
76 57 80 69 84 82 77
66 71 83 88 42 82 86
70 71 63 9 29 56 50
2 64 7 34 3 28 36
76 23 63 88 45 82 6
0 7 7 5 19 0 50
32 14 38 5 19 53 27
37 42 38 69 45 41 57
76 71 83 34 42 68 86
29 23 13 47 64 46 66
59 44 83 88 60 78 66
37 36 40 34 58 43 27
92 71 83 47 51 53 41
54 87 13 88 84 82 95
70 57 83 47 73 1 57
24 7 17 0 19 41 15
76 64 54 16 60 58 66
11 14 25 5 6 18 39
92 87 83 47 73 68 86
47 14 47 27 19 20 1
37 14 61 32 6 28 23
76 23 63 47 84 68 77
35 14 47 4 15 24 41
76 71 63 88 64 31 23
54 23 21 27 32 15 50
66 71 63 47 98 58 57
37 63 54 69 98 82 95
70 44 63 69 84 82 39
35 7 17 34 3 53 4
76 71 83 69 32 58 77
37 7 3 34 64 56 43
3 1 54 9 19 5 0
9 57 25 9 18 5 57
3 44 21 47 45 1 43
54 23 21 16 45 23 15
32 64 25 34 24 43 29
76 54 54 85 73 68 95
15 44 3 47 64 58 86
29 71 83 69 64 68 50
92 57 83 88 73 35 77
76 71 63 34 64 34 86
63 23 25 16 32 31 15
65 87 54 88 60 46 66
76 87 63 47 73 46 35
37 14 25 69 60 82 86
22 87 40 16 32 82 66
