100
13 10
89326 150173 123560 137679 18149 180931 611345 153792 275417 84383
887884 581113 605343 588325 786670 434745 675900 784333 736203 565817
941801 993848 677172 714771 945577 826501 976168 957866 945225 724222
554188 581113 901999 714771 703902 841912 865709 715464 823671 996164
350162 241050 848650 697992 260973 723554 675900 153792 736203 911151
350162 73429 338066 84692 368594 125046 280169 646020 382770 84383
89326 2486 123560 84342 18564 112535 47597 483767 191057 45498
350162 229948 162975 217859 80948 723554 675900 471185 493318 565817
554188 241050 369365 137679 730724 180931 611345 649244 493318 174863
89326 229948 369365 217859 204667 434745 280169 138891 610545 734511
941801 581113 685845 375199 786670 841912 976168 784333 828109 767655
554188 25025 509617 375199 413900 180931 264027 153792 610545 548142
554188 241050 605343 821284 945577 560986 976168 483767 865021 767655
16 18
115 7 7 16 39 45 38 12 31 41 33 78 55 50 142 43 33 60
209 62 18 20 127 59 77 57 279 98 141 235 183 146 358 185 142 65
209 223 395 103 219 77 375 57 477 190 507 682 720 512 582 555 462 394
427 294 190 103 263 63 375 157 111 421 353 289 275 137 171 395 142 206
436 616 270 76 567 816 498 663 441 207 353 909 663 715 923 395 984 465
436 367 395 265 528 315 498 663 734 579 476 660 534 156 582 465 182 389
395 294 996 265 567 253 547 157 865 385 735 898 867 731 710 725 611 522
552 367 236 482 882 816 700 663 477 645 353 828 867 838 358 555 232 615
552 616 270 482 358 729 700 663 446 579 976 783 663 193 887 725 967 854
425 194 185 23 199 425 104 439 317 171 267 429 238 193 672 239 232 226
791 524 651 938 882 425 291 938 850 813 976 814 720 897 887 494 418 843
552 367 186 482 313 315 257 157 111 421 598 608 599 838 171 470 182 341
427 524 190 29 219 729 257 571 363 190 298 695 274 512 887 297 898 412
771 616 270 466 219 425 362 938 850 476 735 887 275 731 923 725 611 543
552 481 651 482 567 777 547 984 865 813 598 836 602 512 872 555 462 583
791 616 236 945 358 816 498 439 266 813 735 905 720 897 330 725 232 475
16 2
109 46
819 796
799 826
371 334
511 473
571 555
840 823
638 647
996 1011
807 798
553 531
860 838
954 951
542 577
856 815
513 509
12 10
788099 827380 779140 687946 822284 63385 190387 473903 674773 286218
235678 66201 487043 441925 321375 28854 88705 26529 520705 132159
983499 510353 779140 865827 715991 939191 919253 852586 310769 601207
115790 732413 516751 441925 822284 939191 475086 852586 520705 601207
528746 510353 120028 61582 715991 505458 2001 473903 293413 601207
803071 827380 516751 166020 940122 939191 248576 806449 520705 964672
983499 827380 779140 166020 940122 658919 919253 852586 674773 964672
803071 133533 516751 687946 564633 414362 761841 557121 293262 286218
235678 510353 120028 149078 273454 371522 248576 26529 449028 132159
24217 510353 431351 422708 534020 505458 236110 557121 317759 286218
528746 510353 98818 110140 159528 137245 475086 26529 520705 130733
528746 727946 338526 166020 564633 658919 475086 557121 520705 286218
14 10
102997 297281 203716 474724 394665 126677 223264 374577 332063 151965
25853 241574 101803 40207 332038 85107 78798 288798 98516 99509
694995 508352 668563 526062 679196 320360 672909 471276 609489 230075
132529 400260 668563 538462 927246 475699 402708 617811 425879 417585
694995 991280 496962 678657 679196 785267 672909 656007 609489 417585
149574 667936 668563 678657 679196 769442 672909 471276 425879 417585
132529 400260 352512 538462 249428 126677 402708 375172 590188 394285
14472 180106 41923 4627 120680 29704 17302 262496 96328 63033
388267 667936 668563 678657 679196 555782 672909 656007 609489 417585
388267 508352 586589 678657 312344 475699 672909 927225 609489 417585
694995 338085 496962 678657 395888 320360 237802 656007 609489 230075
290474 667936 352512 538462 395888 785267 672909 654498 498877 417585
77629 202407 101803 321597 140830 80982 176659 288798 98516 99509
149574 667936 496962 678657 975160 279721 672909 413169 609489 417585
5 2
2 2
4 4
1 1
5 4
4 1
16 3
579 537 573
333 340 376
892 946 896
856 930 943
223 226 236
79 58 76
107 97 106
893 870 826
834 875 929
272 246 200
341 350 348
700 693 709
644 638 644
125 102 117
478 477 478
71 44 104
12 10
487452 720896 541029 880283 754106 778516 597623 379439 337871 318416
487452 792557 541029 687535 322263 778516 887311 908841 337871 660889
487452 792557 541029 459852 633773 778516 597623 908841 425280 660889
26774 541810 137567 459852 13681 282902 368748 62396 300001 150646
276181 833120 474866 408913 267891 371871 887311 484165 524254 660889
276181 541810 209403 880283 703813 371871 764093 661163 524254 660889
129985 302300 209403 11465 91023 284701 514639 62396 223616 109880
173129 888683 294278 687535 633773 371871 764093 713694 428069 347835
887267 502082 474866 408913 754106 371871 815081 661163 524254 185225
851450 422112 541029 687535 322263 64806 815081 713694 524254 185225
81704 792557 294278 880283 269075 371871 597623 752592 402100 660889
173129 352463 209403 205750 99706 44644 259958 62396 274534 123595
11 10
295645 250255 883868 54704 846115 240295 76409 538302 983033 623481
616986 404590 583461 54704 333606 831358 774708 30254 189183 623481
616986 404590 883868 325067 333606 240295 446508 538302 944466 623481
295645 868032 763419 325067 95220 151323 76409 538302 45240 374318
616986 868032 159084 37621 109948 831358 403147 30254 365837 238668
35654 203970 120591 20257 26569 76113 33934 2648 45240 30005
616986 868032 883868 325067 309723 831358 774708 30254 45240 623481
294837 868032 883868 325067 846115 76113 950516 352089 288898 623481
120591 250255 856728 325067 451556 151323 774708 30254 288898 143073
295645 404590 883868 325067 111780 222138 446508 538302 857750 623481
616986 250255 583461 54704 451556 240295 950516 538302 655868 374318
3 3
4 4 6
5 5 5
4 5 4
16 10
418015 403969 695054 223761 170532 233249 411911 127001 129539 465315
662815 513892 304604 152803 607894 680887 996170 858228 717043 882969
713835 513892 304604 849200 607894 758046 411911 424178 301631 564338
273636 784839 569621 649926 33743 233249 297851 127001 382984 564338
519129 29113 98180 453882 197967 233249 297851 381709 382984 182363
720961 202765 569621 564570 607894 135310 813811 682967 717043 840753
248481 124155 83836 564570 197967 233249 245860 92984 92109 276720
418015 513892 545416 849200 607894 758046 61381 858228 881867 276720
720961 784839 935089 727478 475958 758046 766533 502011 382984 993021
519129 124155 92918 223761 540055 114991 411911 350392 382984 564338
418015 889321 695054 727478 607894 758046 411911 695948 881867 882969
273636 202765 98180 126387 135529 135310 813811 35633 376781 564338
205336 889321 695054 693362 553394 758046 952177 179853 301631 840753
720961 784839 304604 848650 524309 758046 411911 502011 717043 401460
191171 29113 98180 201777 457340 233249 7253 30567 92109 276720
248481 403969 304604 223761 197967 207414 43332 766440 823577 203818
10 3
52 52 20
55 55 50
53 53 30
54 54 40
56 56 60
85 55 41
93 53 21
54 12 49
51 51 10
52 22 29
16 4
196383 750250 398032 896568
510352 323905 30843 545811
196383 165678 398032 206978
510352 165678 30843 206978
510352 323905 30843 179937
510352 165678 30843 206978
196383 750250 398032 667449
196383 750250 398032 545811
194276 7550 30843 58593
196383 750250 398032 933579
510352 323905 30843 545811
196383 148462 398032 667449
510352 323905 30843 179937
196383 323905 398032 667449
510352 323905 30843 125400
981821 750250 398032 667449
13 7
763914 715153 466529 854981 70004 364964 845414
80206 154187 93337 88919 176870 539002 55653
384806 306202 662022 234664 176870 34540 55653
763914 880422 769982 88919 939702 184062 845414
80206 139428 466529 88919 581745 523551 394106
46838 125077 662022 387409 339887 307312 616768
80206 50328 180705 848550 868813 539002 394106
435960 306202 662022 854981 868813 539002 845414
851165 715153 162190 387409 339887 973516 845414
47545 306202 180705 234664 4594 307312 394106
384806 306202 839949 854981 581745 364964 687407
80206 715153 180705 13262 863043 46622 687407
851165 953256 839949 387409 605427 60788 817031
16 10
436048 491366 122279 272336 321566 423616 425950 387013 461848 137491
278021 823766 866107 402916 617204 873052 585823 742938 752478 738488
701992 823766 527028 426313 771235 690187 625743 879525 607180 706991
701992 643131 669802 511297 771235 583658 625743 498938 752478 425043
436048 184330 527028 272336 321566 423616 331132 187596 420243 542498
67798 113147 122279 132580 154272 318259 141474 69553 284633 102373
158576 137808 514071 176496 263126 366174 252791 140830 392212 106006
278021 184330 527028 474451 475992 441352 331132 187596 466363 137491
67798 104362 122279 132580 258845 318259 218092 74818 10963 63828
605039 643131 790871 800673 771235 873052 625743 852020 752478 542498
605039 823766 866107 511297 771235 690187 425950 879525 752478 738488
962655 491366 866107 800673 617204 873052 992747 742938 752478 738488
957597 464693 848804 314253 445541 441352 625743 498938 607180 738488
586616 643131 858931 314253 617204 441352 625743 742938 466363 537940
28379 31326 104316 94417 132852 212850 73135 38023 10963 68418
948574 823766 790871 511297 771235 873052 425950 742938 466363 137491
11 10
523794 910467 259768 730234 469169 253944 479083 473390 310570 727195
906300 517845 138309 730234 186650 833562 333001 932565 936533 727195
887089 517845 259768 730234 441987 253944 641073 932565 936533 970202
111974 176118 43023 289193 109239 67000 8528 178476 120173 130246
887089 517845 259768 574230 469169 98280 593052 932565 310570 801200
218393 216890 35568 289193 109239 131551 260908 178476 67543 62382
218393 910467 259768 574230 186650 148864 641073 627799 310570 724503
44562 107168 43023 62147 28188 148864 8528 178476 67543 130246
523775 910467 259768 730234 469169 253944 641073 839481 310570 279177
523794 517845 259768 328207 283200 833562 333001 627799 136651 265559
337486 216890 138309 328207 283200 253944 152154 473390 310570 801200
16 3
730 684 654
774 714 663
452 455 461
911 936 954
776 847 779
185 216 169
125 172 239
444 451 436
14 53 52
230 279 257
128 132 111
862 848 875
828 830 837
855 814 763
73 92 107
58 48 64
16 8
742 728 746 733 703 717 744 719
658 670 762 722 700 610 532 445
192 205 169 159 187 184 176 199
747 777 827 822 855 938 906 927
974 984 1010 990 1013 1003 1023 1007
134 181 127 60 105 96 162 113
195 159 152 133 147 158 125 93
715 643 717 789 870 771 818 799
259 266 291 304 295 323 302 282
783 826 875 910 961 1020 986 1023
514 536 558 556 575 564 579 547
743 687 698 697 619 595 544 609
167 141 126 140 131 106 117 121
484 505 525 522 550 522 499 490
932 971 980 984 952 995 1053 1053
445 463 433 415 392 378 394 429
16 9
391 375 436 400 429 430 403 357 347
208 224 231 211 183 188 207 230 216
220 207 171 151 130 96 76 57 58
843 837 850 862 854 859 863 848 859
707 735 677 645 599 555 480 566 615
969 992 981 976 981 968 991 984 984
945 898 938 954 1027 1051 1137 1071 1037
835 814 806 831 826 806 790 771 748
798 881 897 851 823 890 831 758 814
971 979 1035 1027 1060 979 972 994 1044
895 812 822 750 718 798 867 784 754
938 896 882 861 846 819 793 790 753
965 957 1018 935 885 972 1017 1058 1106
78 21 61 46 96 100 48 101 75
354 392 382 426 425 446 411 377 415
669 636 662 603 577 661 648 652 701
16 7
224 207 200 227 202 197 222
736 702 727 760 774 803 859
706 705 679 696 711 683 661
686 670 694 719 737 755 759
302 207 247 306 393 323 235
343 332 338 346 367 381 359
133 185 212 175 191 144 93
540 565 520 578 632 579 584
234 208 188 151 96 135 118
418 403 397 408 412 417 406
2 0 1 0 0 0 89
429 435 444 448 460 454 450
660 613 660 601 527 464 415
719 741 706 694 722 757 748
415 404 390 448 503 485 525
549 522 616 631 685 738 827
16 3
209 217 229
816 801 810
383 422 445
898 829 748
135 153 160
630 582 648
276 289 299
880 837 828
650 642 649
868 865 895
692 738 701
173 204 225
179 181 193
680 665 611
229 242 222
722 674 604
14 10
575748 311562 462543 598124 984986 382519 783467 381675 338470 536271
341875 586020 462543 4119 736420 76524 477192 680871 338470 142185
299602 311562 447586 86608 153055 382519 212880 381675 304825 704779
505902 188537 77250 545233 738884 192935 477192 328209 133666 415808
336728 365856 158962 507692 153055 691754 477192 680871 543220 509387
183563 2451 137270 293062 39717 382519 252236 66337 338470 147560
575748 942815 776347 682956 983864 133577 861974 841047 677674 933367
575748 365856 700276 399450 948160 433720 477192 841047 996271 933367
387061 586020 300633 231632 153055 433720 65544 466771 589452 660417
183563 460083 853778 507692 304352 964539 861974 72808 677674 704779
336728 586020 300633 4119 304352 416291 252236 183283 274367 415808
132583 365856 700276 293062 39717 691754 783467 68792 133666 66220
505902 900131 812618 682956 422881 691754 783467 841047 677674 933367
575748 942815 853778 86608 422881 691754 477192 381675 589452 536271
12 10
517418 281326 526308 802377 235297 775886 432888 433910 660818 611035
446549 22148 97648 440731 167382 286282 332831 185557 139563 30746
517418 946669 672250 931432 212098 411728 891192 728165 989482 598327
634468 330574 894432 640162 722774 775886 741263 772580 660818 698987
59637 42565 97648 430990 34999 170165 278210 34183 139563 30746
634468 611341 638754 553949 267685 496019 742424 477950 354127 738533
517418 863110 886044 868683 267685 496019 742424 998360 660818 425573
653925 863110 672250 640162 267685 564916 332898 477950 470160 611035
653925 330574 982167 588470 531961 482057 432888 678965 660818 425573
99418 42565 91726 440731 97816 286282 181426 185557 36188 30746
99418 22148 97648 394451 97816 170165 181426 185557 354127 399201
986642 330574 727407 640162 531961 564916 742424 772580 660818 698987
16 3
714232 531803 205876
381429 11304 561245
326038 531803 205876
906083 531803 205876
714232 11304 561245
856069 531803 205876
14897 11304 561245
549076 11304 561245
774739 531803 781698
856069 531803 205876
381429 11304 561245
326038 11304 561245
14897 11304 89963
14897 11304 561245
906083 531803 205876
326038 531803 205876
12 10
6971 243203 255288 17829 336976 101396 65323 52795 316927 51279
391348 489812 69858 417817 235412 619520 65323 651553 316927 417277
726675 676670 255288 799653 460427 819450 784214 945324 586681 818504
948290 676670 742301 799653 460427 819450 401920 832980 586681 385770
391348 325679 101253 17829 336976 191340 266593 52795 316927 151196
815925 489812 101253 417817 129280 619520 266593 651553 94218 70078
391348 676670 742301 610461 336976 309324 784214 945324 316927 385770
296474 325679 255288 17829 380241 180545 401920 52795 94218 70078
354697 313015 184195 417817 129280 180545 65323 716629 94218 151196
391348 993569 742301 799653 460427 309324 784214 832980 586681 818504
815925 676670 255288 417817 380241 819450 784214 945324 586681 417277
33590 676670 742301 109852 380241 158542 266593 248110 586681 417277
16 12
575 208 652 455 194 311 267 461 543 267 567 540
534 374 696 584 841 332 267 473 642 453 293 443
327 340 230 252 57 17 148 181 188 123 228 129
758 490 696 370 194 651 267 348 425 492 293 666
544 406 479 702 548 332 267 193 545 133 293 518
867 572 760 836 870 699 517 772 800 718 454 856
575 406 652 455 590 23 533 188 445 670 567 611
221 87 360 370 57 15 148 88 373 198 454 258
747 572 864 896 663 810 928 348 838 710 679 879
22 85 74 109 43 11 14 18 109 42 89 128
221 292 230 370 194 311 253 121 386 100 199 317
327 374 382 455 547 651 533 308 684 267 567 383
957 926 992 966 976 916 950 978 974 887 919 949
327 139 632 252 153 29 69 308 237 134 280 235
747 387 760 836 870 780 857 772 840 492 867 884
867 572 760 584 663 780 928 577 784 718 867 694
16 10
138110 19987 296703 55497 208607 192770 335776 204347 185246 39110
739596 492379 593978 889924 827694 520089 880284 248467 641041 964081
854437 756582 931903 545685 387006 473333 811074 697153 692687 502888
600844 818340 931903 745020 387006 570485 880284 697153 622215 502888
523581 127795 466114 167301 25151 26808 335776 143319 31339 175222
138110 127795 23704 115119 120633 192770 104451 248467 258629 224030
420275 595565 931903 803761 667650 298292 868246 479563 810055 374510
854437 418218 593978 733650 387006 368279 818196 697153 695438 374510
976467 818340 593978 545685 827694 570485 514411 697153 695438 502888
340763 127795 296703 439969 208607 272672 104451 143319 258629 39110
523581 19987 169698 167301 208607 133190 514411 204347 258629 224030
739596 818340 931903 889924 667650 298292 818196 450304 467516 799253
138110 127795 23704 167301 25151 42280 104451 248467 365761 39110
600844 595565 466114 803761 667650 298292 880284 479563 641041 502888
739596 418218 593978 803761 827694 570485 880284 452559 810055 374510
564475 335157 296703 439969 14436 158507 514411 204347 553257 175222
14 10
232147 394457 252499 7918 69958 410002 131880 4110 260851 272001
843733 948441 806722 814519 855589 522075 556946 990851 585009 405315
971660 985138 184566 468066 632536 761588 774119 954232 585009 408642
476375 948441 934795 615288 632536 522075 774119 37329 585009 469568
971660 948441 806722 888644 493042 985285 814495 37329 585009 469568
843733 721167 168135 63634 69958 656304 556946 37329 57295 98432
205699 394457 428155 506476 493042 104289 732547 22953 366056 433034
283117 708915 533801 814519 855589 522075 814495 580402 585009 441890
283117 523016 151769 506476 321698 513057 418878 37329 366056 441890
843733 985138 533801 888644 855589 879518 814495 597261 574720 469568
283117 523016 533801 382379 69958 136757 537142 592519 57295 102754
39624 334428 428155 63634 632536 136757 368628 37329 57295 99882
728708 721167 806722 506476 632536 656304 940177 597261 366056 469568
476375 699491 184566 63634 321698 472170 504185 22953 260851 102754
16 10
869726 819687 770561 269179 835172 753831 67268 915507 368387 813234
44240 39994 847993 746076 38311 753831 212419 140364 368387 389295
869726 949740 880747 746076 452907 753831 212419 576670 659803 813234
57384 26400 334092 746076 176230 148876 67268 446060 231112 557416
909936 605571 524135 746076 615924 550336 491261 446060 906480 153911
131519 39994 41728 10097 234474 439910 491261 62786 315311 461324
57384 605571 524135 103297 452907 103594 19807 576670 285866 729146
401279 605571 268149 269179 615924 148876 491261 116604 315311 153911
909936 235879 880747 944529 615924 550336 200407 915507 575381 954362
401279 194156 334092 103297 615924 550336 809564 555705 906480 557416
401279 949740 847993 925065 234474 753831 809564 956798 231112 153911
909936 819687 334092 632366 835172 928103 809564 140364 575381 729146
401279 663762 880747 944529 151831 928103 405333 367767 906480 461324
317149 819687 524135 269179 385359 439910 67268 540310 368387 729146
131519 480840 716950 675334 228495 7204 212419 555705 130136 72310
401279 480840 74089 103297 452907 7204 19807 140364 659803 72310
13 22
59 48 65 86 74 45 29 76 58 35 51 59 55 57 48 45 72 83 88 21 51 76
59 77 65 91 62 45 61 67 43 43 72 59 43 57 87 99 77 87 89 59 83 73
29 17 25 21 49 40 44 34 9 43 52 14 36 25 76 21 16 35 61 15 83 54
21 14 10 21 4 24 17 2 9 10 16 8 8 13 23 16 9 14 2 13 19 24
8 7 38 37 11 20 17 2 25 21 13 3 24 23 8 19 9 15 20 21 29 30
39 17 22 48 13 25 29 38 25 21 57 43 24 14 33 64 16 17 4 14 29 38
96 48 68 48 62 25 45 14 58 21 16 14 55 57 33 30 77 94 18 59 95 66
59 48 68 25 62 45 61 72 81 61 72 80 84 57 87 65 47 75 67 59 95 82
96 17 68 65 74 45 61 76 58 61 57 80 43 57 15 65 47 52 30 59 73 89
59 48 86 91 74 45 45 76 43 61 72 45 55 25 48 65 59 50 28 59 83 94
5 4 7 5 3 6 15 1 7 5 0 0 0 5 6 6 0 1 1 7 6 14
91 17 25 91 12 45 61 26 81 61 57 76 36 57 61 65 16 45 68 35 51 98
39 15 44 39 26 25 28 14 37 35 52 45 33 25 33 65 59 43 61 56 43 64
16 3
744 712 715
310 282 276
162 173 197
826 845 846
576 645 658
221 176 157
516 527 483
448 438 407
542 537 580
619 635 647
20 12 1
84 106 111
588 568 570
775 723 673
121 121 122
860 843 850
16 21
52 89 86 47 0 7 25 0 13 63 87 134 73 93 154 135 126 183 220 234 282
312 252 206 196 147 104 95 92 102 137 90 150 168 176 241 294 311 298 277 284 354
831 887 831 758 717 721 689 651 634 580 523 471 467 480 417 388 342 336 282 327 273
104 88 79 101 78 79 68 70 53 33 45 50 65 71 76 71 92 82 88 67 55
430 468 493 517 480 447 431 414 382 425 402 422 402 407 387 362 348 357 400 441 411
703 750 782 789 741 707 717 737 709 743 778 736 729 684 667 642 595 564 521 552 574
812 862 893 869 788 808 761 804 718 671 674 692 702 778 824 761 748 840 857 883 944
147 122 156 139 116 91 94 122 139 116 93 73 97 71 48 49 77 86 120 108 105
679 627 665 677 604 596 589 591 587 520 506 474 450 481 450 540 569 618 637 602 615
680 669 667 659 646 644 633 631 641 633 634 646 642 644 645 651 653 645 633 625 618
732 775 836 868 882 912 924 861 843 869 884 827 785 787 773 787 739 742 776 775 756
834 891 897 901 942 964 1012 1043 1071 1018 1035 1035 1015 1008 1011 998 981 1032 982 937 915
596 582 563 581 575 545 550 556 564 548 526 510 505 529 534 511 502 505 497 494 493
350 417 420 454 423 352 421 337 362 308 271 334 268 300 238 153 182 195 189 258 236
792 847 875 820 791 870 929 891 972 998 1007 962 1006 1026 946 1026 998 1026 997 999 962
550 489 490 500 443 446 488 528 492 550 570 560 550 603 590 618 675 649 653 632 607
11 10
703710 666648 217955 998495 445027 646653 458693 557646 338792 569661
309194 295261 206534 521139 388304 455198 303533 219944 219307 386771
703710 666648 217955 621486 744808 883920 415445 310795 911853 679301
396802 549523 430018 772239 744808 646653 677466 606586 184529 764339
308720 15896 56755 149979 21718 118261 214873 127994 145903 314694
598636 666648 430018 705749 744808 908231 677466 557646 711438 679301
396802 483480 217955 891017 420543 871876 633405 310795 795833 764339
396802 483480 519161 963377 744808 928018 851030 226771 250263 406994
115317 174793 56755 149979 21718 18546 49503 147172 178448 65882
703710 391125 519161 891017 445027 928018 633405 606586 384420 764339
703710 666648 430018 705749 445027 646653 677466 606586 711438 764339
3 4
1 2 3 4
6 5 4 3
2 3 4 6
16 10
696838 431848 415743 346586 181261 449977 311581 273017 273802 91115
97995 643050 76382 129910 181261 303295 434729 656757 265850 345509
104491 809264 650538 753757 797860 503997 941545 817535 385076 874604
214029 110111 223847 346586 19911 503997 607452 61724 385076 812088
461731 171626 297120 539444 181261 112998 311581 18311 229744 91115
214029 115093 146904 101104 797860 303295 19362 185329 273802 345509
210023 171626 297120 244522 181261 449977 311581 61724 42628 585409
748445 967633 650538 753757 737443 224872 607452 656757 385076 536905
748445 643050 635138 539444 797860 503997 434729 817535 417703 276569
613316 171626 650538 527700 181261 851982 824099 273017 417703 874604
214029 270775 415743 753757 502367 503997 824099 484154 273802 814013
214029 431848 273860 346586 19911 330107 607452 185329 270165 761512
164752 270775 146904 505507 502367 246152 229369 61724 6247 536905
461731 171626 297120 129910 999233 503997 220347 414902 417703 585409
696838 809264 297120 539444 797860 503997 434729 185329 417703 702225
748445 809264 415743 539444 797860 449977 824099 484154 417703 874604
16 3
591 600 590
126 101 109
198 167 125
549 537 522
663 652 646
346 310 400
401 392 401
409 395 419
243 256 256
273 287 268
789 801 803
656 691 714
66 81 125
811 865 866
783 784 786
961 963 984
16 8
314 308 286 304 267 296 269 241
108 64 26 30 66 91 64 80
428 468 490 527 540 567 537 546
784 724 730 698 740 719 673 671
984 994 997 998 1014 1017 1000 1003
120 76 156 113 85 37 36 0
471 435 402 392 428 440 466 504
642 635 620 612 600 587 584 597
453 437 392 404 371 342 348 374
0 60 153 180 265 208 197 209
668 659 664 637 603 628 614 653
648 640 637 636 616 610 623 605
498 507 507 506 497 506 516 527
716 679 699 666 720 776 737 806
491 526 557 533 566 548 581 579
961 1025 951 973 1007 1005 1061 1090
16 5
545127 4641 263050 406103 388684
112744 741213 452769 256191 326174
112744 741213 575055 406103 759743
545127 4641 88655 522939 402228
972483 741213 599462 537128 909511
545127 4641 263050 256191 356026
45110 4641 263050 32423 164747
45110 4641 88655 32423 164747
112744 741213 599462 171563 759743
112744 741213 599462 993362 759743
545127 4641 88655 522939 402228
112744 741213 599462 537128 759743
545127 4641 88655 392573 402228
112744 741213 453426 406103 733856
45110 4641 46205 32423 164747
972483 741213 599462 537128 733856
16 10
311745 629081 68829 644339 169757 384874 436244 519297 505489 273337
79610 348236 21270 57513 44768 31327 239734 69470 151439 54849
327594 699216 721282 644339 362088 731834 504316 422801 767061 443218
79610 348236 68829 57513 169757 25230 18652 181063 505489 273337
327594 945928 721282 921319 653793 792766 804808 556549 969798 713784
518094 945928 561582 743694 441930 819921 584823 822362 969798 875412
518094 945928 303249 921319 653793 819921 584823 556549 849638 423415
87490 511215 303249 644339 362088 384874 551769 271545 156420 443218
286547 699216 561582 743694 642649 731834 584823 418388 650521 575989
153638 629081 275395 412059 213401 277023 311139 310004 596008 341587
744240 699216 303249 938022 653793 792766 584823 822362 650521 713784
518094 777320 999742 860513 441930 819921 804808 556549 849638 575989
53773 135186 1659 11366 8892 31327 27656 94015 18057 66768
286547 160498 7701 412059 44768 277023 327426 422801 261728 158399
852743 777320 721282 938022 441930 699540 804808 556549 637039 875412
87490 511215 21270 57513 131717 231060 239734 181063 261728 273337
16 5
147 225 296 301 387
714 742 702 739 771
134 96 52 115 109
298 328 329 316 343
708 757 804 732 704
475 447 454 444 473
120 106 119 101 98
295 327 272 281 313
564 575 579 590 601
346 284 261 255 204
834 809 782 756 771
855 898 888 929 972
97 129 194 170 215
649 635 642 658 643
937 949 965 937 866
999 1031 1088 1145 1202
14 10
122551 13628 390837 570123 276955 9973 225474 877281 420066 567046
561480 238839 265588 506786 7426 501804 13452 19856 220638 219598
122551 359694 265588 506786 392607 211856 25389 92721 220638 219598
407500 714341 669054 598037 700304 501804 502336 92721 863703 657206
640386 238839 265588 407873 392607 211856 225474 92721 60724 158513
640386 531881 721516 570123 654280 501804 743875 92721 220638 219598
122551 13628 252049 570123 276955 21696 306804 818253 516088 567046
640386 531881 937796 870682 21957 950683 306804 887595 863703 958273
99271 506901 390837 336153 392607 255272 25389 818253 88252 219598
709067 531881 579907 598037 808023 501804 743875 887595 863703 657206
709067 238839 721516 870682 949719 761715 502050 883711 863703 657206
317342 531881 721516 743047 700304 965684 806299 935935 851152 657206
709067 719282 937796 598037 700304 761715 806299 845329 610692 657206
407500 359694 14235 298696 392607 255272 502336 92721 67480 219598
12 10
680460 443359 186470 225772 438678 725313 907370 494198 935832 769761
526804 263309 100468 225772 63282 142026 105980 219279 46102 520570
627405 555174 886933 764534 884506 332959 765308 958161 661477 769761
627405 21453 8347 12854 358622 239131 146074 71792 45256 550772
213497 21453 731775 44997 63282 725313 907370 648501 950904 868323
213497 555174 858915 662038 438678 332959 146074 219279 368435 456378
19075 21453 8347 109099 438678 142026 146074 185790 84581 550772
213497 443359 129671 225772 63282 127620 108086 219279 46102 58983
680460 871954 186470 662038 757701 455156 418478 494198 630332 868323
24129 21453 186470 764534 884506 455156 907370 648501 630332 868323
680460 871954 886933 764534 757701 455156 765308 648501 661477 520570
24129 21453 186470 662038 438678 35804 418478 494198 164293 58983
16 2
3 1003
4 964
7 967
0 1000
6 964
14 892
12 892
2 1000
9 931
15 895
10 928
11 931
1 1003
8 928
13 895
5 967
15 9
84594 946192 649425 535446 307769 769186 619825 369927 63412
53287 24512 779184 86185 15683 208147 104706 166430 472580
556418 24512 779184 190669 290317 769186 619825 939823 600122
432744 946192 649425 512154 977365 446743 960434 369927 252042
556418 735415 218183 850123 618774 769186 619825 369927 944909
53287 24512 295761 190669 205928 446743 345776 119223 28428
556418 735415 895006 535446 618774 208147 619825 789469 472580
147462 571791 649425 190669 307769 74468 104706 369927 252042
147462 252066 400945 12869 307769 332939 345776 46614 204409
4979 438489 218183 86185 151052 727944 13455 369927 63412
84594 438489 37202 535446 307769 346720 241732 46902 600122
432744 735415 367032 512154 307769 769186 345776 939823 600122
147462 6739 367032 86185 205928 346720 192993 166430 472580
84594 332771 895006 850123 938959 346720 345776 369927 600122
556418 946192 400945 75847 618774 208147 619825 46902 600122
16 10
912481 674875 577304 639157 627006 675426 454667 995595 811835 703205
670732 566765 435537 624416 773752 912864 505992 727372 619755 844403
278292 226065 431951 68521 198499 436835 198821 97272 32290 616441
779126 727825 760950 749138 627006 881246 369659 525537 811835 618892
45926 240795 26362 186928 198499 73982 432327 335719 153124 10262
45926 555934 45167 383929 86581 73982 432327 248747 311303 10262
278292 424259 45167 139547 5396 599638 211949 97272 153124 257845
278292 820124 577304 784321 798020 912864 912383 968722 811835 844403
463680 566765 435537 383929 37703 370506 339930 382948 153124 10262
779126 820124 968445 784321 798020 675426 654661 995595 408824 516212
670732 917013 577304 977428 891236 881246 654661 525537 311303 746829
45926 555934 430736 180403 37703 599638 9608 97272 32290 584440
463680 710945 577304 186928 613342 769878 505992 248747 619755 746829
463680 820124 760950 394802 773752 881246 505992 727372 619755 746829
912481 727825 934046 580271 571247 912864 505992 525537 605868 703205
17397 424259 26362 68521 86581 73982 211949 33411 153124 257845
16 10
454879 197608 367269 387292 450043 238088 280581 51400 293347 197459
753758 197608 228790 5702 38245 150054 163183 89950 438478 139120
49513 699007 82809 387292 705355 150054 67218 367901 216519 642740
753758 639333 918163 734262 724040 663362 766519 822172 644287 382845
621763 855930 777975 657962 907261 380343 163183 527895 798248 693158
963210 335773 918163 657962 481451 663362 539920 367901 798248 693158
64091 232908 178815 5702 38245 2578 280581 89950 676367 382845
139227 855930 534555 734262 724040 380343 766519 808077 798248 919908
621763 335773 777975 5702 682313 238088 691966 527895 293347 197459
196913 587225 97568 5702 521396 150054 698027 367901 106677 197459
753758 993627 534555 912066 724040 663362 766519 822172 798248 642740
196913 335773 534555 387292 552158 238088 539920 808077 293347 197459
753758 699007 228790 734262 724040 380343 766519 822172 182768 919908
454879 587225 178815 387292 552158 2578 67218 367901 438478 197459
196913 30227 367269 5702 38245 117324 163183 2972 676367 155807
963210 855930 726024 734262 907261 947937 766519 822172 644287 831712
16 4
265 275 272 273
313 285 278 228
477 404 350 397
865 881 806 744
950 948 943 923
409 362 363 407
93 68 71 125
40 77 64 102
386 420 386 395
505 477 490 443
762 752 791 823
247 231 224 204
783 756 750 776
797 805 801 816
778 793 838 888
583 605 577 578
16 9
135 205 252 206 154 113 204 222 200
805 766 727 664 742 700 655 576 607
807 842 825 807 850 813 791 782 767
181 170 137 124 194 149 168 104 83
886 910 885 876 890 866 874 898 880
473 391 435 500 544 620 524 470 436
677 704 741 779 800 773 718 706 666
374 379 380 402 386 372 355 344 329
157 180 183 218 220 209 189 189 181
641 695 675 635 567 605 686 763 684
925 1005 1068 1108 1162 1072 1037 969 969
331 364 354 367 323 356 323 287 263
471 421 377 345 365 392 331 338 330
468 418 352 281 220 198 137 124 71
655 645 639 637 643 649 659 660 652
973 952 946 958 933 933 943 953 925
15 2
147 3902
4804 8510
9977 4040
4053 9191
5437 6453
2442 841
3169 814
841 2442
814 3169
1156 1156
3902 147
9191 4053
8510 4804
6453 5437
4040 9977
16 11
913 908 903 913 915 904 909 908 914 914 914
391 414 396 367 354 343 359 387 370 379 411
455 507 497 408 340 419 362 400 350 367 437
82 64 66 73 65 82 92 77 76 64 85
363 375 386 414 442 411 417 435 469 454 470
936 940 934 938 933 925 916 910 915 914 917
189 210 190 179 199 179 173 191 180 182 183
672 688 714 741 763 740 742 736 770 749 726
77 81 107 117 134 92 75 67 64 85 67
373 342 295 331 352 357 331 369 319 355 322
849 799 761 753 714 700 722 674 697 685 662
456 476 426 416 393 412 374 420 371 395 410
555 535 566 537 496 491 536 562 533 564 517
533 461 457 526 486 553 640 657 573 630 561
308 305 285 340 353 373 365 330 370 382 349
496 495 512 500 527 521 512 522 562 603 562
16 3
186 145 95
58 88 0
75 71 71
100 133 166
191 182 131
907 923 927
311 296 318
386 428 500
396 380 374
176 195 175
384 397 390
59 59 40
254 240 244
467 394 318
869 851 834
153 204 242
10 19
0 6 0 16 3 19 1 3 2 7 3 3 14 2 4 0 18 3 3
55 52 18 77 88 65 16 86 76 72 21 84 63 47 68 73 60 79 43
76 56 86 77 60 95 87 86 76 33 21 61 73 86 74 17 98 54 99
5 51 11 67 60 40 5 77 50 68 13 60 31 5 40 17 48 60 33
25 82 79 73 76 65 77 40 28 42 39 75 73 86 79 90 60 63 60
7 12 11 36 5 20 15 56 28 27 8 17 20 10 40 7 26 24 7
76 95 79 70 60 44 77 86 75 88 95 68 52 86 67 73 60 79 63
55 61 86 62 88 88 81 56 28 88 11 67 52 10 79 10 20 69 96
25 61 71 57 15 37 16 74 50 42 39 51 31 47 59 17 44 47 25
22 52 71 35 51 44 16 15 19 19 13 42 17 47 38 10 26 53 14
16 6
237 228 215 227 226 249
319 286 350 355 303 299
677 700 757 764 733 674
796 807 830 849 841 857
270 303 337 346 312 351
443 449 424 386 365 379
837 914 975 1012 1032 1016
33 42 36 5 0 22
359 351 352 358 362 359
392 457 398 442 409 419
250 204 212 272 271 284
655 660 654 662 658 654
986 1006 992 975 1003 1018
191 195 187 199 161 185
28 44 0 46 100 57
180 171 180 185 192 198
16 2
988 977
475 468
990 966
936 948
320 327
89 38
8 0
549 509
378 403
356 387
596 591
104 82
925 928
694 710
693 606
84 102
16 4
486 477 479 476
109 126 182 193
218 171 203 182
140 169 106 43
424 446 465 440
755 739 749 754
106 134 89 135
531 535 521 499
326 409 350 263
608 608 615 596
408 413 403 423
385 315 350 296
640 644 633 646
621 586 616 572
586 565 560 558
498 478 524 455
14 10
320433 383169 164872 328642 218488 318592 307432 489850 465837 33411
26190 17663 71131 272896 22490 19581 21582 173758 393935 3679
153309 67887 38492 272896 117703 14162 494367 173758 62005 33411
96290 67887 164872 328642 49020 496717 208433 669447 465837 284687
571596 561421 835006 807287 695423 726225 968922 745931 853105 469183
979322 956116 835006 807287 838180 917931 789927 974153 937681 725880
571596 385807 332019 697572 390359 384492 654900 745931 913900 469183
320433 67887 164872 328642 149314 318592 104908 466924 672591 33411
571596 290600 810174 807287 154651 496717 307432 489850 913900 469183
518800 559945 332019 429009 390359 384492 365788 555574 800755 284687
320433 290600 332019 429009 77527 671613 365788 745931 816038 466878
252001 290600 71131 328642 154651 288389 609420 537471 853105 284687
979322 555982 332019 807287 721827 76210 789927 540445 465837 725880
937200 385807 835006 953259 390359 726225 494367 974153 937681 621366
13 6
160107 133948 175271 286439 222361 410269
273623 471917 941235 435832 893274 410269
273623 686852 941235 782273 647802 806560
273623 828423 407459 435832 893274 672315
273623 339863 407459 798387 816422 738158
223000 471917 523371 435832 893274 624678
22550 133948 75910 302595 222361 266958
22550 133948 103078 302595 51785 102960
273623 471917 356431 689767 816422 806560
167354 828423 646128 689767 962368 624678
273623 339863 646128 798387 706351 672315
22550 33716 202111 295078 174533 266958
273623 269439 646128 798387 962368 806560
11 10
263941 516560 715735 949928 527154 941220 519417 822418 858333 499640
486218 516560 666249 315973 527154 941220 532420 822418 674655 889537
251823 88048 136349 186480 157206 208366 166028 475136 13911 324195
556065 842231 715735 519876 386713 390583 442856 523326 725883 782820
556065 282416 877151 315973 944119 390583 698029 475136 858333 782820
486218 516560 996874 233871 527154 941220 414549 726335 499368 499640
422862 842231 905439 700454 944119 797358 671274 566814 674655 782820
96216 88048 384525 74931 157206 82501 233290 354865 255198 192123
556065 516560 969390 700454 386713 941220 532420 566814 858333 499640
251823 31901 136349 186480 40685 208366 233290 354865 255198 324195
263941 250398 969390 233871 527154 225978 698029 566814 813987 889537
16 5
992422 583614 455751 668884 587987
670492 238915 142505 499213 139279
670492 238915 162087 32519 139279
670492 238915 351108 499213 139279
670492 238915 162087 499213 139279
190270 585069 483290 84507 587987
670492 443203 162087 478967 139279
190270 816741 725008 743039 587987
190270 798060 483290 743039 587987
670492 115834 162087 499213 139279
190270 585069 725008 743039 587987
190270 585069 725008 24189 587987
179619 443203 351108 7873 139279
670492 115834 7500 84507 139279
190270 816741 725008 743039 587987
190270 816741 979601 32519 587987
14 10
465627 674649 836770 621695 949030 741871 886052 162386 821409 477091
385578 928384 899579 859378 835107 741871 250633 941657 488572 826785
459546 611174 322922 766326 322031 558661 250633 127593 291197 125351
465627 321721 494349 239960 56752 23104 67311 271188 37696 125351
465627 321721 587011 12660 322031 563668 250633 271188 488572 244344
57244 611174 296359 621695 56752 31039 895068 162386 488572 116090
118996 674649 587011 239960 56752 563668 150368 162386 398676 244344
42739 13921 587011 199793 577536 563668 642762 271188 309589 434631
662298 928384 494349 859378 835107 563668 962742 271188 850626 477091
662298 286152 836770 621695 949662 741871 962742 612309 488572 477091
874928 928384 322922 859378 577536 139144 962742 454729 821409 477091
662298 357808 899579 239960 577536 741871 642762 612309 850626 826785
118996 13921 587011 199793 577536 139144 642762 45535 488541 244344
662298 357808 899579 859378 322031 139144 149660 454729 50969 196673
11 10
892544 689000 319000 488384 384869 475462 788774 695904 567290 547864
53368 159294 106990 512228 366607 54496 242854 236412 246781 333740
46535 159294 106990 512228 12079 180917 24635 147188 112339 333740
669902 773574 695415 560700 384869 977552 292453 346355 974238 547864
352930 103826 106990 499776 12079 180917 24635 236412 104983 184045
358514 689000 319000 560700 857995 511190 292453 695904 399294 721536
872159 439124 602616 995842 384869 871166 292453 346355 567290 807025
53368 159294 106990 214048 376032 180917 24635 219750 246781 184045
624240 773574 942090 799470 824589 511190 774955 695904 990118 914633
669902 689000 319000 795720 857995 511190 901069 346355 399294 570469
892544 934019 602616 560700 857995 296701 788774 346355 800048 807025
16 10
693282 7294 17582 395371 497850 13575 19917 153794 658281 290622
232546 7294 173729 67889 36568 319309 154353 114194 443267 572855
34922 970164 396079 232770 16251 702357 632126 696127 93301 15584
318967 909723 590572 232770 371786 512748 156011 230496 821376 848603
16212 342940 540660 232770 36568 306185 613838 230496 167118 942600
318967 937524 590572 652260 609395 702357 417863 917512 821376 848603
129938 803247 590572 765446 565483 489831 684825 917512 443267 974756
69666 909723 590572 649532 609395 702357 632126 230496 821376 942600
129938 326751 219480 517826 270845 71922 417863 15493 443267 385
318967 366193 590572 765446 609395 131888 684825 917512 821376 961421
859404 254803 186672 765446 565483 131888 148621 230496 821376 572855
309016 937524 17582 578335 609395 319309 684825 230496 443267 290622
34922 790448 396079 517826 478021 71922 156011 696127 443267 572855
318967 992676 590572 765446 609395 978757 684825 993358 167118 112887
1735 366193 540660 232770 467178 71922 19917 69281 658281 15584
16212 366193 6037 86160 565483 306185 417863 114194 167118 186922
14 10
421202 297538 693528 945309 527463 129227 930804 574922 577544 66780
770869 414329 58260 45182 594837 147195 104884 656176 238795 405899
871766 659420 693528 945309 527463 400678 400094 656176 791871 938788
47607 414329 706254 247422 527463 14570 491052 359112 62918 116151
871766 659420 749336 573557 752368 400678 196335 680034 310239 938788
47607 556936 386790 51393 156340 14570 383544 438697 671196 250912
871766 659420 749336 573557 594837 691692 930804 438697 310239 405899
693916 659420 749336 703415 752368 691692 904576 680034 253091 938788
816016 556936 386790 368213 171529 274891 381654 539757 310239 405899
770869 763545 749336 703415 962021 866521 689939 630323 791871 405899
816016 763545 988505 247422 752368 866521 400094 680034 577544 405899
47607 9765 386790 368213 388664 3689 479030 359112 234678 5120
47607 193755 5256 703415 388664 14570 227834 187409 310239 5120
421202 592039 58260 247422 252050 274891 227834 438697 671196 178706
15 10
29687 62076 110837 67449 95249 31943 137671 6484 258 3534
607885 473644 738512 91266 798777 426235 855208 379083 311351 761739
884458 807662 877068 935959 798777 734699 896247 699409 602540 761739
64332 113058 126632 91266 184928 66540 257771 40552 279502 67141
163347 473644 525770 532627 467913 426235 257771 68757 487944 396088
362980 676904 725354 756818 919673 857680 699929 699409 931578 761739
142393 385099 349385 513785 378139 414464 407021 60024 602540 312099
362980 830516 763549 935959 561260 734699 699929 379083 931578 761739
678635 830516 759427 669729 561260 899207 896247 699409 931578 573621
678635 830516 877068 756818 798777 857680 566053 379083 766170 761739
362980 676904 680849 619302 798777 734699 896247 307567 691381 761739
884458 676904 877068 898917 561260 899207 896247 699409 880528 573621
91279 315745 145145 142700 258551 310790 334711 45245 311351 134116
163347 473644 381203 532627 467913 496177 566053 68757 645484 424595
135773 338473 248590 311995 303691 190159 71792 49945 487944 134116
15 17
975 733 850 984 987 884 966 998 949 988 911 985 1000 925 990 907 982
582 157 86 530 387 497 660 417 83 563 544 205 223 574 208 145 351
955 523 817 977 982 828 929 779 822 826 810 865 959 906 809 766 951
582 271 681 639 758 507 713 727 514 703 793 563 872 481 538 619 888
724 215 525 656 758 655 867 727 576 607 726 827 886 754 660 191 755
627 157 314 159 372 263 713 73 313 162 349 411 599 730 100 180 351
130 41 606 176 136 53 660 122 385 162 720 205 599 233 100 86 775
724 346 606 645 758 524 802 593 552 931 544 481 611 754 545 532 636
794 271 260 701 758 491 882 73 93 563 544 205 414 233 100 86 351
73 157 525 530 136 71 660 73 346 563 720 481 548 15 208 335 351
393 41 173 639 387 311 802 417 157 563 299 745 872 574 538 180 636
778 358 817 820 770 731 867 747 747 950 893 572 880 774 809 823 910
879 440 314 926 853 665 884 662 705 703 793 411 548 730 237 354 636
73 339 173 159 397 256 660 417 315 679 299 205 414 481 208 145 351
73 45 86 530 396 478 660 593 135 563 544 411 223 233 538 180 636
16 11
797200 524493 762123 545806 238161 349310 460722 768456 466994 483133 625850
918944 852737 800902 881637 394242 596510 688696 896014 700557 874996 793059
622180 394380 605003 380280 269117 349310 585992 736130 279125 326099 625850
622180 524493 800902 807510 394242 734152 585992 276785 466994 776671 625850
614615 270499 463887 190583 24816 312685 354960 243116 90050 228496 183370
559535 259736 605003 330595 202725 221722 354960 152044 279125 256645 183370
918944 681326 868278 958904 755839 830770 897904 768456 606881 944171 793059
622180 524493 605003 813794 620469 773872 688696 276785 466994 826823 625850
197425 101042 51220 132407 241145 70657 7769 409 65732 221110 67119
797200 524493 868278 560558 755839 840181 897904 896014 700557 416015 793059
427097 270499 582199 539857 282090 596510 354960 152044 90050 506907 183370
385562 300596 51220 401660 282090 296136 585992 409 279125 570999 67119
580559 394380 463887 665231 598941 596510 669824 141968 424499 738568 183370
427097 36976 51220 52592 17103 70657 7769 72402 65732 3157 67119
385562 74478 463887 107438 138741 70657 7769 409 3362 147489 67119
918944 695030 995774 915762 719931 840181 688696 896014 998804 912010 793059
16 3
126 118 144
386 369 364
202 191 200
628 645 602
789 805 757
522 580 590
343 320 266
651 675 685
299 273 280
740 777 801
725 706 713
936 913 910
159 214 289
846 782 733
996 1040 1123
423 489 437
12 10
476884 558122 196719 278157 325723 477048 562315 219265 638690 372691
454985 558122 58700 278157 503599 477048 562315 464899 638690 449033
556580 132682 196719 278157 503599 86515 562315 464899 372425 449033
443966 132682 38091 92179 325723 338046 553524 374827 372425 434501
277870 132682 58700 92179 58883 360655 320843 374827 292528 449033
556580 94782 196719 278157 325723 86515 402874 801736 372425 822283
556580 555433 583935 278157 104523 477048 402874 464899 638690 822283
247890 88869 16782 75658 222364 86515 402874 80397 27626 372691
277870 94782 23276 47522 184200 13961 56488 251425 27626 308991
556580 558122 583935 92179 503599 609076 906526 464899 292528 822283
556580 558122 58700 92179 222364 609076 402874 374827 292528 372691
556580 558122 641912 278157 325723 477048 906526 801736 372425 983116
15 10
511631 926653 896993 690851 162582 821162 479520 959412 864933 685901
273035 471923 896993 690851 800200 469781 100524 662688 864953 973852
30984 286529 45014 124701 577661 359356 27466 373652 590911 314118
41163 394624 47268 677567 197805 201947 100524 78166 160439 30322
295527 115174 441312 383123 577661 359356 426403 373652 160439 147932
41163 394624 441312 571923 373466 58233 48958 60570 168771 30322
295527 115174 114442 124701 110372 261901 426403 120322 243178 30322
41163 81515 114442 124701 319082 144363 100524 47229 56475 611422
764834 471923 659709 571923 800200 821162 479520 633747 770874 659480
764834 471923 810581 690851 712735 821162 743380 662688 590911 685901
764834 991248 896993 969435 800200 469781 743380 633747 770874 685901
511631 863564 659709 124701 373466 144363 479520 373652 243178 659480
325376 115174 441312 383123 24265 58233 100524 78166 243178 314118
511631 471923 896993 690851 800200 469781 479520 662688 770874 632108
764834 471923 852474 982928 712735 325048 645331 959412 864953 685901
11 10
663749 260513 774181 599501 896446 702671 714061 823429 710599 982059
648845 160404 550492 265183 289855 227318 350116 712846 631841 311219
663749 619594 124958 56914 181070 49326 278398 247605 240418 575750
960303 974582 957403 599501 427565 702671 823049 815711 710599 955858
160261 260513 2726 3922 54140 24957 100286 16028 98088 235320
160261 10660 124958 437093 181070 227318 299 355812 429456 871249
328847 85837 124958 105668 181070 116847 100286 386803 288872 233554
802893 926469 685192 78009 289855 227318 381892 308951 342813 625512
328847 160404 727035 572097 427565 583509 40350 712846 643556 895748
956671 974505 727035 424412 427565 702671 714061 823429 701403 743794
328847 586398 52173 37431 93738 47179 133835 26313 116184 311219
16 3
874257 629970 626284
855684 629970 626284
874257 629970 626284
265474 827523 101613
249044 827523 101613
359732 287877 101613
402079 827523 101613
137002 287877 101613
699890 629970 626284
699890 629970 626284
846611 629970 626284
699890 629970 626284
633555 971391 626284
265474 827523 101613
199614 827523 101613
402079 827523 101613
16 12
370868 542227 534511 403425 544034 565367 211027 621524 592096 501023 745425 763695
370868 813716 413748 620299 544034 532917 360535 650540 546857 473828 276331 540454
662781 759560 754511 913731 593803 659088 360535 623415 644216 576496 759842 873441
552504 825944 754511 625841 733776 683395 746701 773263 859997 576496 708094 807157
812777 825944 812986 923512 596004 856853 846498 890981 919306 803596 780681 907715
248872 430437 369903 196314 284516 335326 148044 381642 272141 294494 250399 379625
370868 542227 534511 584587 481762 532917 360535 406892 584763 473828 551717 564811
816374 899474 963409 996701 881079 884986 995132 989768 993537 951847 838222 982319
274790 430437 413748 199351 223608 158744 143788 406892 272141 179435 341410 528087
294426 430437 388207 146026 422647 335326 324163 336281 404105 390822 253882 161907
294426 542227 470113 419198 389648 636070 211027 580620 404105 350384 533612 738411
552504 673266 647531 709488 544034 659088 786954 580715 644216 576496 589007 863049
139343 320517 212235 146084 196320 66564 33972 336281 218001 115419 102558 244349
662781 851684 807860 904424 795873 769157 846498 890981 913697 803596 743670 873137
42316 150596 84044 38949 68416 30739 5160 103468 82247 8494 18828 142414
139343 326745 340271 77238 223608 158744 33972 199625 263361 179435 102558 150880
16 5
21 0 15 0 0
164 145 145 133 153
336 408 365 345 356
785 730 753 748 748
261 232 192 219 190
447 432 460 444 440
952 946 969 1016 1032
362 393 360 324 364
421 442 437 464 471
649 719 773 794 802
763 775 822 843 897
638 648 658 673 656
146 95 86 65 74
211 216 264 230 178
422 439 451 424 435
835 836 814 781 760
16 2
16 29
20 2
6 8
19 33
2 4
82 72
38 37
46 48
12 22
72 71
20 2
89 73
57 56
20 78
20 78
9 21
16 4
187 184 186 180
668 677 600 568
117 191 263 208
152 151 157 166
349 348 330 312
586 562 588 562
497 478 460 451
766 777 755 757
156 169 189 224
198 240 283 216
138 195 244 291
507 479 457 457
120 62 1 52
517 522 535 517
682 710 655 704
248 314 240 313
13 10
598865 380375 56073 311903 98580 138879 157507 296603 68828 335146
844239 627703 665253 846492 503095 604134 663405 461722 416267 929574
546904 869684 552323 846492 711618 841037 791958 170126 416267 313037
50732 510748 529057 36061 354553 397118 157507 170126 111305 335146
334869 649627 214415 703925 503095 420253 663405 91559 111305 36805
598865 649627 665253 197958 711618 604134 791958 797938 264885 929574
686611 649627 552323 703925 711618 604134 791958 797938 718200 335146
195917 7892 214415 197958 191786 604134 663405 797938 264885 335146
334869 396196 450440 76466 354553 105472 157507 170126 416267 36805
844239 869684 552323 311903 503095 604134 663405 398579 718200 580660
308432 510748 149905 311903 299715 420253 157507 461722 111305 36805
844239 869684 149905 846492 657932 841037 385211 797938 826919 639140
457112 222148 450440 311903 711618 903873 791958 911765 826919 639140
13 10
558421 710556 928784 983119 128403 201179 819659 701289 358491 644722
20620 11967 335599 124313 128403 317145 42571 457465 289130 17407
694832 521261 700232 411663 909050 787231 948184 457465 726508 764259
674958 825303 928784 411663 694843 887803 496563 701289 726508 764259
558421 869801 700232 983119 709250 478088 819659 130620 726508 764259
558421 700740 700232 288230 128403 869802 42571 130620 289130 644722
558421 177046 178090 124313 114409 901972 819659 130620 171546 17407
152659 521261 155778 705503 813594 119727 496563 339634 49058 9620
322593 177046 335599 705503 128403 317145 770785 2913 358491 604141
322593 521261 700232 705503 102535 119727 739363 130620 30857 604141
274484 869801 178090 957947 909050 317145 819659 935011 358491 644722
322593 177046 700232 628343 909050 901972 496563 701289 358491 436470
694832 869801 335599 628343 709250 930965 948184 291433 212539 644722
16 10
717159 849116 514226 572639 588574 424723 792330 980419 223710 804901
882656 350680 845524 572639 465656 672856 792330 856034 626645 578217
882656 698420 661993 572639 800283 672856 677628 391506 223710 478573
225858 350680 496257 6691 36479 87313 364774 109641 142413 295031
561896 350680 661993 572639 588574 424723 671930 804647 9097 295031
642029 6096 82623 284733 36479 244654 36179 140090 220726 93694
588977 6096 511880 385151 268448 244654 364774 109641 146903 478573
775647 350680 661993 550968 465656 916692 881731 391506 682999 804901
769271 849116 926525 479153 588574 672856 881731 980419 626645 918488
642029 723113 845524 907030 800283 672856 677628 980419 626645 804901
561896 252986 433613 121656 36479 94390 196486 140090 146903 478573
629292 849116 82623 315475 744506 154871 251802 391506 608462 295031
775647 965240 492188 468681 800283 424723 364774 856034 626645 578217
225858 252207 368294 284733 377099 363821 36179 4599 9097 295031
3154 252986 10128 315475 268448 152677 196486 804647 223710 478573
222596 6096 82623 121656 227453 244654 251802 140090 223710 93694
16 2
46 27
180 215
212 260
704 616
941 979
552 500
534 558
308 326
163 124
916 914
60 98
817 826
618 630
716 774
568 571
601 589
16 10
512479 122304 177172 696511 241769 316599 110958 43071 134276 297554
709379 551132 563495 573615 705243 588388 715801 472130 521450 711578
67757 261606 177172 70018 241769 451267 198007 439893 140701 77992
930474 714798 563495 867495 705243 724722 778935 830803 521450 670019
344015 413369 91112 373975 284929 370475 138822 206317 345814 297554
344015 247718 91112 324831 284929 52856 198007 112697 221962 297554
874783 718841 797317 903347 500795 724722 715801 830803 820736 711578
170491 261606 77261 29717 64272 286930 198007 21201 140701 38331
874783 718841 748175 867495 500795 588388 437929 472130 299625 711578
99200 339764 177172 726018 241769 97018 198007 43008 345814 77992
512479 413369 177172 70018 126495 278165 138822 368187 345814 297554
930474 547895 563495 852823 705243 724722 437929 768140 872969 711578
170491 339764 64028 373975 126495 97018 183984 215305 54204 670019
709379 339764 797317 726018 500795 724722 778935 768140 872969 711578
793846 605444 177172 324831 284929 316599 183984 439893 221962 216052
709379 522841 563495 903347 705243 451267 778935 308086 820736 711578
16 4
117 121 140 130
847 846 908 961
323 252 236 181
210 164 202 185
849 887 869 847
611 600 610 547
385 349 389 412
910 851 846 806
901 920 925 914
610 607 615 595
665 653 643 653
336 326 370 377
234 208 178 197
701 721 690 723
403 390 384 362
88 13 83 18
14 10
36093 83065 222688 75367 215634 61095 40302 48183 153428 58293
148868 111911 240681 137817 227225 443185 40302 48183 256097 141812
459965 734116 597549 366956 474211 595328 675199 369392 402528 635850
215687 734116 384582 932875 474211 595328 293838 632327 577990 874327
909245 293741 597549 467235 743682 595328 675199 632327 865340 874327
459965 246426 533232 535720 474211 449009 471319 976747 577990 874327
148868 111911 228410 52910 219714 61095 293838 48183 153428 394051
909245 448114 299314 685542 837844 771373 675199 632327 688758 470578
459965 507240 384582 685542 837844 451502 471319 632327 825702 470578
215687 507240 964813 932875 837844 771373 966689 976747 461326 635850
77165 90904 8229 137817 227225 61095 463740 287953 153428 141812
185871 448114 533232 932875 743682 845997 675199 424661 461326 617041
215687 734116 597549 366956 837844 451502 471319 976747 865340 347067
24636 111911 76212 6168 227225 375402 293838 48183 256097 264215
16 10
116594 364315 14487 482443 201247 481298 401335 9537 122937 527999
140629 364315 265246 241825 234901 38667 574177 108507 388738 516731
22048 509311 265246 286836 152887 213823 606536 116528 750446 82058
571481 176815 265246 445224 107935 659815 110421 116528 122937 425086
599789 76406 14487 188523 282075 481298 289260 103620 294376 433711
140629 364315 265246 241825 282075 213823 289260 108507 122937 433711
140629 176815 14487 561057 580370 213823 545065 116528 629747 527999
140629 701914 14487 445224 54392 38667 453342 116528 552741 305662
837143 509311 734426 877768 234901 691644 530706 744153 388738 817482
698425 701914 819978 780801 859336 796176 918634 744153 765242 796929
527959 923081 608696 780801 335288 691644 654899 617215 765242 817482
599789 76406 4438 266645 201247 38667 101068 500794 122937 305662
828167 509311 734426 877768 859336 796176 545065 744153 388738 817482
698425 923081 466876 482443 445031 691644 997809 617215 765242 451196
837143 923081 608696 561057 580370 940013 654899 617215 765242 780912
571481 701914 265246 213133 445031 659815 545065 116528 564810 82058
12 10
662042 270317 323469 671894 834202 902652 420211 720469 959283 520956
537995 678102 807579 375316 579479 902652 876655 720469 615220 520956
194551 3844 297417 167099 229117 48769 357643 103782 123627 308501
810030 699419 323469 533248 834202 687585 420211 488299 615220 520956
81597 3844 297417 375316 498279 161483 96568 13886 123627 308501
194551 3844 50330 167586 15329 333858 182617 28249 123627 169908
810030 573278 920491 784509 498279 687585 581339 488299 996218 616252
342348 3844 297417 375316 229117 528005 182617 103782 34772 156145
810030 678102 858310 533248 834202 902652 952363 720469 959283 616252
194551 3844 219702 26080 534240 48769 91127 197093 615220 308501
194551 3844 219702 256999 135911 333858 385351 197093 118042 308501
520526 699419 323469 533248 579479 687585 581339 582539 959283 616252
15 9
848181 595084 950366 648365 416536 603552 91333 353724 800555
90360 304708 161409 68345 26453 266585 57860 224304 427121
542473 304708 89840 68345 70648 43248 409784 170606 38945
542473 595084 687844 972424 256986 831328 409784 163035 640373
415860 488826 368360 890883 121591 17084 91333 127867 427121
542473 122869 687844 890883 785420 680989 859840 353724 800555
848181 595084 368360 727174 416536 266585 515128 676983 427121
939619 959039 368360 32798 705072 603552 91333 353724 717257
284209 81455 89840 727174 705072 266585 91333 127867 717257
284209 595084 687844 725358 785420 831328 409784 170606 800555
525490 819054 74436 68345 705072 831328 515128 676983 800555
542473 546414 320920 648365 737067 266585 859840 353724 800555
94638 488826 13756 23168 606026 603552 91333 353724 717257
94638 169852 668909 68345 606026 680989 91333 79194 255942
848181 595084 161409 27117 121591 43248 21804 224304 640373
16 3
938 896 911
510 468 541
97 83 54
978 961 968
633 626 649
802 746 755
822 829 847
656 648 633
652 690 784
590 546 573
875 888 885
583 598 584
61 45 64
750 788 765
882 903 865
402 310 325
11 10
172799 366556 16082 26084 15338 240440 198011 275197 262480 249042
172799 366556 146616 134169 15338 321969 49626 329231 228497 267162
458434 752338 655168 267266 592745 967242 658930 655622 668164 894866
458162 366556 16082 134169 542150 240440 36065 263461 228497 476910
595763 936958 844901 267266 717681 717535 496243 807598 668164 894866
331480 616649 301777 267266 486950 717535 895793 807598 473628 476910
331480 129500 146616 134169 458432 321969 198011 329231 262480 267162
883816 936958 655168 670290 717681 476268 658930 329231 668164 267162
595763 752338 301777 233882 605709 453342 485900 807598 847010 562255
883816 616649 787123 670290 717681 967242 496243 486124 668164 894866
883816 616649 655168 267266 717681 576095 895793 589986 473628 562255
14 25
10 30 28 51 22 48 23 66 59 58 60 42 44 37 52 44 15 32 45 37 73 73 66 54 41
69 54 91 79 62 50 59 82 51 92 7 78 28 95 53 44 52 68 69 69 85 34 82 47 79
6 13 4 40 21 40 3 25 20 40 37 6 28 16 30 42 8 13 26 6 63 14 48 39 19
25 30 29 30 22 73 23 66 36 58 60 32 28 37 53 38 15 14 38 58 14 34 56 25 22
69 54 64 34 62 89 33 82 59 87 87 42 83 69 65 65 43 41 69 79 85 85 94 39 94
44 54 64 52 36 79 59 82 85 70 83 78 83 53 90 87 71 80 69 62 95 91 94 63 78
44 54 64 90 78 79 35 82 59 72 53 63 96 37 32 44 52 42 27 79 85 73 64 75 89
9 13 27 24 17 40 8 21 15 40 37 6 12 16 12 20 3 7 16 17 4 27 48 22 6
52 13 63 79 77 50 35 25 22 29 7 42 12 4 4 44 71 31 38 58 62 14 16 39 32
69 42 64 90 78 73 59 38 51 51 60 63 96 53 32 65 98 57 45 62 73 85 82 63 81
25 42 59 52 36 79 59 38 36 58 53 32 28 68 12 20 47 35 17 50 85 27 63 63 55
1 1 2 10 8 29 0 8 0 9 5 3 1 3 2 8 2 5 2 4 1 5 13 17 3
69 42 59 72 78 89 90 82 98 72 89 5 73 85 65 87 71 87 45 50 83 85 66 54 75
44 54 91 72 78 89 90 66 85 72 89 63 44 85 32 65 52 96 19 72 94 91 66 75 60
16 5
290 342 365 340 335
354 356 343 324 325
399 396 385 394 391
711 711 701 703 697
997 1031 1076 1031 1048
948 929 981 936 1002
71 65 64 67 79
165 197 283 185 109
450 430 487 497 544
360 309 272 252 263
663 590 660 611 598
65 55 49 46 55
775 740 729 728 712
659 694 689 700 705
241 251 318 330 292
740 759 788 779 766
15 4
6 9 8 9
6 9 8 9
6 9 8 9
6 9 8 9
6 9 8 9
6 9 8 9
6 9 8 9
6 9 8 9
6 9 8 9
6 9 8 9
6 9 8 9
6 9 8 9
6 9 8 9
6 9 8 9
6 9 8 9
13 10
612085 237095 542048 739585 821284 742755 886032 764120 685281 654263
462388 658674 531116 490752 383459 417911 788334 646287 279171 654263
84548 260795 10672 92990 239332 34852 248675 164758 40760 334618
612085 792172 690778 850432 562907 847966 842095 764120 685281 736797
153232 260795 121603 125642 337346 64855 248675 256341 153982 334618
750811 885905 967869 951054 860795 430427 999299 936874 685281 694021
713441 885905 691052 877647 860795 957937 999299 922799 771678 998724
148897 658672 121603 125642 337346 64855 590952 256341 153982 525945
462388 237095 531116 490752 125773 333734 580612 244337 279171 313253
535642 680968 542048 671794 407933 430427 590952 256341 476976 334618
542884 885905 691052 951054 935958 742755 842095 936874 771678 525945
86341 103084 10672 59348 42660 49447 11438 17654 40760 210870
225116 232424 121603 125642 60660 64855 90391 164758 153982 129790
16 17
228 288 216 230 240 241 260 206 199 200 133 189 159 91 118 52 123
105 104 88 91 95 67 51 29 33 50 14 4 59 111 94 48 61
542 533 585 589 546 555 599 648 693 727 707 650 648 682 740 773 735
821 839 879 902 945 982 934 884 940 979 933 926 977 930 992 979 940
678 752 721 724 663 708 647 664 593 623 649 582 549 554 604 597 570
441 486 446 440 421 382 375 421 420 452 443 463 435 459 441 458 499
818 886 840 833 866 816 779 843 905 944 883 863 885 965 976 931 860
469 456 472 495 469 464 460 457 465 456 468 460 479 507 504 522 522
649 656 670 667 661 667 673 681 683 698 687 680 670 656 647 645 657
297 214 203 153 83 92 21 0 80 61 0 0 0 0 68 116 97
667 649 637 603 638 605 607 553 523 536 541 587 633 670 677 717 785
60 43 4 97 64 88 35 44 7 0 52 132 46 92 0 58 62
836 803 839 826 805 839 866 833 823 804 775 784 772 806 818 793 790
337 309 300 327 314 287 294 279 321 301 257 248 279 330 362 347 310
914 865 852 858 907 888 922 932 974 964 928 903 886 885 929 967 971
256 243 233 224 229 223 212 219 215 227 227 236 247 244 237 226 227
15 17
25 75 2 267 93 89 34 15 10 12 18 150 0 16 51 116 13
206 767 927 729 914 456 118 795 900 437 649 740 586 299 907 509 242
45 94 221 477 234 190 71 135 191 174 49 183 41 23 178 172 18
870 767 878 959 914 280 340 795 900 838 225 394 401 824 615 947 864
927 767 407 955 820 456 340 589 462 437 364 914 777 470 865 522 604
927 519 583 661 855 701 340 795 792 321 649 827 586 841 685 744 603
607 426 583 959 820 701 198 255 462 437 364 827 128 361 843 689 613
927 985 927 843 665 280 340 519 792 437 649 475 452 470 654 929 864
373 270 927 843 820 651 287 589 900 838 649 686 401 841 687 737 628
418 519 273 729 381 207 287 437 462 297 112 319 128 361 486 493 242
418 426 583 843 855 456 340 795 792 437 649 914 777 470 917 503 613
276 246 273 785 809 274 133 173 340 393 245 475 114 344 424 345 242
222 226 253 642 177 107 133 428 191 50 90 183 120 180 253 269 230
121 270 338 560 646 207 116 589 763 297 364 686 452 74 295 335 147
276 246 407 654 468 456 198 519 455 69 364 394 389 355 448 476 242
12 6
128805 137970 103619 127845 124810 121912
46638 55803 21452 45678 42643 39745
118024 127189 92838 117064 114029 111131
101168 110333 75982 100208 97173 94275
71703 80868 46517 70743 67708 64810
62282 71447 37096 61322 58287 55389
146433 155598 121247 145473 142438 139540
109163 118328 83977 108203 105168 102270
86914 96079 61728 85954 82919 80021
138877 148042 113691 137917 134882 131984
80543 89708 55357 79583 76548 73650
37067 46232 11881 36107 33072 30174
16 9
287454 702235 205690 1561 118844 781932 94816 847865 123620
769920 702235 355412 481852 734179 982803 522414 847865 529244
913439 953162 697273 780853 118844 972179 967536 186423 529244
388313 539384 112480 481852 5613 56402 24658 522009 351595
169037 539384 128967 178463 734179 291821 94816 73644 351595
769920 231455 385539 178463 57334 647731 94816 73644 236594
769920 231455 697273 481852 734179 127835 857163 186423 716861
769920 953162 385539 481852 960810 561414 857163 186423 529244
514568 953162 354273 858953 375933 930397 522414 970290 236594
74306 141392 205690 178463 538572 56402 857163 522009 417113
228453 141392 385539 472411 493474 56402 94816 161386 236594
287454 231455 8915 178463 375933 972179 94816 844674 123620
660325 4269 318423 132101 118844 56402 93647 758810 529244
514568 702235 697273 412967 960810 291821 967536 847865 529244
769920 702235 205690 780853 118844 291821 522414 970290 417113
913439 16391 697273 481852 960810 291821 94816 847865 716861
16 6
455 508 523 496 516 508
876 891 869 847 857 859
670 623 580 587 615 581
975 978 972 961 977 1001
883 823 809 738 722 729
870 884 896 868 897 861
699 703 738 699 708 690
725 736 745 725 748 733
951 953 948 934 920 937
868 951 886 868 916 1004
303 330 365 313 301 301
307 298 293 330 346 345
901 968 1009 1005 1082 1162
915 927 926 931 940 944
142 157 144 155 165 164
331 364 344 272 208 260
12 10
357861 201491 802803 597327 121063 694788 675194 972887 509660 328894
357861 573419 47602 583980 384819 62152 698583 424430 509660 441477
615940 332759 613899 78280 121063 4903 275421 424430 15766 193060
754881 573419 802803 849642 748971 12290 372578 868977 264079 930042
32872 162056 47602 625867 656290 260136 275421 300238 15766 58334
273059 201491 613899 179820 384819 342108 372578 317496 757559 292891
357861 201491 47602 625867 121063 342108 698583 298805 264079 441477
615940 573419 613899 849642 314929 694788 835377 317496 757559 544494
53093 23724 47602 383435 97667 342108 275421 424430 15766 145910
942636 644542 613899 625867 622789 694788 835377 868977 908751 544494
754881 332759 968746 483308 526593 694788 835377 424430 908751 861712
233126 332759 613899 849642 748971 342108 372578 317496 908751 861712
16 3
370 411 373
196 173 169
24 6 0
789 782 793
540 517 539
289 346 316
427 410 412
552 542 552
435 473 511
3 33 0
100 89 104
682 666 700
36 0 27
719 658 608
886 870 896
962 946 924
16 4
491 477 494 495
69 92 55 44
277 284 189 220
691 695 729 692
645 657 661 668
820 798 770 731
872 914 855 910
509 499 505 491
169 184 188 167
665 717 690 691
33 5 0 43
405 392 381 389
104 99 153 95
934 966 1003 1049
871 820 886 848
977 977 961 936
16 10
818380 425758 765085 716458 712184 788061 693707 241763 818159 588970
818380 218171 765085 285319 712184 788061 693707 511422 818159 844999
683931 218171 274047 55988 215503 160560 425624 115906 684188 139261
193859 288962 39582 356575 299846 21285 55037 511422 31515 588970
57268 83164 532419 356575 605491 160560 425624 626458 31515 3894
934692 646591 514579 780587 712184 788061 864189 772677 818159 757907
57268 425758 445825 55988 65115 21285 318926 248276 313316 279071
193859 156130 76946 254812 427189 160560 55037 76434 313316 483880
934692 968523 952077 356575 908299 788061 693707 851256 684188 844999
683931 646591 532419 939168 891381 599096 899062 851256 524463 483880
547365 425758 170099 356575 427189 160560 693707 626458 31515 279071
339461 288962 274047 356575 299846 160560 655681 350994 247789 139261
683931 583288 952077 780587 908299 788061 655681 851256 524463 757907
547365 288962 274047 356575 231608 160560 378097 115906 313316 12049
193859 160290 532419 254812 686350 160560 425624 350994 247789 279071
57268 83164 445825 716458 231608 7084 55037 626458 313316 139261
