30 296
13 14 959
1 7 650
13 5 441
3 10 323
11 19 753
4 8 876
28 18 189
18 1 588
6 25 238
7 18 442
25 18 591
23 7 581
5 10 587
15 16 468
26 1 267
4 14 762
29 8 606
5 6 831
1 5 232
9 8 229
16 9 625
4 3 508
24 17 633
16 29 469
24 19 458
26 17 892
0 28 360
5 8 603
1 11 173
29 5 806
7 20 562
18 22 639
8 17 310
16 21 436
17 0 68
7 2 83
23 13 138
12 20 80
25 4 756
26 25 845
5 11 407
8 19 727
15 14 266
3 19 34
8 0 972
24 12 706
6 12 1
17 10 813
0 15 614
19 20 882
14 2 148
16 6 761
22 10 429
4 23 870
14 21 415
6 24 722
9 2 520
7 26 930
3 6 833
21 2 505
22 6 331
8 21 75
23 25 979
6 15 995
13 18 864
17 14 597
27 7 610
2 22 508
6 7 784
7 22 921
28 7 629
27 21 3
3 23 730
23 0 480
22 17 544
11 24 832
29 27 861
9 28 271
6 0 829
20 8 167
17 29 639
10 29 603
28 29 929
29 25 361
11 12 11
1 3 829
1 20 41
0 5 948
7 11 197
11 0 846
7 14 609
0 3 535
27 16 862
8 13 805
24 0 244
9 0 846
3 15 265
10 0 548
5 22 360
3 5 852
25 19 386
7 8 955
29 14 950
5 18 957
3 11 49
13 21 817
2 18 935
11 13 95
14 24 171
28 6 264
15 24 562
11 28 853
25 27 868
15 27 121
12 14 704
15 9 101
29 6 847
2 19 656
24 4 132
6 21 713
19 7 88
9 6 967
1 12 840
12 5 46
18 10 134
27 20 194
7 15 39
24 22 416
8 15 76
13 19 357
25 14 628
17 4 689
0 29 552
20 16 400
12 18 570
14 1 566
18 15 688
17 5 423
19 18 957
25 9 466
22 9 342
5 9 380
22 25 841
16 22 409
29 18 855
3 20 459
5 27 940
10 25 292
15 12 516
12 10 627
4 27 537
22 23 834
7 9 388
4 2 894
29 12 180
9 29 960
19 23 946
2 26 695
17 23 728
21 9 279
15 28 458
10 13 919
11 18 591
8 6 201
20 11 513
19 21 620
17 20 33
28 24 655
12 3 940
2 20 786
19 29 746
8 25 599
4 26 931
12 2 799
22 3 730
29 4 771
8 12 140
24 10 180
17 27 499
12 16 861
18 16 369
23 11 44
0 25 563
29 11 83
16 25 299
18 6 803
23 27 736
15 10 230
8 1 60
17 19 377
9 17 84
13 27 2
11 16 742
7 10 358
13 7 803
8 18 559
4 11 88
15 22 619
7 12 297
24 8 429
14 18 99
12 9 465
11 14 486
20 5 147
22 20 907
1 16 806
9 24 249
13 16 10
1 9 425
0 19 931
28 21 662
1 21 67
23 12 70
6 10 965
8 2 225
13 2 646
2 3 635
14 27 86
24 21 895
12 0 449
8 27 975
16 14 198
28 20 534
28 23 27
26 8 430
22 0 807
14 10 956
13 22 40
6 14 712
14 0 505
5 21 202
3 7 967
17 11 802
1 29 848
22 4 408
20 21 423
28 13 460
16 5 399
23 29 8
6 17 49
24 3 445
28 3 197
11 10 505
28 25 524
21 23 428
8 16 14
13 25 336
14 3 533
1 19 987
15 25 853
21 29 843
19 15 401
27 28 721
29 22 164
0 27 92
3 29 135
1 23 38
2 1 785
22 26 508
26 6 856
27 12 643
9 18 853
23 10 888
0 21 413
13 12 333
5 25 789
12 28 279
16 19 496
11 2 238
22 12 753
11 6 451
27 6 912
5 23 451
17 16 859
26 20 427
20 10 792
16 26 356
7 21 735
20 23 577
14 5 719
15 17 131
28 26 208
21 11 109
12 17 481
21 15 4
26 23 284
20 9 315
19 4 941
7 25 423
27 3 909
0 2 355
3 16 975
22 27 605
29 2 869
23 15 859
25 12 284
3 23
296
13 14
1 7
13 5
3 10
11 19
4 8
28 18
18 1
6 25
7 18
25 18
23 7
5 10
15 16
26 1
4 14
29 8
5 6
1 5
9 8
16 9
4 3
24 17
16 29
24 19
26 17
0 28
5 8
1 11
29 5
7 20
18 22
8 17
16 21
17 0
7 2
23 13
12 20
25 4
26 25
5 11
8 19
15 14
3 19
8 0
24 12
6 12
17 10
0 15
19 20
14 2
16 6
22 10
4 23
14 21
6 24
9 2
7 26
3 6
21 2
22 6
8 21
23 25
6 15
13 18
17 14
27 7
2 22
6 7
7 22
28 7
27 21
3 23
23 0
22 17
11 24
29 27
9 28
6 0
20 8
17 29
10 29
28 29
29 25
11 12
1 3
1 20
0 5
7 11
11 0
7 14
0 3
27 16
8 13
24 0
9 0
3 15
10 0
5 22
3 5
25 19
7 8
29 14
5 18
3 11
13 21
2 18
11 13
14 24
28 6
15 24
11 28
25 27
15 27
12 14
15 9
29 6
2 19
24 4
6 21
19 7
9 6
1 12
12 5
18 10
27 20
7 15
24 22
8 15
13 19
25 14
17 4
0 29
20 16
12 18
14 1
18 15
17 5
19 18
25 9
22 9
5 9
22 25
16 22
29 18
3 20
5 27
10 25
15 12
12 10
4 27
22 23
7 9
4 2
29 12
9 29
19 23
2 26
17 23
21 9
15 28
10 13
11 18
8 6
20 11
19 21
17 20
28 24
12 3
2 20
19 29
8 25
4 26
12 2
22 3
29 4
8 12
24 10
17 27
12 16
18 16
23 11
0 25
29 11
16 25
18 6
23 27
15 10
8 1
17 19
9 17
13 27
11 16
7 10
13 7
8 18
4 11
15 22
7 12
24 8
14 18
12 9
11 14
20 5
22 20
1 16
9 24
13 16
1 9
0 19
28 21
1 21
23 12
6 10
8 2
13 2
2 3
14 27
24 21
12 0
8 27
16 14
28 20
28 23
26 8
22 0
14 10
13 22
6 14
14 0
5 21
3 7
17 11
1 29
22 4
20 21
28 13
16 5
23 29
6 17
24 3
28 3
11 10
28 25
21 23
8 16
13 25
14 3
1 19
15 25
21 29
19 15
27 28
29 22
0 27
3 29
1 23
2 1
22 26
26 6
27 12
9 18
23 10
0 21
13 12
5 25
12 28
16 19
11 2
22 12
11 6
27 6
5 23
17 16
26 20
20 10
16 26
7 21
20 23
14 5
15 17
28 26
21 11
12 17
21 15
26 23
20 9
19 4
7 25
27 3
0 2
3 16
22 27
29 2
23 15
25 12
