30 998431
22 4
799063 3 500502 666852 823298 256182 914006 729095746 1 2 3 809019147 4 1 520696 963622 3 239436 3 872580 2 62615 408073 339246 2 969604 1 828994 561006 4
483317 232104 335287 76071 299894 438344 608179897 99108 115905 3 171503 141405 1 727012 2 2 4 925998 794455 4 2 810899 761354 625765 53562 2 899473 549565 617378 4
121515 944336 342836 240096 814645 351241 124193 800322987 732897 155535 148501 292269 844119 963349 32605 199363 610915 3 758053 3 4 862176 414499 333059 254164 835291 302012 497603 292856 212755
3 290603 508206 848900250 772394 458387 1 4 182330 639635 99465 378217 3 396580 73206 944551 510489911 268572 201316 3 2 3 81813 3 1 1 248844 542658 1 642123
2 476878 1 28572 912161 1 606483 3 3 729705 2 322772 636189 3 4 646313 3 786724 418143 5271 525593 223703 2 3 917403 768167 917960 731643 568000 3
79889 3 2 614945 475284 473463 562753 660055 490633 2 779523 456121 334874 3 152834 368804 17889 2 97777 44063 497567 844205 204263 104928 645476196 250302 339458 275578287 3 289897
316081 3 1 590847 431745 67554253 784389 2 988651 2 4 1 967994 585907 1 254537 326433 945522 414377 707732 495570 1 643666 649044063 784120 1 389122 3 4 217722
1 803628 271365 73636 4 353665985 897110 767199 169490 652697 710193749 497193 739013 101048 4 4 268430 22397 3 796913 32919 788232 272261741 2 878020 456942 3 170015 2 667207
167066 80426 1 399195 2 137943 385789 2 418708 2 814806 68776 717026 901963 810214 3 570660 1 550038 513763 944403454 849827 3 592309 151510 4 432184 3 4 472427
4 35574 345658 2 22343 2 366233 932038 2 918470 575660 4 892315 99940 797173 2 100824 214321 142380 3 745850 70962 37659 769887 686595 986816483 313606 4 1 1
3 1 260747 748484 729049 2 202299 769789 4 2 4 739603 418545 4 821492 559596 580863 478697 416919 3 60575 994239 1 3 3 25953 1 795741 973136 4
3 1 3 454930 956935 855266 96261 6072 478089 997233 2 891472 500232 2 3 673048 754628 980228 4 3 4 871826341 919030 355423 275904 4 907124 970518 866047 312179
845158 766378408 814159 375145 310497 620054 980243 2 1 363943 962029 603508 163321 3 4 980586 2 2 964463656 2 604887 154174 791722 898179 131374427 911148 4 505470487 601570 536111993
4 4 1 825176 475111 839632 3 4 41138 628689 313174 449526111 829313 912902 2 745466 826751 761404 2 790801 295494 106520 3 487437667 850972 601598 156001 991296 494948 298640
164334 2 2 232509 687384 414039 4 425885 2 751456 744377 883345 454819 468479 543355 281962122 378817665 428218 319752 824944 2 3 818023 631890087 749026 796984 86297 432188 377162 2
4 383179 682724 313508 2 3 12598 4 2 833681 170459 305283 544058661 701338 4 610021 672518 23223 2 3 4 3 144742 2 594949 1 2 1 46478 1
102357299 596263 4 178541 197710 136666703 692311 3 3 140252 354082 778242 596294 2 351231 392398 829769 280211 638300 23878 3 278050950 215864 4 233363 866607 647766 658607 872566 3
402134 606630 62329 1 3 910595 683817 340763 588763 679963 10583856 4 4 27955 1 3 63097 4 3 575782 453031 3 4 539584 2 347154 683551 605532 4 69595136
1 347632 730624 154520 2 217616 485365 3 3 233398 157333 1 1 2 3 125929 1 2 776822 349657 610357 434096 2 526033 1 737234 4 122598 30462 1
514613 201919 86188 674641 194683 3 971504 725936 426051 108415 4 1 401550 2 134174 110629 946877080 476459 979121 3 285646 4 196680 384457 236694 3 379096 667269 656057 567186
189747 3 16728 947697 4 2 2 3 2 170601 559219 919875 1 420761 822682 2 124300 94346 464951 451174 4 2 387776 717425 602549 894276 2 635028169 676358 879490379
851347 3 780056 3 874402 2 3 899861 664231 319608 570661 743601 882675 523593 131141155 979215 812554 763594 432092 59508 750755 756004 2 687836 4 130548467 2 500977 778516 2
242417 627355 743584 1 4 4 3 4 79549 4 4 735867 66045 163284 4 70726 802569 2 4 461434 694414 889764 802877 477721 4 397268 933351 193942 3 929808
805866 675175 1 462252 1 145170 708137 2 302550 3 2 4 4 718389 575384 743110 208824 61529 1 573420 789641 326393 43549 713604 1 3 3 868103 154828 864957
201862 4 493597 204458 707825 3 556470 1 2 3 834928 813752 408094 2 1 4 453410832 66397 854690 3 589382988 453387 781712 623624 2 297397 977715 783184 114268924 3
473932249 689479 506149 2 660000319 2 168084 101314 500756 557471 745611 2 623325 3 371115 488481 722967 397689 2 283995 511742 622721 861182 3 580225 369505 3 926975 145502 519998
879277 856293 4 283290 1688 2 857555 4 768104843 536870 4 972527 989887 890637 885358 4 716255 2 211883 776748 2 776390 4 1 100070 3 391925 2 136571831 824426
680623 3 471259 697951 539367 762750479 173526 905593 3 200903585 892110 74425 250118 2 4 68685 653306 733327871 798765 4 4 378053 1 4 579939284 2 80184 624350 275472589 4
12474 860645424 565164 873345 4 4 1 894621 729440 33023 3 2 27321 701534 237368 323420 804591 3 817064 1 2 952717682 566496 2 3 908383 4 2 273333 1
250144 1 85740 398148 654931036 1 242380600 904439 192461 1 642115461 541063 687332 2 657857 66068483 162060 1 1 260918 461221247 1 650514 667596 11017 485246 244135 2 785197 371875
