1
1
1
1
1
1
1
1
1
1
1
1
1
1
1
1
1
1
1
1
2
2
2
2
2
2
2
2
2
2
2
2
2
2
2
2
2
2
2
2
3
2
2
2
2
2
2
2
2
2
2
2
2
2
2
2
2
2
2
2
4
3
3
3
3
3
3
3
3
3
3
3
3
3
3
3
3
3
3
3
5
3
3
3
3
3
3
3
3
3
3
3
3
3
3
3
3
3
3
3
6
3
3
3
3
3
3
3
3
3
3
3
3
3
3
3
3
3
3
3
7
4
3
3
3
3
3
3
3
3
3
3
3
3
3
3
3
3
3
3
8
4
4
4
4
4
4
4
4
4
4
4
4
4
4
4
4
4
4
4
9
4
4
4
4
4
4
4
4
4
4
4
4
4
4
4
4
4
4
4
10
4
4
4
4
4
4
4
4
4
4
4
4
4
4
4
4
4
4
4
11
5
4
4
4
4
4
4
4
4
4
4
4
4
4
4
4
4
4
4
12
5
4
4
4
4
4
4
4
4
4
4
4
4
4
4
4
4
4
4
13
5
4
4
4
4
4
4
4
4
4
4
4
4
4
4
4
4
4
4
14
5
4
4
4
4
4
4
4
4
4
4
4
4
4
4
4
4
4
4
15
5
5
4
4
4
4
4
4
4
4
4
4
4
4
4
4
4
4
4
16
6
5
5
5
5
5
5
5
5
5
5
5
5
5
5
5
5
5
5
17
6
5
5
5
5
5
5
5
5
5
5
5
5
5
5
5
5
5
5
18
6
5
5
5
5
5
5
5
5
5
5
5
5
5
5
5
5
5
5
19
6
5
5
5
5
5
5
5
5
5
5
5
5
5
5
5
5
5
5
20
6
5
5
5
5
5
5
5
5
5
5
5
5
5
5
5
5
5
5
21
6
5
5
5
5
5
5
5
5
5
5
5
5
5
5
5
5
5
5
22
7
5
5
5
5
5
5
5
5
5
5
5
5
5
5
5
5
5
5
23
7
5
5
5
5
5
5
5
5
5
5
5
5
5
5
5
5
5
5
24
7
5
5
5
5
5
5
5
5
5
5
5
5
5
5
5
5
5
5
25
7
5
5
5
5
5
5
5
5
5
5
5
5
5
5
5
5
5
5
26
7
6
5
5
5
5
5
5
5
5
5
5
5
5
5
5
5
5
5
27
7
6
5
5
5
5
5
5
5
5
5
5
5
5
5
5
5
5
5
28
7
6
5
5
5
5
5
5
5
5
5
5
5
5
5
5
5
5
5
29
8
6
5
5
5
5
5
5
5
5
5
5
5
5
5
5
5
5
5
30
8
6
5
5
5
5
5
5
5
5
5
5
5
5
5
5
5
5
5
31
8
6
6
5
5
5
5
5
5
5
5
5
5
5
5
5
5
5
5
32
8
6
6
6
6
6
6
6
6
6
6
6
6
6
6
6
6
6
6
33
8
6
6
6
6
6
6
6
6
6
6
6
6
6
6
6
6
6
6
34
8
6
6
6
6
6
6
6
6
6
6
6
6
6
6
6
6
6
6
35
8
6
6
6
6
6
6
6
6
6
6
6
6
6
6
6
6
6
6
36
8
6
6
6
6
6
6
6
6
6
6
6
6
6
6
6
6
6
6
37
9
6
6
6
6
6
6
6
6
6
6
6
6
6
6
6
6
6
6
38
9
6
6
6
6
6
6
6
6
6
6
6
6
6
6
6
6
6
6
39
9
6
6
6
6
6
6
6
6
6
6
6
6
6
6
6
6
6
6
40
9
6
6
6
6
6
6
6
6
6
6
6
6
6
6
6
6
6
6
41
9
6
6
6
6
6
6
6
6
6
6
6
6
6
6
6
6
6
6
42
9
7
6
6
6
6
6
6
6
6
6
6
6
6
6
6
6
6
6
43
9
7
6
6
6
6
6
6
6
6
6
6
6
6
6
6
6
6
6
44
9
7
6
6
6
6
6
6
6
6
6
6
6
6
6
6
6
6
6
45
9
7
6
6
6
6
6
6
6
6
6
6
6
6
6
6
6
6
6
46
10
7
6
6
6
6
6
6
6
6
6
6
6
6
6
6
6
6
6
47
10
7
6
6
6
6
6
6
6
6
6
6
6
6
6
6
6
6
6
48
10
7
6
6
6
6
6
6
6
6
6
6
6
6
6
6
6
6
6
49
10
7
6
6
6
6
6
6
6
6
6
6
6
6
6
6
6
6
6
50
10
7
6
6
6
6
6
6
6
6
6
6
6
6
6
6
6
6
6
51
10
7
6
6
6
6
6
6
6
6
6
6
6
6
6
6
6
6
6
52
10
7
6
6
6
6
6
6
6
6
6
6
6
6
6
6
6
6
6
53
10
7
6
6
6
6
6
6
6
6
6
6
6
6
6
6
6
6
6
54
10
7
6
6
6
6
6
6
6
6
6
6
6
6
6
6
6
6
6
55
10
7
6
6
6
6
6
6
6
6
6
6
6
6
6
6
6
6
6
56
11
7
6
6
6
6
6
6
6
6
6
6
6
6
6
6
6
6
6
57
11
7
7
6
6
6
6
6
6
6
6
6
6
6
6
6
6
6
6
58
11
7
7
6
6
6
6
6
6
6
6
6
6
6
6
6
6
6
6
59
11
7
7
6
6
6
6
6
6
6
6
6
6
6
6
6
6
6
6
60
11
7
7
6
6
6
6
6
6
6
6
6
6
6
6
6
6
6
6
61
11
7
7
6
6
6
6
6
6
6
6
6
6
6
6
6
6
6
6
62
11
7
7
6
6
6
6
6
6
6
6
6
6
6
6
6
6
6
6
63
11
7
7
7
6
6
6
6
6
6
6
6
6
6
6
6
6
6
6
64
11
8
7
7
7
7
7
7
7
7
7
7
7
7
7
7
7
7
7
65
11
8
7
7
7
7
7
7
7
7
7
7
7
7
7
7
7
7
7
66
11
8
7
7
7
7
7
7
7
7
7
7
7
7
7
7
7
7
7
67
12
8
7
7
7
7
7
7
7
7
7
7
7
7
7
7
7
7
7
68
12
8
7
7
7
7
7
7
7
7
7
7
7
7
7
7
7
7
7
69
12
8
7
7
7
7
7
7
7
7
7
7
7
7
7
7
7
7
7
70
12
8
7
7
7
7
7
7
7
7
7
7
7
7
7
7
7
7
7
71
12
8
7
7
7
7
7
7
7
7
7
7
7
7
7
7
7
7
7
72
12
8
7
7
7
7
7
7
7
7
7
7
7
7
7
7
7
7
7
73
12
8
7
7
7
7
7
7
7
7
7
7
7
7
7
7
7
7
7
74
12
8
7
7
7
7
7
7
7
7
7
7
7
7
7
7
7
7
7
75
12
8
7
7
7
7
7
7
7
7
7
7
7
7
7
7
7
7
7
76
12
8
7
7
7
7
7
7
7
7
7
7
7
7
7
7
7
7
7
77
12
8
7
7
7
7
7
7
7
7
7
7
7
7
7
7
7
7
7
78
12
8
7
7
7
7
7
7
7
7
7
7
7
7
7
7
7
7
7
79
13
8
7
7
7
7
7
7
7
7
7
7
7
7
7
7
7
7
7
80
13
8
7
7
7
7
7
7
7
7
7
7
7
7
7
7
7
7
7
81
13
8
7
7
7
7
7
7
7
7
7
7
7
7
7
7
7
7
7
82
13
8
7
7
7
7
7
7
7
7
7
7
7
7
7
7
7
7
7
83
13
8
7
7
7
7
7
7
7
7
7
7
7
7
7
7
7
7
7
84
13
8
7
7
7
7
7
7
7
7
7
7
7
7
7
7
7
7
7
85
13
8
7
7
7
7
7
7
7
7
7
7
7
7
7
7
7
7
7
86
13
8
7
7
7
7
7
7
7
7
7
7
7
7
7
7
7
7
7
87
13
8
7
7
7
7
7
7
7
7
7
7
7
7
7
7
7
7
7
88
13
8
7
7
7
7
7
7
7
7
7
7
7
7
7
7
7
7
7
89
13
8
7
7
7
7
7
7
7
7
7
7
7
7
7
7
7
7
7
90
13
8
7
7
7
7
7
7
7
7
7
7
7
7
7
7
7
7
7
91
13
8
7
7
7
7
7
7
7
7
7
7
7
7
7
7
7
7
7
92
14
8
7
7
7
7
7
7
7
7
7
7
7
7
7
7
7
7
7
93
14
9
7
7
7
7
7
7
7
7
7
7
7
7
7
7
7
7
7
94
14
9
7
7
7
7
7
7
7
7
7
7
7
7
7
7
7
7
7
95
14
9
7
7
7
7
7
7
7
7
7
7
7
7
7
7
7
7
7
96
14
9
7
7
7
7
7
7
7
7
7
7
7
7
7
7
7
7
7
97
14
9
7
7
7
7
7
7
7
7
7
7
7
7
7
7
7
7
7
98
14
9
7
7
7
7
7
7
7
7
7
7
7
7
7
7
7
7
7
99
14
9
8
7
7
7
7
7
7
7
7
7
7
7
7
7
7
7
7
100
14
9
8
7
7
7
7
7
7
7
7
7
7
7
7
7
7
7
7
101
14
9
8
7
7
7
7
7
7
7
7
7
7
7
7
7
7
7
7
102
14
9
8
7
7
7
7
7
7
7
7
7
7
7
7
7
7
7
7
103
14
9
8
7
7
7
7
7
7
7
7
7
7
7
7
7
7
7
7
104
14
9
8
7
7
7
7
7
7
7
7
7
7
7
7
7
7
7
7
105
14
9
8
7
7
7
7
7
7
7
7
7
7
7
7
7
7
7
7
106
15
9
8
7
7
7
7
7
7
7
7
7
7
7
7
7
7
7
7
107
15
9
8
7
7
7
7
7
7
7
7
7
7
7
7
7
7
7
7
108
15
9
8
7
7
7
7
7
7
7
7
7
7
7
7
7
7
7
7
109
15
9
8
7
7
7
7
7
7
7
7
7
7
7
7
7
7
7
7
110
15
9
8
7
7
7
7
7
7
7
7
7
7
7
7
7
7
7
7
111
15
9
8
7
7
7
7
7
7
7
7
7
7
7
7
7
7
7
7
112
15
9
8
7
7
7
7
7
7
7
7
7
7
7
7
7
7
7
7
113
15
9
8
7
7
7
7
7
7
7
7
7
7
7
7
7
7
7
7
114
15
9
8
7
7
7
7
7
7
7
7
7
7
7
7
7
7
7
7
115
15
9
8
7
7
7
7
7
7
7
7
7
7
7
7
7
7
7
7
116
15
9
8
7
7
7
7
7
7
7
7
7
7
7
7
7
7
7
7
117
15
9
8
7
7
7
7
7
7
7
7
7
7
7
7
7
7
7
7
118
15
9
8
7
7
7
7
7
7
7
7
7
7
7
7
7
7
7
7
119
15
9
8
7
7
7
7
7
7
7
7
7
7
7
7
7
7
7
7
120
15
9
8
8
7
7
7
7
7
7
7
7
7
7
7
7
7
7
7
121
16
9
8
8
7
7
7
7
7
7
7
7
7
7
7
7
7
7
7
122
16
9
8
8
7
7
7
7
7
7
7
7
7
7
7
7
7
7
7
123
16
9
8
8
7
7
7
7
7
7
7
7
7
7
7
7
7
7
7
124
16
9
8
8
7
7
7
7
7
7
7
7
7
7
7
7
7
7
7
125
16
9
8
8
7
7
7
7
7
7
7
7
7
7
7
7
7
7
7
126
16
9
8
8
7
7
7
7
7
7
7
7
7
7
7
7
7
7
7
127
16
9
8
8
8
7
7
7
7
7
7
7
7
7
7
7
7
7
7
128
16
9
8
8
8
8
8
8
8
8
8
8
8
8
8
8
8
8
8
129
16
9
8
8
8
8
8
8
8
8
8
8
8
8
8
8
8
8
8
130
16
10
8
8
8
8
8
8
8
8
8
8
8
8
8
8
8
8
8
131
16
10
8
8
8
8
8
8
8
8
8
8
8
8
8
8
8
8
8
132
16
10
8
8
8
8
8
8
8
8
8
8
8
8
8
8
8
8
8
133
16
10
8
8
8
8
8
8
8
8
8
8
8
8
8
8
8
8
8
134
16
10
8
8
8
8
8
8
8
8
8
8
8
8
8
8
8
8
8
135
16
10
8
8
8
8
8
8
8
8
8
8
8
8
8
8
8
8
8
136
16
10
8
8
8
8
8
8
8
8
8
8
8
8
8
8
8
8
8
137
17
10
8
8
8
8
8
8
8
8
8
8
8
8
8
8
8
8
8
138
17
10
8
8
8
8
8
8
8
8
8
8
8
8
8
8
8
8
8
139
17
10
8
8
8
8
8
8
8
8
8
8
8
8
8
8
8
8
8
140
17
10
8
8
8
8
8
8
8
8
8
8
8
8
8
8
8
8
8
141
17
10
8
8
8
8
8
8
8
8
8
8
8
8
8
8
8
8
8
142
17
10
8
8
8
8
8
8
8
8
8
8
8
8
8
8
8
8
8
143
17
10
8
8
8
8
8
8
8
8
8
8
8
8
8
8
8
8
8
144
17
10
8
8
8
8
8
8
8
8
8
8
8
8
8
8
8
8
8
145
17
10
8
8
8
8
8
8
8
8
8
8
8
8
8
8
8
8
8
146
17
10
8
8
8
8
8
8
8
8
8
8
8
8
8
8
8
8
8
147
17
10
8
8
8
8
8
8
8
8
8
8
8
8
8
8
8
8
8
148
17
10
8
8
8
8
8
8
8
8
8
8
8
8
8
8
8
8
8
149
17
10
8
8
8
8
8
8
8
8
8
8
8
8
8
8
8
8
8
150
17
10
8
8
8
8
8
8
8
8
8
8
8
8
8
8
8
8
8
151
17
10
8
8
8
8
8
8
8
8
8
8
8
8
8
8
8
8
8
152
17
10
8
8
8
8
8
8
8
8
8
8
8
8
8
8
8
8
8
153
17
10
8
8
8
8
8
8
8
8
8
8
8
8
8
8
8
8
8
154
18
10
8
8
8
8
8
8
8
8
8
8
8
8
8
8
8
8
8
155
18
10
8
8
8
8
8
8
8
8
8
8
8
8
8
8
8
8
8
156
18
10
8
8
8
8
8
8
8
8
8
8
8
8
8
8
8
8
8
157
18
10
8
8
8
8
8
8
8
8
8
8
8
8
8
8
8
8
8
158
18
10
8
8
8
8
8
8
8
8
8
8
8
8
8
8
8
8
8
159
18
10
8
8
8
8
8
8
8
8
8
8
8
8
8
8
8
8
8
160
18
10
8
8
8
8
8
8
8
8
8
8
8
8
8
8
8
8
8
161
18
10
8
8
8
8
8
8
8
8
8
8
8
8
8
8
8
8
8
162
18
10
8
8
8
8
8
8
8
8
8
8
8
8
8
8
8
8
8
163
18
10
9
8
8
8
8
8
8
8
8
8
8
8
8
8
8
8
8
164
18
10
9
8
8
8
8
8
8
8
8
8
8
8
8
8
8
8
8
165
18
10
9
8
8
8
8
8
8
8
8
8
8
8
8
8
8
8
8
166
18
10
9
8
8
8
8
8
8
8
8
8
8
8
8
8
8
8
8
167
18
10
9
8
8
8
8
8
8
8
8
8
8
8
8
8
8
8
8
168
18
10
9
8
8
8
8
8
8
8
8
8
8
8
8
8
8
8
8
169
18
10
9
8
8
8
8
8
8
8
8
8
8
8
8
8
8
8
8
170
18
10
9
8
8
8
8
8
8
8
8
8
8
8
8
8
8
8
8
171
18
10
9
8
8
8
8
8
8
8
8
8
8
8
8
8
8
8
8
172
19
10
9
8
8
8
8
8
8
8
8
8
8
8
8
8
8
8
8
173
19
10
9
8
8
8
8
8
8
8
8
8
8
8
8
8
8
8
8
174
19
10
9
8
8
8
8
8
8
8
8
8
8
8
8
8
8
8
8
175
19
10
9
8
8
8
8
8
8
8
8
8
8
8
8
8
8
8
8
176
19
11
9
8
8
8
8
8
8
8
8
8
8
8
8
8
8
8
8
177
19
11
9
8
8
8
8
8
8
8
8
8
8
8
8
8
8
8
8
178
19
11
9
8
8
8
8
8
8
8
8
8
8
8
8
8
8
8
8
179
19
11
9
8
8
8
8
8
8
8
8
8
8
8
8
8
8
8
8
180
19
11
9
8
8
8
8
8
8
8
8
8
8
8
8
8
8
8
8
181
19
11
9
8
8
8
8
8
8
8
8
8
8
8
8
8
8
8
8
182
19
11
9
8
8
8
8
8
8
8
8
8
8
8
8
8
8
8
8
183
19
11
9
8
8
8
8
8
8
8
8
8
8
8
8
8
8
8
8
184
19
11
9
8
8
8
8
8
8
8
8
8
8
8
8
8
8
8
8
185
19
11
9
8
8
8
8
8
8
8
8
8
8
8
8
8
8
8
8
186
19
11
9
8
8
8
8
8
8
8
8
8
8
8
8
8
8
8
8
187
19
11
9
8
8
8
8
8
8
8
8
8
8
8
8
8
8
8
8
188
19
11
9
8
8
8
8
8
8
8
8
8
8
8
8
8
8
8
8
189
19
11
9
8
8
8
8
8
8
8
8
8
8
8
8
8
8
8
8
190
19
11
9
8
8
8
8
8
8
8
8
8
8
8
8
8
8
8
8
191
20
11
9
8
8
8
8
8
8
8
8
8
8
8
8
8
8
8
8
192
20
11
9
8
8
8
8
8
8
8
8
8
8
8
8
8
8
8
8
193
20
11
9
8
8
8
8
8
8
8
8
8
8
8
8
8
8
8
8
194
20
11
9
8
8
8
8
8
8
8
8
8
8
8
8
8
8
8
8
195
20
11
9
8
8
8
8
8
8
8
8
8
8
8
8
8
8
8
8
196
20
11
9
8
8
8
8
8
8
8
8
8
8
8
8
8
8
8
8
197
20
11
9
8
8
8
8
8
8
8
8
8
8
8
8
8
8
8
8
198
20
11
9
8
8
8
8
8
8
8
8
8
8
8
8
8
8
8
8
199
20
11
9
8
8
8
8
8
8
8
8
8
8
8
8
8
8
8
8
200
20
11
9
8
8
8
8
8
8
8
8
8
8
8
8
8
8
8
8
201
20
11
9
8
8
8
8
8
8
8
8
8
8
8
8
8
8
8
8
202
20
11
9
8
8
8
8
8
8
8
8
8
8
8
8
8
8
8
8
203
20
11
9
8
8
8
8
8
8
8
8
8
8
8
8
8
8
8
8
204
20
11
9
8
8
8
8
8
8
8
8
8
8
8
8
8
8
8
8
205
20
11
9
8
8
8
8
8
8
8
8
8
8
8
8
8
8
8
8
206
20
11
9
8
8
8
8
8
8
8
8
8
8
8
8
8
8
8
8
207
20
11
9
8
8
8
8
8
8
8
8
8
8
8
8
8
8
8
8
208
20
11
9
8
8
8
8
8
8
8
8
8
8
8
8
8
8
8
8
209
20
11
9
8
8
8
8
8
8
8
8
8
8
8
8
8
8
8
8
210
20
11
9
8
8
8
8
8
8
8
8
8
8
8
8
8
8
8
8
211
21
11
9
8
8
8
8
8
8
8
8
8
8
8
8
8
8
8
8
212
21
11
9
8
8
8
8
8
8
8
8
8
8
8
8
8
8
8
8
213
21
11
9
8
8
8
8
8
8
8
8
8
8
8
8
8
8
8
8
214
21
11
9
8
8
8
8
8
8
8
8
8
8
8
8
8
8
8
8
215
21
11
9
8
8
8
8
8
8
8
8
8
8
8
8
8
8
8
8
216
21
11
9
8
8
8
8
8
8
8
8
8
8
8
8
8
8
8
8
217
21
11
9
8
8
8
8
8
8
8
8
8
8
8
8
8
8
8
8
218
21
11
9
8
8
8
8
8
8
8
8
8
8
8
8
8
8
8
8
219
21
11
9
9
8
8
8
8
8
8
8
8
8
8
8
8
8
8
8
220
21
11
9
9
8
8
8
8
8
8
8
8
8
8
8
8
8
8
8
221
21
11
9
9
8
8
8
8
8
8
8
8
8
8
8
8
8
8
8
222
21
11
9
9
8
8
8
8
8
8
8
8
8
8
8
8
8
8
8
223
21
11
9
9
8
8
8
8
8
8
8
8
8
8
8
8
8
8
8
224
21
11
9
9
8
8
8
8
8
8
8
8
8
8
8
8
8
8
8
225
21
11
9
9
8
8
8
8
8
8
8
8
8
8
8
8
8
8
8
226
21
11
9
9
8
8
8
8
8
8
8
8
8
8
8
8
8
8
8
227
21
11
9
9
8
8
8
8
8
8
8
8
8
8
8
8
8
8
8
228
21
11
9
9
8
8
8
8
8
8
8
8
8
8
8
8
8
8
8
229
21
11
9
9
8
8
8
8
8
8
8
8
8
8
8
8
8
8
8
230
21
11
9
9
8
8
8
8
8
8
8
8
8
8
8
8
8
8
8
231
21
11
9
9
8
8
8
8
8
8
8
8
8
8
8
8
8
8
8
232
22
12
9
9
8
8
8
8
8
8
8
8
8
8
8
8
8
8
8
233
22
12
9
9
8
8
8
8
8
8
8
8
8
8
8
8
8
8
8
234
22
12
9
9
8
8
8
8
8
8
8
8
8
8
8
8
8
8
8
235
22
12
9
9
8
8
8
8
8
8
8
8
8
8
8
8
8
8
8
236
22
12
9
9
8
8
8
8
8
8
8
8
8
8
8
8
8
8
8
237
22
12
9
9
8
8
8
8
8
8
8
8
8
8
8
8
8
8
8
238
22
12
9
9
8
8
8
8
8
8
8
8
8
8
8
8
8
8
8
239
22
12
9
9
8
8
8
8
8
8
8
8
8
8
8
8
8
8
8
240
22
12
9
9
8
8
8
8
8
8
8
8
8
8
8
8
8
8
8
241
22
12
9
9
8
8
8
8
8
8
8
8
8
8
8
8
8
8
8
242
22
12
9
9
8
8
8
8
8
8
8
8
8
8
8
8
8
8
8
243
22
12
9
9
8
8
8
8
8
8
8
8
8
8
8
8
8
8
8
244
22
12
9
9
8
8
8
8
8
8
8
8
8
8
8
8
8
8
8
245
22
12
9
9
8
8
8
8
8
8
8
8
8
8
8
8
8
8
8
246
22
12
9
9
8
8
8
8
8
8
8
8
8
8
8
8
8
8
8
247
22
12
9
9
9
8
8
8
8
8
8
8
8
8
8
8
8
8
8
248
22
12
9
9
9
8
8
8
8
8
8
8
8
8
8
8
8
8
8
249
22
12
9
9
9
8
8
8
8
8
8
8
8
8
8
8
8
8
8
250
22
12
9
9
9
8
8
8
8
8
8
8
8
8
8
8
8
8
8
251
22
12
9
9
9
8
8
8
8
8
8
8
8
8
8
8
8
8
8
252
22
12
9
9
9
8
8
8
8
8
8
8
8
8
8
8
8
8
8
253
22
12
9
9
9
8
8
8
8
8
8
8
8
8
8
8
8
8
8
254
23
12
9
9
9
8
8
8
8
8
8
8
8
8
8
8
8
8
8
255
23
12
9
9
9
9
8
8
8
8
8
8
8
8
8
8
8
8
8
256
23
12
10
9
9
9
9
9
9
9
9
9
9
9
9
9
9
9
9
257
23
12
10
9
9
9
9
9
9
9
9
9
9
9
9
9
9
9
9
258
23
12
10
9
9
9
9
9
9
9
9
9
9
9
9
9
9
9
9
259
23
12
10
9
9
9
9
9
9
9
9
9
9
9
9
9
9
9
9
260
23
12
10
9
9
9
9
9
9
9
9
9
9
9
9
9
9
9
9
261
23
12
10
9
9
9
9
9
9
9
9
9
9
9
9
9
9
9
9
262
23
12
10
9
9
9
9
9
9
9
9
9
9
9
9
9
9
9
9
263
23
12
10
9
9
9
9
9
9
9
9
9
9
9
9
9
9
9
9
264
23
12
10
9
9
9
9
9
9
9
9
9
9
9
9
9
9
9
9
265
23
12
10
9
9
9
9
9
9
9
9
9
9
9
9
9
9
9
9
266
23
12
10
9
9
9
9
9
9
9
9
9
9
9
9
9
9
9
9
267
23
12
10
9
9
9
9
9
9
9
9
9
9
9
9
9
9
9
9
268
23
12
10
9
9
9
9
9
9
9
9
9
9
9
9
9
9
9
9
269
23
12
10
9
9
9
9
9
9
9
9
9
9
9
9
9
9
9
9
270
23
12
10
9
9
9
9
9
9
9
9
9
9
9
9
9
9
9
9
271
23
12
10
9
9
9
9
9
9
9
9
9
9
9
9
9
9
9
9
272
23
12
10
9
9
9
9
9
9
9
9
9
9
9
9
9
9
9
9
273
23
12
10
9
9
9
9
9
9
9
9
9
9
9
9
9
9
9
9
274
23
12
10
9
9
9
9
9
9
9
9
9
9
9
9
9
9
9
9
275
23
12
10
9
9
9
9
9
9
9
9
9
9
9
9
9
9
9
9
276
23
12
10
9
9
9
9
9
9
9
9
9
9
9
9
9
9
9
9
277
24
12
10
9
9
9
9
9
9
9
9
9
9
9
9
9
9
9
9
278
24
12
10
9
9
9
9
9
9
9
9
9
9
9
9
9
9
9
9
279
24
12
10
9
9
9
9
9
9
9
9
9
9
9
9
9
9
9
9
280
24
12
10
9
9
9
9
9
9
9
9
9
9
9
9
9
9
9
9
281
24
12
10
9
9
9
9
9
9
9
9
9
9
9
9
9
9
9
9
282
24
12
10
9
9
9
9
9
9
9
9
9
9
9
9
9
9
9
9
283
24
12
10
9
9
9
9
9
9
9
9
9
9
9
9
9
9
9
9
284
24
12
10
9
9
9
9
9
9
9
9
9
9
9
9
9
9
9
9
285
24
12
10
9
9
9
9
9
9
9
9
9
9
9
9
9
9
9
9
286
24
12
10
9
9
9
9
9
9
9
9
9
9
9
9
9
9
9
9
287
24
12
10
9
9
9
9
9
9
9
9
9
9
9
9
9
9
9
9
288
24
12
10
9
9
9
9
9
9
9
9
9
9
9
9
9
9
9
9
289
24
12
10
9
9
9
9
9
9
9
9
9
9
9
9
9
9
9
9
290
24
12
10
9
9
9
9
9
9
9
9
9
9
9
9
9
9
9
9
291
24
12
10
9
9
9
9
9
9
9
9
9
9
9
9
9
9
9
9
292
24
12
10
9
9
9
9
9
9
9
9
9
9
9
9
9
9
9
9
293
24
12
10
9
9
9
9
9
9
9
9
9
9
9
9
9
9
9
9
294
24
12
10
9
9
9
9
9
9
9
9
9
9
9
9
9
9
9
9
295
24
12
10
9
9
9
9
9
9
9
9
9
9
9
9
9
9
9
9
296
24
12
10
9
9
9
9
9
9
9
9
9
9
9
9
9
9
9
9
297
24
12
10
9
9
9
9
9
9
9
9
9
9
9
9
9
9
9
9
298
24
12
10
9
9
9
9
9
9
9
9
9
9
9
9
9
9
9
9
299
24
13
10
9
9
9
9
9
9
9
9
9
9
9
9
9
9
9
9
300
24
13
10
9
9
9
9
9
9
9
9
9
9
9
9
9
9
9
9
301
25
13
10
9
9
9
9
9
9
9
9
9
9
9
9
9
9
9
9
302
25
13
10
9
9
9
9
9
9
9
9
9
9
9
9
9
9
9
9
303
25
13
10
9
9
9
9
9
9
9
9
9
9
9
9
9
9
9
9
304
25
13
10
9
9
9
9
9
9
9
9
9
9
9
9
9
9
9
9
305
25
13
10
9
9
9
9
9
9
9
9
9
9
9
9
9
9
9
9
306
25
13
10
9
9
9
9
9
9
9
9
9
9
9
9
9
9
9
9
307
25
13
10
9
9
9
9
9
9
9
9
9
9
9
9
9
9
9
9
308
25
13
10
9
9
9
9
9
9
9
9
9
9
9
9
9
9
9
9
309
25
13
10
9
9
9
9
9
9
9
9
9
9
9
9
9
9
9
9
310
25
13
10
9
9
9
9
9
9
9
9
9
9
9
9
9
9
9
9
311
25
13
10
9
9
9
9
9
9
9
9
9
9
9
9
9
9
9
9
312
25
13
10
9
9
9
9
9
9
9
9
9
9
9
9
9
9
9
9
313
25
13
10
9
9
9
9
9
9
9
9
9
9
9
9
9
9
9
9
314
25
13
10
9
9
9
9
9
9
9
9
9
9
9
9
9
9
9
9
315
25
13
10
9
9
9
9
9
9
9
9
9
9
9
9
9
9
9
9
316
25
13
10
9
9
9
9
9
9
9
9
9
9
9
9
9
9
9
9
317
25
13
10
9
9
9
9
9
9
9
9
9
9
9
9
9
9
9
9
318
25
13
10
9
9
9
9
9
9
9
9
9
9
9
9
9
9
9
9
319
25
13
10
9
9
9
9
9
9
9
9
9
9
9
9
9
9
9
9
320
25
13
10
9
9
9
9
9
9
9
9
9
9
9
9
9
9
9
9
321
25
13
10
9
9
9
9
9
9
9
9
9
9
9
9
9
9
9
9
322
25
13
10
9
9
9
9
9
9
9
9
9
9
9
9
9
9
9
9
323
25
13
10
9
9
9
9
9
9
9
9
9
9
9
9
9
9
9
9
324
25
13
10
9
9
9
9
9
9
9
9
9
9
9
9
9
9
9
9
325
25
13
10
9
9
9
9
9
9
9
9
9
9
9
9
9
9
9
9
326
26
13
10
9
9
9
9
9
9
9
9
9
9
9
9
9
9
9
9
327
26
13
10
9
9
9
9
9
9
9
9
9
9
9
9
9
9
9
9
328
26
13
10
9
9
9
9
9
9
9
9
9
9
9
9
9
9
9
9
329
26
13
10
9
9
9
9
9
9
9
9
9
9
9
9
9
9
9
9
330
26
13
10
9
9
9
9
9
9
9
9
9
9
9
9
9
9
9
9
331
26
13
10
9
9
9
9
9
9
9
9
9
9
9
9
9
9
9
9
332
26
13
10
9
9
9
9
9
9
9
9
9
9
9
9
9
9
9
9
333
26
13
10
9
9
9
9
9
9
9
9
9
9
9
9
9
9
9
9
334
26
13
10
9
9
9
9
9
9
9
9
9
9
9
9
9
9
9
9
335
26
13
10
9
9
9
9
9
9
9
9
9
9
9
9
9
9
9
9
336
26
13
10
9
9
9
9
9
9
9
9
9
9
9
9
9
9
9
9
337
26
13
10
9
9
9
9
9
9
9
9
9
9
9
9
9
9
9
9
338
26
13
10
9
9
9
9
9
9
9
9
9
9
9
9
9
9
9
9
339
26
13
10
9
9
9
9
9
9
9
9
9
9
9
9
9
9
9
9
340
26
13
10
9
9
9
9
9
9
9
9
9
9
9
9
9
9
9
9
341
26
13
10
9
9
9
9
9
9
9
9
9
9
9
9
9
9
9
9
342
26
13
10
9
9
9
9
9
9
9
9
9
9
9
9
9
9
9
9
343
26
13
10
9
9
9
9
9
9
9
9
9
9
9
9
9
9
9
9
344
26
13
10
9
9
9
9
9
9
9
9
9
9
9
9
9
9
9
9
345
26
13
10
9
9
9
9
9
9
9
9
9
9
9
9
9
9
9
9
346
26
13
10
9
9
9
9
9
9
9
9
9
9
9
9
9
9
9
9
347
26
13
10
9
9
9
9
9
9
9
9
9
9
9
9
9
9
9
9
348
26
13
10
9
9
9
9
9
9
9
9
9
9
9
9
9
9
9
9
349
26
13
10
9
9
9
9
9
9
9
9
9
9
9
9
9
9
9
9
350
26
13
10
9
9
9
9
9
9
9
9
9
9
9
9
9
9
9
9
351
26
13
10
9
9
9
9
9
9
9
9
9
9
9
9
9
9
9
9
352
27
13
10
9
9
9
9
9
9
9
9
9
9
9
9
9
9
9
9
353
27
13
10
9
9
9
9
9
9
9
9
9
9
9
9
9
9
9
9
354
27
13
10
9
9
9
9
9
9
9
9
9
9
9
9
9
9
9
9
355
27
13
10
9
9
9
9
9
9
9
9
9
9
9
9
9
9
9
9
356
27
13
10
9
9
9
9
9
9
9
9
9
9
9
9
9
9
9
9
357
27
13
10
9
9
9
9
9
9
9
9
9
9
9
9
9
9
9
9
358
27
13
10
9
9
9
9
9
9
9
9
9
9
9
9
9
9
9
9
359
27
13
10
9
9
9
9
9
9
9
9
9
9
9
9
9
9
9
9
360
27
13
10
9
9
9
9
9
9
9
9
9
9
9
9
9
9
9
9
361
27
13
10
9
9
9
9
9
9
9
9
9
9
9
9
9
9
9
9
362
27
13
10
9
9
9
9
9
9
9
9
9
9
9
9
9
9
9
9
363
27
13
10
9
9
9
9
9
9
9
9
9
9
9
9
9
9
9
9
364
27
13
10
9
9
9
9
9
9
9
9
9
9
9
9
9
9
9
9
365
27
13
10
9
9
9
9
9
9
9
9
9
9
9
9
9
9
9
9
366
27
13
10
9
9
9
9
9
9
9
9
9
9
9
9
9
9
9
9
367
27
13
10
9
9
9
9
9
9
9
9
9
9
9
9
9
9
9
9
368
27
13
10
9
9
9
9
9
9
9
9
9
9
9
9
9
9
9
9
369
27
13
10
9
9
9
9
9
9
9
9
9
9
9
9
9
9
9
9
370
27
13
10
9
9
9
9
9
9
9
9
9
9
9
9
9
9
9
9
371
27
13
10
9
9
9
9
9
9
9
9
9
9
9
9
9
9
9
9
372
27
13
10
9
9
9
9
9
9
9
9
9
9
9
9
9
9
9
9
373
27
13
10
9
9
9
9
9
9
9
9
9
9
9
9
9
9
9
9
374
27
13
10
9
9
9
9
9
9
9
9
9
9
9
9
9
9
9
9
375
27
13
10
9
9
9
9
9
9
9
9
9
9
9
9
9
9
9
9
376
27
13
10
9
9
9
9
9
9
9
9
9
9
9
9
9
9
9
9
377
27
13
10
9
9
9
9
9
9
9
9
9
9
9
9
9
9
9
9
378
27
14
10
9
9
9
9
9
9
9
9
9
9
9
9
9
9
9
9
379
28
14
10
9
9
9
9
9
9
9
9
9
9
9
9
9
9
9
9
380
28
14
10
9
9
9
9
9
9
9
9
9
9
9
9
9
9
9
9
381
28
14
10
9
9
9
9
9
9
9
9
9
9
9
9
9
9
9
9
382
28
14
10
10
9
9
9
9
9
9
9
9
9
9
9
9
9
9
9
383
28
14
10
10
9
9
9
9
9
9
9
9
9
9
9
9
9
9
9
384
28
14
10
10
9
9
9
9
9
9
9
9
9
9
9
9
9
9
9
385
28
14
10
10
9
9
9
9
9
9
9
9
9
9
9
9
9
9
9
386
28
14
11
10
9
9
9
9
9
9
9
9
9
9
9
9
9
9
9
387
28
14
11
10
9
9
9
9
9
9
9
9
9
9
9
9
9
9
9
388
28
14
11
10
9
9
9
9
9
9
9
9
9
9
9
9
9
9
9
389
28
14
11
10
9
9
9
9
9
9
9
9
9
9
9
9
9
9
9
390
28
14
11
10
9
9
9
9
9
9
9
9
9
9
9
9
9
9
9
391
28
14
11
10
9
9
9
9
9
9
9
9
9
9
9
9
9
9
9
392
28
14
11
10
9
9
9
9
9
9
9
9
9
9
9
9
9
9
9
393
28
14
11
10
9
9
9
9
9
9
9
9
9
9
9
9
9
9
9
394
28
14
11
10
9
9
9
9
9
9
9
9
9
9
9
9
9
9
9
395
28
14
11
10
9
9
9
9
9
9
9
9
9
9
9
9
9
9
9
396
28
14
11
10
9
9
9
9
9
9
9
9
9
9
9
9
9
9
9
397
28
14
11
10
9
9
9
9
9
9
9
9
9
9
9
9
9
9
9
398
28
14
11
10
9
9
9
9
9
9
9
9
9
9
9
9
9
9
9
399
28
14
11
10
9
9
9
9
9
9
9
9
9
9
9
9
9
9
9
400
28
14
11
10
9
9
9
9
9
9
9
9
9
9
9
9
9
9
9
401
28
14
11
10
9
9
9
9
9
9
9
9
9
9
9
9
9
9
9
402
28
14
11
10
9
9
9
9
9
9
9
9
9
9
9
9
9
9
9
403
28
14
11
10
9
9
9
9
9
9
9
9
9
9
9
9
9
9
9
404
28
14
11
10
9
9
9
9
9
9
9
9
9
9
9
9
9
9
9
405
28
14
11
10
9
9
9
9
9
9
9
9
9
9
9
9
9
9
9
406
28
14
11
10
9
9
9
9
9
9
9
9
9
9
9
9
9
9
9
407
29
14
11
10
9
9
9
9
9
9
9
9
9
9
9
9
9
9
9
408
29
14
11
10
9
9
9
9
9
9
9
9
9
9
9
9
9
9
9
409
29
14
11
10
9
9
9
9
9
9
9
9
9
9
9
9
9
9
9
410
29
14
11
10
9
9
9
9
9
9
9
9
9
9
9
9
9
9
9
411
29
14
11
10
9
9
9
9
9
9
9
9
9
9
9
9
9
9
9
412
29
14
11
10
9
9
9
9
9
9
9
9
9
9
9
9
9
9
9
413
29
14
11
10
9
9
9
9
9
9
9
9
9
9
9
9
9
9
9
414
29
14
11
10
9
9
9
9
9
9
9
9
9
9
9
9
9
9
9
415
29
14
11
10
9
9
9
9
9
9
9
9
9
9
9
9
9
9
9
416
29
14
11
10
9
9
9
9
9
9
9
9
9
9
9
9
9
9
9
417
29
14
11
10
9
9
9
9
9
9
9
9
9
9
9
9
9
9
9
418
29
14
11
10
9
9
9
9
9
9
9
9
9
9
9
9
9
9
9
419
29
14
11
10
9
9
9
9
9
9
9
9
9
9
9
9
9
9
9
420
29
14
11
10
9
9
9
9
9
9
9
9
9
9
9
9
9
9
9
421
29
14
11
10
9
9
9
9
9
9
9
9
9
9
9
9
9
9
9
422
29
14
11
10
9
9
9
9
9
9
9
9
9
9
9
9
9
9
9
423
29
14
11
10
9
9
9
9
9
9
9
9
9
9
9
9
9
9
9
424
29
14
11
10
9
9
9
9
9
9
9
9
9
9
9
9
9
9
9
425
29
14
11
10
9
9
9
9
9
9
9
9
9
9
9
9
9
9
9
426
29
14
11
10
9
9
9
9
9
9
9
9
9
9
9
9
9
9
9
427
29
14
11
10
9
9
9
9
9
9
9
9
9
9
9
9
9
9
9
428
29
14
11
10
9
9
9
9
9
9
9
9
9
9
9
9
9
9
9
429
29
14
11
10
9
9
9
9
9
9
9
9
9
9
9
9
9
9
9
430
29
14
11
10
9
9
9
9
9
9
9
9
9
9
9
9
9
9
9
431
29
14
11
10
9
9
9
9
9
9
9
9
9
9
9
9
9
9
9
432
29
14
11
10
9
9
9
9
9
9
9
9
9
9
9
9
9
9
9
433
29
14
11
10
9
9
9
9
9
9
9
9
9
9
9
9
9
9
9
434
29
14
11
10
9
9
9
9
9
9
9
9
9
9
9
9
9
9
9
435
29
14
11
10
9
9
9
9
9
9
9
9
9
9
9
9
9
9
9
436
30
14
11
10
9
9
9
9
9
9
9
9
9
9
9
9
9
9
9
437
30
14
11
10
9
9
9
9
9
9
9
9
9
9
9
9
9
9
9
438
30
14
11
10
9
9
9
9
9
9
9
9
9
9
9
9
9
9
9
439
30
14
11
10
9
9
9
9
9
9
9
9
9
9
9
9
9
9
9
440
30
14
11
10
9
9
9
9
9
9
9
9
9
9
9
9
9
9
9
441
30
14
11
10
9
9
9
9
9
9
9
9
9
9
9
9
9
9
9
442
30
14
11
10
9
9
9
9
9
9
9
9
9
9
9
9
9
9
9
443
30
14
11
10
9
9
9
9
9
9
9
9
9
9
9
9
9
9
9
444
30
14
11
10
9
9
9
9
9
9
9
9
9
9
9
9
9
9
9
445
30
14
11
10
9
9
9
9
9
9
9
9
9
9
9
9
9
9
9
446
30
14
11
10
9
9
9
9
9
9
9
9
9
9
9
9
9
9
9
447
30
14
11
10
9
9
9
9
9
9
9
9
9
9
9
9
9
9
9
448
30
14
11
10
9
9
9
9
9
9
9
9
9
9
9
9
9
9
9
449
30
14
11
10
9
9
9
9
9
9
9
9
9
9
9
9
9
9
9
450
30
14
11
10
9
9
9
9
9
9
9
9
9
9
9
9
9
9
9
451
30
14
11
10
9
9
9
9
9
9
9
9
9
9
9
9
9
9
9
452
30
14
11
10
9
9
9
9
9
9
9
9
9
9
9
9
9
9
9
453
30
14
11
10
9
9
9
9
9
9
9
9
9
9
9
9
9
9
9
454
30
14
11
10
9
9
9
9
9
9
9
9
9
9
9
9
9
9
9
455
30
14
11
10
9
9
9
9
9
9
9
9
9
9
9
9
9
9
9
456
30
14
11
10
9
9
9
9
9
9
9
9
9
9
9
9
9
9
9
457
30
14
11
10
9
9
9
9
9
9
9
9
9
9
9
9
9
9
9
458
30
14
11
10
9
9
9
9
9
9
9
9
9
9
9
9
9
9
9
459
30
14
11
10
9
9
9
9
9
9
9
9
9
9
9
9
9
9
9
460
30
14
11
10
9
9
9
9
9
9
9
9
9
9
9
9
9
9
9
461
30
14
11
10
9
9
9
9
9
9
9
9
9
9
9
9
9
9
9
462
30
14
11
10
9
9
9
9
9
9
9
9
9
9
9
9
9
9
9
463
30
14
11
10
9
9
9
9
9
9
9
9
9
9
9
9
9
9
9
464
30
14
11
10
9
9
9
9
9
9
9
9
9
9
9
9
9
9
9
465
30
14
11
10
9
9
9
9
9
9
9
9
9
9
9
9
9
9
9
466
31
14
11
10
10
9
9
9
9
9
9
9
9
9
9
9
9
9
9
467
31
14
11
10
10
9
9
9
9
9
9
9
9
9
9
9
9
9
9
468
31
14
11
10
10
9
9
9
9
9
9
9
9
9
9
9
9
9
9
469
31
14
11
10
10
9
9
9
9
9
9
9
9
9
9
9
9
9
9
470
31
15
11
10
10
9
9
9
9
9
9
9
9
9
9
9
9
9
9
471
31
15
11
10
10
9
9
9
9
9
9
9
9
9
9
9
9
9
9
472
31
15
11
10
10
9
9
9
9
9
9
9
9
9
9
9
9
9
9
473
31
15
11
10
10
9
9
9
9
9
9
9
9
9
9
9
9
9
9
474
31
15
11
10
10
9
9
9
9
9
9
9
9
9
9
9
9
9
9
475
31
15
11
10
10
9
9
9
9
9
9
9
9
9
9
9
9
9
9
476
31
15
11
10
10
9
9
9
9
9
9
9
9
9
9
9
9
9
9
477
31
15
11
10
10
9
9
9
9
9
9
9
9
9
9
9
9
9
9
478
31
15
11
10
10
9
9
9
9
9
9
9
9
9
9
9
9
9
9
479
31
15
11
10
10
9
9
9
9
9
9
9
9
9
9
9
9
9
9
480
31
15
11
10
10
9
9
9
9
9
9
9
9
9
9
9
9
9
9
481
31
15
11
10
10
9
9
9
9
9
9
9
9
9
9
9
9
9
9
482
31
15
11
10
10
9
9
9
9
9
9
9
9
9
9
9
9
9
9
483
31
15
11
10
10
9
9
9
9
9
9
9
9
9
9
9
9
9
9
484
31
15
11
10
10
9
9
9
9
9
9
9
9
9
9
9
9
9
9
485
31
15
11
10
10
9
9
9
9
9
9
9
9
9
9
9
9
9
9
486
31
15
11
10
10
9
9
9
9
9
9
9
9
9
9
9
9
9
9
487
31
15
11
10
10
9
9
9
9
9
9
9
9
9
9
9
9
9
9
488
31
15
11
10
10
9
9
9
9
9
9
9
9
9
9
9
9
9
9
489
31
15
11
10
10
9
9
9
9
9
9
9
9
9
9
9
9
9
9
490
31
15
11
10
10
9
9
9
9
9
9
9
9
9
9
9
9
9
9
491
31
15
11
10
10
9
9
9
9
9
9
9
9
9
9
9
9
9
9
492
31
15
11
10
10
9
9
9
9
9
9
9
9
9
9
9
9
9
9
493
31
15
11
10
10
9
9
9
9
9
9
9
9
9
9
9
9
9
9
494
31
15
11
10
10
9
9
9
9
9
9
9
9
9
9
9
9
9
9
495
31
15
11
10
10
9
9
9
9
9
9
9
9
9
9
9
9
9
9
496
31
15
11
10
10
9
9
9
9
9
9
9
9
9
9
9
9
9
9
497
32
15
11
10
10
9
9
9
9
9
9
9
9
9
9
9
9
9
9
498
32
15
11
10
10
9
9
9
9
9
9
9
9
9
9
9
9
9
9
499
32
15
11
10
10
9
9
9
9
9
9
9
9
9
9
9
9
9
9
500
32
15
11
10
10
9
9
9
9
9
9
9
9
9
9
9
9
9
9
501
32
15
11
10
10
9
9
9
9
9
9
9
9
9
9
9
9
9
9
502
32
15
11
10
10
10
9
9
9
9
9
9
9
9
9
9
9
9
9
503
32
15
11
10
10
10
9
9
9
9
9
9
9
9
9
9
9
9
9
504
32
15
11
10
10
10
9
9
9
9
9
9
9
9
9
9
9
9
9
505
32
15
11
10
10
10
9
9
9
9
9
9
9
9
9
9
9
9
9
506
32
15
11
10
10
10
9
9
9
9
9
9
9
9
9
9
9
9
9
507
32
15
11
10
10
10
9
9
9
9
9
9
9
9
9
9
9
9
9
508
32
15
11
10
10
10
9
9
9
9
9
9
9
9
9
9
9
9
9
509
32
15
11
10
10
10
9
9
9
9
9
9
9
9
9
9
9
9
9
510
32
15
11
10
10
10
9
9
9
9
9
9
9
9
9
9
9
9
9
511
32
15
11
10
10
10
10
9
9
9
9
9
9
9
9
9
9
9
9
512
32
15
11
10
10
10
10
10
10
10
10
10
10
10
10
10
10
10
10
513
32
15
11
10
10
10
10
10
10
10
10
10
10
10
10
10
10
10
10
514
32
15
11
10
10
10
10
10
10
10
10
10
10
10
10
10
10
10
10
515
32
15
11
10
10
10
10
10
10
10
10
10
10
10
10
10
10
10
10
516
32
15
11
10
10
10
10
10
10
10
10
10
10
10
10
10
10
10
10
517
32
15
11
10
10
10
10
10
10
10
10
10
10
10
10
10
10
10
10
518
32
15
11
10
10
10
10
10
10
10
10
10
10
10
10
10
10
10
10
519
32
15
11
10
10
10
10
10
10
10
10
10
10
10
10
10
10
10
10
520
32
15
11
10
10
10
10
10
10
10
10
10
10
10
10
10
10
10
10
521
32
15
11
10
10
10
10
10
10
10
10
10
10
10
10
10
10
10
10
522
32
15
11
10
10
10
10
10
10
10
10
10
10
10
10
10
10
10
10
523
32
15
11
10
10
10
10
10
10
10
10
10
10
10
10
10
10
10
10
524
32
15
11
10
10
10
10
10
10
10
10
10
10
10
10
10
10
10
10
525
32
15
11
10
10
10
10
10
10
10
10
10
10
10
10
10
10
10
10
526
32
15
11
10
10
10
10
10
10
10
10
10
10
10
10
10
10
10
10
527
32
15
11
10
10
10
10
10
10
10
10
10
10
10
10
10
10
10
10
528
32
15
11
10
10
10
10
10
10
10
10
10
10
10
10
10
10
10
10
529
33
15
11
10
10
10
10
10
10
10
10
10
10
10
10
10
10
10
10
530
33
15
11
10
10
10
10
10
10
10
10
10
10
10
10
10
10
10
10
531
33
15
11
10
10
10
10
10
10
10
10
10
10
10
10
10
10
10
10
532
33
15
11
10
10
10
10
10
10
10
10
10
10
10
10
10
10
10
10
533
33
15
11
10
10
10
10
10
10
10
10
10
10
10
10
10
10
10
10
534
33
15
11
10
10
10
10
10
10
10
10
10
10
10
10
10
10
10
10
535
33
15
11
10
10
10
10
10
10
10
10
10
10
10
10
10
10
10
10
536
33
15
11
10
10
10
10
10
10
10
10
10
10
10
10
10
10
10
10
537
33
15
11
10
10
10
10
10
10
10
10
10
10
10
10
10
10
10
10
538
33
15
11
10
10
10
10
10
10
10
10
10
10
10
10
10
10
10
10
539
33
15
11
10
10
10
10
10
10
10
10
10
10
10
10
10
10
10
10
540
33
15
11
10
10
10
10
10
10
10
10
10
10
10
10
10
10
10
10
541
33
15
11
10
10
10
10
10
10
10
10
10
10
10
10
10
10
10
10
542
33
15
11
10
10
10
10
10
10
10
10
10
10
10
10
10
10
10
10
543
33
15
11
10
10
10
10
10
10
10
10
10
10
10
10
10
10
10
10
544
33
15
11
10
10
10
10
10
10
10
10
10
10
10
10
10
10
10
10
545
33
15
11
10
10
10
10
10
10
10
10
10
10
10
10
10
10
10
10
546
33
15
11
10
10
10
10
10
10
10
10
10
10
10
10
10
10
10
10
547
33
15
11
10
10
10
10
10
10
10
10
10
10
10
10
10
10
10
10
548
33
15
11
10
10
10
10
10
10
10
10
10
10
10
10
10
10
10
10
549
33
15
11
10
10
10
10
10
10
10
10
10
10
10
10
10
10
10
10
550
33
15
11
10
10
10
10
10
10
10
10
10
10
10
10
10
10
10
10
551
33
15
11
10
10
10
10
10
10
10
10
10
10
10
10
10
10
10
10
552
33
15
11
10
10
10
10
10
10
10
10
10
10
10
10
10
10
10
10
553
33
15
11
10
10
10
10
10
10
10
10
10
10
10
10
10
10
10
10
554
33
15
11
10
10
10
10
10
10
10
10
10
10
10
10
10
10
10
10
555
33
15
11
10
10
10
10
10
10
10
10
10
10
10
10
10
10
10
10
556
33
15
11
10
10
10
10
10
10
10
10
10
10
10
10
10
10
10
10
557
33
15
11
10
10
10
10
10
10
10
10
10
10
10
10
10
10
10
10
558
33
15
11
10
10
10
10
10
10
10
10
10
10
10
10
10
10
10
10
559
33
15
11
10
10
10
10
10
10
10
10
10
10
10
10
10
10
10
10
560
33
15
11
10
10
10
10
10
10
10
10
10
10
10
10
10
10
10
10
561
33
15
11
10
10
10
10
10
10
10
10
10
10
10
10
10
10
10
10
562
34
15
12
10
10
10
10
10
10
10
10
10
10
10
10
10
10
10
10
563
34
15
12
10
10
10
10
10
10
10
10
10
10
10
10
10
10
10
10
564
34
15
12
10
10
10
10
10
10
10
10
10
10
10
10
10
10
10
10
565
34
15
12
10
10
10
10
10
10
10
10
10
10
10
10
10
10
10
10
566
34
15
12
10
10
10
10
10
10
10
10
10
10
10
10
10
10
10
10
567
34
15
12
10
10
10
10
10
10
10
10
10
10
10
10
10
10
10
10
568
34
15
12
10
10
10
10
10
10
10
10
10
10
10
10
10
10
10
10
569
34
15
12
10
10
10
10
10
10
10
10
10
10
10
10
10
10
10
10
570
34
15
12
10
10
10
10
10
10
10
10
10
10
10
10
10
10
10
10
571
34
15
12
10
10
10
10
10
10
10
10
10
10
10
10
10
10
10
10
572
34
15
12
10
10
10
10
10
10
10
10
10
10
10
10
10
10
10
10
573
34
15
12
10
10
10
10
10
10
10
10
10
10
10
10
10
10
10
10
574
34
15
12
10
10
10
10
10
10
10
10
10
10
10
10
10
10
10
10
575
34
15
12
10
10
10
10
10
10
10
10
10
10
10
10
10
10
10
10
576
34
16
12
10
10
10
10
10
10
10
10
10
10
10
10
10
10
10
10
577
34
16
12
10
10
10
10
10
10
10
10
10
10
10
10
10
10
10
10
578
34
16
12
10
10
10
10
10
10
10
10
10
10
10
10
10
10
10
10
579
34
16
12
10
10
10
10
10
10
10
10
10
10
10
10
10
10
10
10
580
34
16
12
10
10
10
10
10
10
10
10
10
10
10
10
10
10
10
10
581
34
16
12
10
10
10
10
10
10
10
10
10
10
10
10
10
10
10
10
582
34
16
12
10
10
10
10
10
10
10
10
10
10
10
10
10
10
10
10
583
34
16
12
10
10
10
10
10
10
10
10
10
10
10
10
10
10
10
10
584
34
16
12
10
10
10
10
10
10
10
10
10
10
10
10
10
10
10
10
585
34
16
12
10
10
10
10
10
10
10
10
10
10
10
10
10
10
10
10
586
34
16
12
10
10
10
10
10
10
10
10
10
10
10
10
10
10
10
10
587
34
16
12
10
10
10
10
10
10
10
10
10
10
10
10
10
10
10
10
588
34
16
12
10
10
10
10
10
10
10
10
10
10
10
10
10
10
10
10
589
34
16
12
10
10
10
10
10
10
10
10
10
10
10
10
10
10
10
10
590
34
16
12
10
10
10
10
10
10
10
10
10
10
10
10
10
10
10
10
591
34
16
12
10
10
10
10
10
10
10
10
10
10
10
10
10
10
10
10
592
34
16
12
10
10
10
10
10
10
10
10
10
10
10
10
10
10
10
10
593
34
16
12
10
10
10
10
10
10
10
10
10
10
10
10
10
10
10
10
594
34
16
12
10
10
10
10
10
10
10
10
10
10
10
10
10
10
10
10
595
34
16
12
10
10
10
10
10
10
10
10
10
10
10
10
10
10
10
10
596
35
16
12
10
10
10
10
10
10
10
10
10
10
10
10
10
10
10
10
597
35
16
12
10
10
10
10
10
10
10
10
10
10
10
10
10
10
10
10
598
35
16
12
10
10
10
10
10
10
10
10
10
10
10
10
10
10
10
10
599
35
16
12
10
10
10
10
10
10
10
10
10
10
10
10
10
10
10
10
600
35
16
12
10
10
10
10
10
10
10
10
10
10
10
10
10
10
10
10
601
35
16
12
10
10
10
10
10
10
10
10
10
10
10
10
10
10
10
10
602
35
16
12
10
10
10
10
10
10
10
10
10
10
10
10
10
10
10
10
603
35
16
12
10
10
10
10
10
10
10
10
10
10
10
10
10
10
10
10
604
35
16
12
10
10
10
10
10
10
10
10
10
10
10
10
10
10
10
10
605
35
16
12
10
10
10
10
10
10
10
10
10
10
10
10
10
10
10
10
606
35
16
12
10
10
10
10
10
10
10
10
10
10
10
10
10
10
10
10
607
35
16
12
10
10
10
10
10
10
10
10
10
10
10
10
10
10
10
10
608
35
16
12
10
10
10
10
10
10
10
10
10
10
10
10
10
10
10
10
609
35
16
12
10
10
10
10
10
10
10
10
10
10
10
10
10
10
10
10
610
35
16
12
10
10
10
10
10
10
10
10
10
10
10
10
10
10
10
10
611
35
16
12
10
10
10
10
10
10
10
10
10
10
10
10
10
10
10
10
612
35
16
12
10
10
10
10
10
10
10
10
10
10
10
10
10
10
10
10
613
35
16
12
10
10
10
10
10
10
10
10
10
10
10
10
10
10
10
10
614
35
16
12
10
10
10
10
10
10
10
10
10
10
10
10
10
10
10
10
615
35
16
12
10
10
10
10
10
10
10
10
10
10
10
10
10
10
10
10
616
35
16
12
10
10
10
10
10
10
10
10
10
10
10
10
10
10
10
10
617
35
16
12
10
10
10
10
10
10
10
10
10
10
10
10
10
10
10
10
618
35
16
12
10
10
10
10
10
10
10
10
10
10
10
10
10
10
10
10
619
35
16
12
10
10
10
10
10
10
10
10
10
10
10
10
10
10
10
10
620
35
16
12
10
10
10
10
10
10
10
10
10
10
10
10
10
10
10
10
621
35
16
12
10
10
10
10
10
10
10
10
10
10
10
10
10
10
10
10
622
35
16
12
10
10
10
10
10
10
10
10
10
10
10
10
10
10
10
10
623
35
16
12
10
10
10
10
10
10
10
10
10
10
10
10
10
10
10
10
624
35
16
12
10
10
10
10
10
10
10
10
10
10
10
10
10
10
10
10
625
35
16
12
10
10
10
10
10
10
10
10
10
10
10
10
10
10
10
10
626
35
16
12
10
10
10
10
10
10
10
10
10
10
10
10
10
10
10
10
627
35
16
12
10
10
10
10
10
10
10
10
10
10
10
10
10
10
10
10
628
35
16
12
10
10
10
10
10
10
10
10
10
10
10
10
10
10
10
10
629
35
16
12
10
10
10
10
10
10
10
10
10
10
10
10
10
10
10
10
630
35
16
12
10
10
10
10
10
10
10
10
10
10
10
10
10
10
10
10
631
36
16
12
10
10
10
10
10
10
10
10
10
10
10
10
10
10
10
10
632
36
16
12
10
10
10
10
10
10
10
10
10
10
10
10
10
10
10
10
633
36
16
12
10
10
10
10
10
10
10
10
10
10
10
10
10
10
10
10
634
36
16
12
10
10
10
10
10
10
10
10
10
10
10
10
10
10
10
10
635
36
16
12
10
10
10
10
10
10
10
10
10
10
10
10
10
10
10
10
636
36
16
12
10
10
10
10
10
10
10
10
10
10
10
10
10
10
10
10
637
36
16
12
10
10
10
10
10
10
10
10
10
10
10
10
10
10
10
10
638
36
16
12
11
10
10
10
10
10
10
10
10
10
10
10
10
10
10
10
639
36
16
12
11
10
10
10
10
10
10
10
10
10
10
10
10
10
10
10
640
36
16
12
11
10
10
10
10
10
10
10
10
10
10
10
10
10
10
10
641
36
16
12
11
10
10
10
10
10
10
10
10
10
10
10
10
10
10
10
642
36
16
12
11
10
10
10
10
10
10
10
10
10
10
10
10
10
10
10
643
36
16
12
11
10
10
10
10
10
10
10
10
10
10
10
10
10
10
10
644
36
16
12
11
10
10
10
10
10
10
10
10
10
10
10
10
10
10
10
645
36
16
12
11
10
10
10
10
10
10
10
10
10
10
10
10
10
10
10
646
36
16
12
11
10
10
10
10
10
10
10
10
10
10
10
10
10
10
10
647
36
16
12
11
10
10
10
10
10
10
10
10
10
10
10
10
10
10
10
648
36
16
12
11
10
10
10
10
10
10
10
10
10
10
10
10
10
10
10
649
36
16
12
11
10
10
10
10
10
10
10
10
10
10
10
10
10
10
10
650
36
16
12
11
10
10
10
10
10
10
10
10
10
10
10
10
10
10
10
651
36
16
12
11
10
10
10
10
10
10
10
10
10
10
10
10
10
10
10
652
36
16
12
11
10
10
10
10
10
10
10
10
10
10
10
10
10
10
10
653
36
16
12
11
10
10
10
10
10
10
10
10
10
10
10
10
10
10
10
654
36
16
12
11
10
10
10
10
10
10
10
10
10
10
10
10
10
10
10
655
36
16
12
11
10
10
10
10
10
10
10
10
10
10
10
10
10
10
10
656
36
16
12
11
10
10
10
10
10
10
10
10
10
10
10
10
10
10
10
657
36
16
12
11
10
10
10
10
10
10
10
10
10
10
10
10
10
10
10
658
36
16
12
11
10
10
10
10
10
10
10
10
10
10
10
10
10
10
10
659
36
16
12
11
10
10
10
10
10
10
10
10
10
10
10
10
10
10
10
660
36
16
12
11
10
10
10
10
10
10
10
10
10
10
10
10
10
10
10
661
36
16
12
11
10
10
10
10
10
10
10
10
10
10
10
10
10
10
10
662
36
16
12
11
10
10
10
10
10
10
10
10
10
10
10
10
10
10
10
663
36
16
12
11
10
10
10
10
10
10
10
10
10
10
10
10
10
10
10
664
36
16
12
11
10
10
10
10
10
10
10
10
10
10
10
10
10
10
10
665
36
16
12
11
10
10
10
10
10
10
10
10
10
10
10
10
10
10
10
666
36
16
12
11
10
10
10
10
10
10
10
10
10
10
10
10
10
10
10
667
37
16
12
11
10
10
10
10
10
10
10
10
10
10
10
10
10
10
10
668
37
16
12
11
10
10
10
10
10
10
10
10
10
10
10
10
10
10
10
669
37
16
12
11
10
10
10
10
10
10
10
10
10
10
10
10
10
10
10
670
37
16
12
11
10
10
10
10
10
10
10
10
10
10
10
10
10
10
10
671
37
16
12
11
10
10
10
10
10
10
10
10
10
10
10
10
10
10
10
672
37
16
12
11
10
10
10
10
10
10
10
10
10
10
10
10
10
10
10
673
37
16
12
11
10
10
10
10
10
10
10
10
10
10
10
10
10
10
10
674
37
16
12
11
10
10
10
10
10
10
10
10
10
10
10
10
10
10
10
675
37
16
12
11
10
10
10
10
10
10
10
10
10
10
10
10
10
10
10
676
37
16
12
11
10
10
10
10
10
10
10
10
10
10
10
10
10
10
10
677
37
16
12
11
10
10
10
10
10
10
10
10
10
10
10
10
10
10
10
678
37
16
12
11
10
10
10
10
10
10
10
10
10
10
10
10
10
10
10
679
37
16
12
11
10
10
10
10
10
10
10
10
10
10
10
10
10
10
10
680
37
16
12
11
10
10
10
10
10
10
10
10
10
10
10
10
10
10
10
681
37
16
12
11
10
10
10
10
10
10
10
10
10
10
10
10
10
10
10
682
37
16
12
11
10
10
10
10
10
10
10
10
10
10
10
10
10
10
10
683
37
16
12
11
10
10
10
10
10
10
10
10
10
10
10
10
10
10
10
684
37
16
12
11
10
10
10
10
10
10
10
10
10
10
10
10
10
10
10
685
37
16
12
11
10
10
10
10
10
10
10
10
10
10
10
10
10
10
10
686
37
16
12
11
10
10
10
10
10
10
10
10
10
10
10
10
10
10
10
687
37
16
12
11
10
10
10
10
10
10
10
10
10
10
10
10
10
10
10
688
37
16
12
11
10
10
10
10
10
10
10
10
10
10
10
10
10
10
10
689
37
16
12
11
10
10
10
10
10
10
10
10
10
10
10
10
10
10
10
690
37
16
12
11
10
10
10
10
10
10
10
10
10
10
10
10
10
10
10
691
37
16
12
11
10
10
10
10
10
10
10
10
10
10
10
10
10
10
10
692
37
16
12
11
10
10
10
10
10
10
10
10
10
10
10
10
10
10
10
693
37
16
12
11
10
10
10
10
10
10
10
10
10
10
10
10
10
10
10
694
37
16
12
11
10
10
10
10
10
10
10
10
10
10
10
10
10
10
10
695
37
16
12
11
10
10
10
10
10
10
10
10
10
10
10
10
10
10
10
696
37
16
12
11
10
10
10
10
10
10
10
10
10
10
10
10
10
10
10
697
37
17
12
11
10
10
10
10
10
10
10
10
10
10
10
10
10
10
10
698
37
17
12
11
10
10
10
10
10
10
10
10
10
10
10
10
10
10
10
699
37
17
12
11
10
10
10
10
10
10
10
10
10
10
10
10
10
10
10
700
37
17
12
11
10
10
10
10
10
10
10
10
10
10
10
10
10
10
10
701
37
17
12
11
10
10
10
10
10
10
10
10
10
10
10
10
10
10
10
702
37
17
12
11
10
10
10
10
10
10
10
10
10
10
10
10
10
10
10
703
37
17
12
11
10
10
10
10
10
10
10
10
10
10
10
10
10
10
10
704
38
17
12
11
10
10
10
10
10
10
10
10
10
10
10
10
10
10
10
705
38
17
12
11
10
10
10
10
10
10
10
10
10
10
10
10
10
10
10
706
38
17
12
11
10
10
10
10
10
10
10
10
10
10
10
10
10
10
10
707
38
17
12
11
10
10
10
10
10
10
10
10
10
10
10
10
10
10
10
708
38
17
12
11
10
10
10
10
10
10
10
10
10
10
10
10
10
10
10
709
38
17
12
11
10
10
10
10
10
10
10
10
10
10
10
10
10
10
10
710
38
17
12
11
10
10
10
10
10
10
10
10
10
10
10
10
10
10
10
711
38
17
12
11
10
10
10
10
10
10
10
10
10
10
10
10
10
10
10
712
38
17
12
11
10
10
10
10
10
10
10
10
10
10
10
10
10
10
10
713
38
17
12
11
10
10
10
10
10
10
10
10
10
10
10
10
10
10
10
714
38
17
12
11
10
10
10
10
10
10
10
10
10
10
10
10
10
10
10
715
38
17
12
11
10
10
10
10
10
10
10
10
10
10
10
10
10
10
10
716
38
17
12
11
10
10
10
10
10
10
10
10
10
10
10
10
10
10
10
717
38
17
12
11
10
10
10
10
10
10
10
10
10
10
10
10
10
10
10
718
38
17
12
11
10
10
10
10
10
10
10
10
10
10
10
10
10
10
10
719
38
17
12
11
10
10
10
10
10
10
10
10
10
10
10
10
10
10
10
720
38
17
12
11
10
10
10
10
10
10
10
10
10
10
10
10
10
10
10
721
38
17
12
11
10
10
10
10
10
10
10
10
10
10
10
10
10
10
10
722
38
17
12
11
10
10
10
10
10
10
10
10
10
10
10
10
10
10
10
723
38
17
12
11
10
10
10
10
10
10
10
10
10
10
10
10
10
10
10
724
38
17
12
11
10
10
10
10
10
10
10
10
10
10
10
10
10
10
10
725
38
17
12
11
10
10
10
10
10
10
10
10
10
10
10
10
10
10
10
726
38
17
12
11
10
10
10
10
10
10
10
10
10
10
10
10
10
10
10
727
38
17
12
11
10
10
10
10
10
10
10
10
10
10
10
10
10
10
10
728
38
17
12
11
10
10
10
10
10
10
10
10
10
10
10
10
10
10
10
729
38
17
12
11
10
10
10
10
10
10
10
10
10
10
10
10
10
10
10
730
38
17
12
11
10
10
10
10
10
10
10
10
10
10
10
10
10
10
10
731
38
17
12
11
10
10
10
10
10
10
10
10
10
10
10
10
10
10
10
732
38
17
12
11
10
10
10
10
10
10
10
10
10
10
10
10
10
10
10
733
38
17
12
11
10
10
10
10
10
10
10
10
10
10
10
10
10
10
10
734
38
17
12
11
10
10
10
10
10
10
10
10
10
10
10
10
10
10
10
735
38
17
12
11
10
10
10
10
10
10
10
10
10
10
10
10
10
10
10
736
38
17
12
11
10
10
10
10
10
10
10
10
10
10
10
10
10
10
10
737
38
17
12
11
10
10
10
10
10
10
10
10
10
10
10
10
10
10
10
738
38
17
12
11
10
10
10
10
10
10
10
10
10
10
10
10
10
10
10
739
38
17
12
11
10
10
10
10
10
10
10
10
10
10
10
10
10
10
10
740
38
17
12
11
10
10
10
10
10
10
10
10
10
10
10
10
10
10
10
741
38
17
12
11
10
10
10
10
10
10
10
10
10
10
10
10
10
10
10
742
39
17
12
11
10
10
10
10
10
10
10
10
10
10
10
10
10
10
10
743
39
17
12
11
10
10
10
10
10
10
10
10
10
10
10
10
10
10
10
744
39
17
12
11
10
10
10
10
10
10
10
10
10
10
10
10
10
10
10
745
39
17
12
11
10
10
10
10
10
10
10
10
10
10
10
10
10
10
10
746
39
17
12
11
10
10
10
10
10
10
10
10
10
10
10
10
10
10
10
747
39
17
12
11
10
10
10
10
10
10
10
10
10
10
10
10
10
10
10
748
39
17
12
11
10
10
10
10
10
10
10
10
10
10
10
10
10
10
10
749
39
17
12
11
10
10
10
10
10
10
10
10
10
10
10
10
10
10
10
750
39
17
12
11
10
10
10
10
10
10
10
10
10
10
10
10
10
10
10
751
39
17
12
11
10
10
10
10
10
10
10
10
10
10
10
10
10
10
10
752
39
17
12
11
10
10
10
10
10
10
10
10
10
10
10
10
10
10
10
753
39
17
12
11
10
10
10
10
10
10
10
10
10
10
10
10
10
10
10
754
39
17
12
11
10
10
10
10
10
10
10
10
10
10
10
10
10
10
10
755
39
17
12
11
10
10
10
10
10
10
10
10
10
10
10
10
10
10
10
756
39
17
12
11
10
10
10
10
10
10
10
10
10
10
10
10
10
10
10
757
39
17
12
11
10
10
10
10
10
10
10
10
10
10
10
10
10
10
10
758
39
17
12
11
10
10
10
10
10
10
10
10
10
10
10
10
10
10
10
759
39
17
12
11
10
10
10
10
10
10
10
10
10
10
10
10
10
10
10
760
39
17
12
11
10
10
10
10
10
10
10
10
10
10
10
10
10
10
10
761
39
17
12
11
10
10
10
10
10
10
10
10
10
10
10
10
10
10
10
762
39
17
12
11
10
10
10
10
10
10
10
10
10
10
10
10
10
10
10
763
39
17
12
11
10
10
10
10
10
10
10
10
10
10
10
10
10
10
10
764
39
17
12
11
10
10
10
10
10
10
10
10
10
10
10
10
10
10
10
765
39
17
12
11
10
10
10
10
10
10
10
10
10
10
10
10
10
10
10
766
39
17
12
11
10
10
10
10
10
10
10
10
10
10
10
10
10
10
10
767
39
17
12
11
10
10
10
10
10
10
10
10
10
10
10
10
10
10
10
768
39
17
12
11
10
10
10
10
10
10
10
10
10
10
10
10
10
10
10
769
39
17
12
11
10
10
10
10
10
10
10
10
10
10
10
10
10
10
10
770
39
17
12
11
10
10
10
10
10
10
10
10
10
10
10
10
10
10
10
771
39
17
12
11
10
10
10
10
10
10
10
10
10
10
10
10
10
10
10
772
39
17
12
11
10
10
10
10
10
10
10
10
10
10
10
10
10
10
10
773
39
17
12
11
10
10
10
10
10
10
10
10
10
10
10
10
10
10
10
774
39
17
12
11
10
10
10
10
10
10
10
10
10
10
10
10
10
10
10
775
39
17
12
11
10
10
10
10
10
10
10
10
10
10
10
10
10
10
10
776
39
17
12
11
10
10
10
10
10
10
10
10
10
10
10
10
10
10
10
777
39
17
12
11
10
10
10
10
10
10
10
10
10
10
10
10
10
10
10
778
39
17
12
11
10
10
10
10
10
10
10
10
10
10
10
10
10
10
10
779
39
17
12
11
10
10
10
10
10
10
10
10
10
10
10
10
10
10
10
780
39
17
12
11
10
10
10
10
10
10
10
10
10
10
10
10
10
10
10
781
40
17
12
11
10
10
10
10
10
10
10
10
10
10
10
10
10
10
10
782
40
17
12
11
10
10
10
10
10
10
10
10
10
10
10
10
10
10
10
783
40
17
12
11
10
10
10
10
10
10
10
10
10
10
10
10
10
10
10
784
40
17
12
11
10
10
10
10
10
10
10
10
10
10
10
10
10
10
10
785
40
17
12
11
10
10
10
10
10
10
10
10
10
10
10
10
10
10
10
786
40
17
12
11
10
10
10
10
10
10
10
10
10
10
10
10
10
10
10
787
40
17
12
11
10
10
10
10
10
10
10
10
10
10
10
10
10
10
10
788
40
17
12
11
10
10
10
10
10
10
10
10
10
10
10
10
10
10
10
789
40
17
12
11
10
10
10
10
10
10
10
10
10
10
10
10
10
10
10
790
40
17
12
11
10
10
10
10
10
10
10
10
10
10
10
10
10
10
10
791
40
17
12
11
10
10
10
10
10
10
10
10
10
10
10
10
10
10
10
792
40
17
12
11
10
10
10
10
10
10
10
10
10
10
10
10
10
10
10
793
40
17
12
11
10
10
10
10
10
10
10
10
10
10
10
10
10
10
10
794
40
17
13
11
10
10
10
10
10
10
10
10
10
10
10
10
10
10
10
795
40
17
13
11
10
10
10
10
10
10
10
10
10
10
10
10
10
10
10
796
40
17
13
11
10
10
10
10
10
10
10
10
10
10
10
10
10
10
10
797
40
17
13
11
10
10
10
10
10
10
10
10
10
10
10
10
10
10
10
798
40
17
13
11
10
10
10
10
10
10
10
10
10
10
10
10
10
10
10
799
40
17
13
11
10
10
10
10
10
10
10
10
10
10
10
10
10
10
10
800
40
17
13
11
10
10
10
10
10
10
10
10
10
10
10
10
10
10
10
801
40
17
13
11
10
10
10
10
10
10
10
10
10
10
10
10
10
10
10
802
40
17
13
11
10
10
10
10
10
10
10
10
10
10
10
10
10
10
10
803
40
17
13
11
10
10
10
10
10
10
10
10
10
10
10
10
10
10
10
804
40
17
13
11
10
10
10
10
10
10
10
10
10
10
10
10
10
10
10
805
40
17
13
11
10
10
10
10
10
10
10
10
10
10
10
10
10
10
10
806
40
17
13
11
10
10
10
10
10
10
10
10
10
10
10
10
10
10
10
807
40
17
13
11
10
10
10
10
10
10
10
10
10
10
10
10
10
10
10
808
40
17
13
11
10
10
10
10
10
10
10
10
10
10
10
10
10
10
10
809
40
17
13
11
10
10
10
10
10
10
10
10
10
10
10
10
10
10
10
810
40
17
13
11
10
10
10
10
10
10
10
10
10
10
10
10
10
10
10
811
40
17
13
11
10
10
10
10
10
10
10
10
10
10
10
10
10
10
10
812
40
17
13
11
10
10
10
10
10
10
10
10
10
10
10
10
10
10
10
813
40
17
13
11
10
10
10
10
10
10
10
10
10
10
10
10
10
10
10
814
40
17
13
11
10
10
10
10
10
10
10
10
10
10
10
10
10
10
10
815
40
17
13
11
10
10
10
10
10
10
10
10
10
10
10
10
10
10
10
816
40
17
13
11
10
10
10
10
10
10
10
10
10
10
10
10
10
10
10
817
40
17
13
11
10
10
10
10
10
10
10
10
10
10
10
10
10
10
10
818
40
17
13
11
10
10
10
10
10
10
10
10
10
10
10
10
10
10
10
819
40
17
13
11
10
10
10
10
10
10
10
10
10
10
10
10
10
10
10
820
40
17
13
11
10
10
10
10
10
10
10
10
10
10
10
10
10
10
10
821
41
17
13
11
10
10
10
10
10
10
10
10
10
10
10
10
10
10
10
822
41
17
13
11
10
10
10
10
10
10
10
10
10
10
10
10
10
10
10
823
41
17
13
11
10
10
10
10
10
10
10
10
10
10
10
10
10
10
10
824
41
17
13
11
10
10
10
10
10
10
10
10
10
10
10
10
10
10
10
825
41
17
13
11
10
10
10
10
10
10
10
10
10
10
10
10
10
10
10
826
41
17
13
11
10
10
10
10
10
10
10
10
10
10
10
10
10
10
10
827
41
17
13
11
10
10
10
10
10
10
10
10
10
10
10
10
10
10
10
828
41
17
13
11
10
10
10
10
10
10
10
10
10
10
10
10
10
10
10
829
41
17
13
11
10
10
10
10
10
10
10
10
10
10
10
10
10
10
10
830
41
17
13
11
10
10
10
10
10
10
10
10
10
10
10
10
10
10
10
831
41
17
13
11
10
10
10
10
10
10
10
10
10
10
10
10
10
10
10
832
41
17
13
11
10
10
10
10
10
10
10
10
10
10
10
10
10
10
10
833
41
17
13
11
10
10
10
10
10
10
10
10
10
10
10
10
10
10
10
834
41
18
13
11
10
10
10
10
10
10
10
10
10
10
10
10
10
10
10
835
41
18
13
11
10
10
10
10
10
10
10
10
10
10
10
10
10
10
10
836
41
18
13
11
10
10
10
10
10
10
10
10
10
10
10
10
10
10
10
837
41
18
13
11
10
10
10
10
10
10
10
10
10
10
10
10
10
10
10
838
41
18
13
11
10
10
10
10
10
10
10
10
10
10
10
10
10
10
10
839
41
18
13
11
10
10
10
10
10
10
10
10
10
10
10
10
10
10
10
840
41
18
13
11
10
10
10
10
10
10
10
10
10
10
10
10
10
10
10
841
41
18
13
11
10
10
10
10
10
10
10
10
10
10
10
10
10
10
10
842
41
18
13
11
10
10
10
10
10
10
10
10
10
10
10
10
10
10
10
843
41
18
13
11
10
10
10
10
10
10
10
10
10
10
10
10
10
10
10
844
41
18
13
11
10
10
10
10
10
10
10
10
10
10
10
10
10
10
10
845
41
18
13
11
10
10
10
10
10
10
10
10
10
10
10
10
10
10
10
846
41
18
13
11
10
10
10
10
10
10
10
10
10
10
10
10
10
10
10
847
41
18
13
11
10
10
10
10
10
10
10
10
10
10
10
10
10
10
10
848
41
18
13
11
11
10
10
10
10
10
10
10
10
10
10
10
10
10
10
849
41
18
13
11
11
10
10
10
10
10
10
10
10
10
10
10
10
10
10
850
41
18
13
11
11
10
10
10
10
10
10
10
10
10
10
10
10
10
10
851
41
18
13
11
11
10
10
10
10
10
10
10
10
10
10
10
10
10
10
852
41
18
13
11
11
10
10
10
10
10
10
10
10
10
10
10
10
10
10
853
41
18
13
11
11
10
10
10
10
10
10
10
10
10
10
10
10
10
10
854
41
18
13
11
11
10
10
10
10
10
10
10
10
10
10
10
10
10
10
855
41
18
13
11
11
10
10
10
10
10
10
10
10
10
10
10
10
10
10
856
41
18
13
11
11
10
10
10
10
10
10
10
10
10
10
10
10
10
10
857
41
18
13
11
11
10
10
10
10
10
10
10
10
10
10
10
10
10
10
858
41
18
13
11
11
10
10
10
10
10
10
10
10
10
10
10
10
10
10
859
41
18
13
11
11
10
10
10
10
10
10
10
10
10
10
10
10
10
10
860
41
18
13
11
11
10
10
10
10
10
10
10
10
10
10
10
10
10
10
861
41
18
13
11
11
10
10
10
10
10
10
10
10
10
10
10
10
10
10
862
42
18
13
11
11
10
10
10
10
10
10
10
10
10
10
10
10
10
10
863
42
18
13
11
11
10
10
10
10
10
10
10
10
10
10
10
10
10
10
864
42
18
13
11
11
10
10
10
10
10
10
10
10
10
10
10
10
10
10
865
42
18
13
11
11
10
10
10
10
10
10
10
10
10
10
10
10
10
10
866
42
18
13
11
11
10
10
10
10
10
10
10
10
10
10
10
10
10
10
867
42
18
13
11
11
10
10
10
10
10
10
10
10
10
10
10
10
10
10
868
42
18
13
11
11
10
10
10
10
10
10
10
10
10
10
10
10
10
10
869
42
18
13
11
11
10
10
10
10
10
10
10
10
10
10
10
10
10
10
870
42
18
13
11
11
10
10
10
10
10
10
10
10
10
10
10
10
10
10
871
42
18
13
11
11
10
10
10
10
10
10
10
10
10
10
10
10
10
10
872
42
18
13
11
11
10
10
10
10
10
10
10
10
10
10
10
10
10
10
873
42
18
13
11
11
10
10
10
10
10
10
10
10
10
10
10
10
10
10
874
42
18
13
11
11
10
10
10
10
10
10
10
10
10
10
10
10
10
10
875
42
18
13
11
11
10
10
10
10
10
10
10
10
10
10
10
10
10
10
876
42
18
13
11
11
10
10
10
10
10
10
10
10
10
10
10
10
10
10
877
42
18
13
11
11
10
10
10
10
10
10
10
10
10
10
10
10
10
10
878
42
18
13
11
11
10
10
10
10
10
10
10
10
10
10
10
10
10
10
879
42
18
13
11
11
10
10
10
10
10
10
10
10
10
10
10
10
10
10
880
42
18
13
11
11
10
10
10
10
10
10
10
10
10
10
10
10
10
10
881
42
18
13
11
11
10
10
10
10
10
10
10
10
10
10
10
10
10
10
882
42
18
13
11
11
10
10
10
10
10
10
10
10
10
10
10
10
10
10
883
42
18
13
11
11
10
10
10
10
10
10
10
10
10
10
10
10
10
10
884
42
18
13
11
11
10
10
10
10
10
10
10
10
10
10
10
10
10
10
885
42
18
13
11
11
10
10
10
10
10
10
10
10
10
10
10
10
10
10
886
42
18
13
11
11
10
10
10
10
10
10
10
10
10
10
10
10
10
10
887
42
18
13
11
11
10
10
10
10
10
10
10
10
10
10
10
10
10
10
888
42
18
13
11
11
10
10
10
10
10
10
10
10
10
10
10
10
10
10
889
42
18
13
11
11
10
10
10
10
10
10
10
10
10
10
10
10
10
10
890
42
18
13
11
11
10
10
10
10
10
10
10
10
10
10
10
10
10
10
891
42
18
13
11
11
10
10
10
10
10
10
10
10
10
10
10
10
10
10
892
42
18
13
11
11
10
10
10
10
10
10
10
10
10
10
10
10
10
10
893
42
18
13
11
11
10
10
10
10
10
10
10
10
10
10
10
10
10
10
894
42
18
13
11
11
10
10
10
10
10
10
10
10
10
10
10
10
10
10
895
42
18
13
11
11
10
10
10
10
10
10
10
10
10
10
10
10
10
10
896
42
18
13
11
11
10
10
10
10
10
10
10
10
10
10
10
10
10
10
897
42
18
13
11
11
10
10
10
10
10
10
10
10
10
10
10
10
10
10
898
42
18
13
11
11
10
10
10
10
10
10
10
10
10
10
10
10
10
10
899
42
18
13
11
11
10
10
10
10
10
10
10
10
10
10
10
10
10
10
900
42
18
13
11
11
10
10
10
10
10
10
10
10
10
10
10
10
10
10
901
42
18
13
11
11
10
10
10
10
10
10
10
10
10
10
10
10
10
10
902
42
18
13
11
11
10
10
10
10
10
10
10
10
10
10
10
10
10
10
903
42
18
13
11
11
10
10
10
10
10
10
10
10
10
10
10
10
10
10
904
43
18
13
11
11
10
10
10
10
10
10
10
10
10
10
10
10
10
10
905
43
18
13
11
11
10
10
10
10
10
10
10
10
10
10
10
10
10
10
906
43
18
13
11
11
10
10
10
10
10
10
10
10
10
10
10
10
10
10
907
43
18
13
11
11
10
10
10
10
10
10
10
10
10
10
10
10
10
10
908
43
18
13
11
11
10
10
10
10
10
10
10
10
10
10
10
10
10
10
909
43
18
13
11
11
10
10
10
10
10
10
10
10
10
10
10
10
10
10
910
43
18
13
11
11
10
10
10
10
10
10
10
10
10
10
10
10
10
10
911
43
18
13
11
11
10
10
10
10
10
10
10
10
10
10
10
10
10
10
912
43
18
13
11
11
10
10
10
10
10
10
10
10
10
10
10
10
10
10
913
43
18
13
11
11
10
10
10
10
10
10
10
10
10
10
10
10
10
10
914
43
18
13
11
11
10
10
10
10
10
10
10
10
10
10
10
10
10
10
915
43
18
13
11
11
10
10
10
10
10
10
10
10
10
10
10
10
10
10
916
43
18
13
11
11
10
10
10
10
10
10
10
10
10
10
10
10
10
10
917
43
18
13
11
11
10
10
10
10
10
10
10
10
10
10
10
10
10
10
918
43
18
13
11
11
10
10
10
10
10
10
10
10
10
10
10
10
10
10
919
43
18
13
11
11
10
10
10
10
10
10
10
10
10
10
10
10
10
10
920
43
18
13
11
11
10
10
10
10
10
10
10
10
10
10
10
10
10
10
921
43
18
13
11
11
10
10
10
10
10
10
10
10
10
10
10
10
10
10
922
43
18
13
11
11
10
10
10
10
10
10
10
10
10
10
10
10
10
10
923
43
18
13
11
11
10
10
10
10
10
10
10
10
10
10
10
10
10
10
924
43
18
13
11
11
10
10
10
10
10
10
10
10
10
10
10
10
10
10
925
43
18
13
11
11
10
10
10
10
10
10
10
10
10
10
10
10
10
10
926
43
18
13
11
11
10
10
10
10
10
10
10
10
10
10
10
10
10
10
927
43
18
13
11
11
10
10
10
10
10
10
10
10
10
10
10
10
10
10
928
43
18
13
11
11
10
10
10
10
10
10
10
10
10
10
10
10
10
10
929
43
18
13
11
11
10
10
10
10
10
10
10
10
10
10
10
10
10
10
930
43
18
13
11
11
10
10
10
10
10
10
10
10
10
10
10
10
10
10
931
43
18
13
11
11
10
10
10
10
10
10
10
10
10
10
10
10
10
10
932
43
18
13
11
11
10
10
10
10
10
10
10
10
10
10
10
10
10
10
933
43
18
13
11
11
10
10
10
10
10
10
10
10
10
10
10
10
10
10
934
43
18
13
11
11
10
10
10
10
10
10
10
10
10
10
10
10
10
10
935
43
18
13
11
11
10
10
10
10
10
10
10
10
10
10
10
10
10
10
936
43
18
13
11
11
10
10
10
10
10
10
10
10
10
10
10
10
10
10
937
43
18
13
11
11
10
10
10
10
10
10
10
10
10
10
10
10
10
10
938
43
18
13
11
11
10
10
10
10
10
10
10
10
10
10
10
10
10
10
939
43
18
13
11
11
10
10
10
10
10
10
10
10
10
10
10
10
10
10
940
43
18
13
11
11
10
10
10
10
10
10
10
10
10
10
10
10
10
10
941
43
18
13
11
11
10
10
10
10
10
10
10
10
10
10
10
10
10
10
942
43
18
13
11
11
10
10
10
10
10
10
10
10
10
10
10
10
10
10
943
43
18
13
11
11
10
10
10
10
10
10
10
10
10
10
10
10
10
10
944
43
18
13
11
11
10
10
10
10
10
10
10
10
10
10
10
10
10
10
945
43
18
13
11
11
10
10
10
10
10
10
10
10
10
10
10
10
10
10
946
43
18
13
11
11
10
10
10
10
10
10
10
10
10
10
10
10
10
10
947
44
18
13
11
11
10
10
10
10
10
10
10
10
10
10
10
10
10
10
948
44
18
13
11
11
10
10
10
10
10
10
10
10
10
10
10
10
10
10
949
44
18
13
11
11
10
10
10
10
10
10
10
10
10
10
10
10
10
10
950
44
18
13
11
11
10
10
10
10
10
10
10
10
10
10
10
10
10
10
951
44
18
13
11
11
10
10
10
10
10
10
10
10
10
10
10
10
10
10
952
44
18
13
11
11
10
10
10
10
10
10
10
10
10
10
10
10
10
10
953
44
18
13
11
11
10
10
10
10
10
10
10
10
10
10
10
10
10
10
954
44
18
13
11
11
10
10
10
10
10
10
10
10
10
10
10
10
10
10
955
44
18
13
11
11
10
10
10
10
10
10
10
10
10
10
10
10
10
10
956
44
18
13
11
11
10
10
10
10
10
10
10
10
10
10
10
10
10
10
957
44
18
13
11
11
10
10
10
10
10
10
10
10
10
10
10
10
10
10
958
44
18
13
11
11
10
10
10
10
10
10
10
10
10
10
10
10
10
10
959
44
18
13
11
11
10
10
10
10
10
10
10
10
10
10
10
10
10
10
960
44
18
13
11
11
10
10
10
10
10
10
10
10
10
10
10
10
10
10
961
44
18
13
11
11
10
10
10
10
10
10
10
10
10
10
10
10
10
10
962
44
18
13
11
11
10
10
10
10
10
10
10
10
10
10
10
10
10
10
963
44
18
13
11
11
10
10
10
10
10
10
10
10
10
10
10
10
10
10
964
44
18
13
11
11
10
10
10
10
10
10
10
10
10
10
10
10
10
10
965
44
18
13
11
11
10
10
10
10
10
10
10
10
10
10
10
10
10
10
966
44
18
13
11
11
10
10
10
10
10
10
10
10
10
10
10
10
10
10
967
44
18
13
11
11
10
10
10
10
10
10
10
10
10
10
10
10
10
10
968
44
18
13
11
11
11
10
10
10
10
10
10
10
10
10
10
10
10
10
969
44
18
13
11
11
11
10
10
10
10
10
10
10
10
10
10
10
10
10
970
44
18
13
11
11
11
10
10
10
10
10
10
10
10
10
10
10
10
10
971
44
18
13
11
11
11
10
10
10
10
10
10
10
10
10
10
10
10
10
972
44
18
13
11
11
11
10
10
10
10
10
10
10
10
10
10
10
10
10
973
44
18
13
11
11
11
10
10
10
10
10
10
10
10
10
10
10
10
10
974
44
18
13
11
11
11
10
10
10
10
10
10
10
10
10
10
10
10
10
975
44
18
13
11
11
11
10
10
10
10
10
10
10
10
10
10
10
10
10
976
44
18
13
11
11
11
10
10
10
10
10
10
10
10
10
10
10
10
10
977
44
18
13
11
11
11
10
10
10
10
10
10
10
10
10
10
10
10
10
978
44
18
13
11
11
11
10
10
10
10
10
10
10
10
10
10
10
10
10
979
44
18
13
11
11
11
10
10
10
10
10
10
10
10
10
10
10
10
10
980
44
18
13
11
11
11
10
10
10
10
10
10
10
10
10
10
10
10
10
981
44
18
13
11
11
11
10
10
10
10
10
10
10
10
10
10
10
10
10
982
44
18
13
11
11
11
10
10
10
10
10
10
10
10
10
10
10
10
10
983
44
18
13
11
11
11
10
10
10
10
10
10
10
10
10
10
10
10
10
984
44
18
13
11
11
11
10
10
10
10
10
10
10
10
10
10
10
10
10
985
44
18
13
11
11
11
10
10
10
10
10
10
10
10
10
10
10
10
10
986
44
18
13
11
11
11
10
10
10
10
10
10
10
10
10
10
10
10
10
987
44
18
13
11
11
11
10
10
10
10
10
10
10
10
10
10
10
10
10
988
44
19
13
11
11
11
10
10
10
10
10
10
10
10
10
10
10
10
10
989
44
19
13
11
11
11
10
10
10
10
10
10
10
10
10
10
10
10
10
990
44
19
13
11
11
11
10
10
10
10
10
10
10
10
10
10
10
10
10
991
45
19
13
11
11
11
10
10
10
10
10
10
10
10
10
10
10
10
10
992
45
19
13
11
11
11
10
10
10
10
10
10
10
10
10
10
10
10
10
993
45
19
13
11
11
11
10
10
10
10
10
10
10
10
10
10
10
10
10
994
45
19
13
11
11
11
10
10
10
10
10
10
10
10
10
10
10
10
10
995
45
19
13
11
11
11
10
10
10
10
10
10
10
10
10
10
10
10
10
996
45
19
13
11
11
11
10
10
10
10
10
10
10
10
10
10
10
10
10
997
45
19
13
11
11
11
10
10
10
10
10
10
10
10
10
10
10
10
10
998
45
19
13
11
11
11
10
10
10
10
10
10
10
10
10
10
10
10
10
999
45
19
13
11
11
11
10
10
10
10
10
10
10
10
10
10
10
10
10
1000
45
19
13
11
11
11
10
10
10
10
10
10
10
10
10
10
10
10
10
