4 1
0 0 0 5 5 5 5 0
2 2 3 3
8 1
0 42 0 37 2 37 2 34 6 34 6 39 4 39 4 42 
2 40 4 36  
8 1 
0 42 0 36 2 36 2 31 9 31 9 37 6 37 6 42 
3 39 6 34  
12 1
0 42 5 42 5 38 14 38 14 42 21 42 21 32 10 32 10 36 8 36 8 34 0 34 
17 36 3 37  
12 1
0 42 6 42 6 32 7 32 7 42 11 42 11 27 7 27 7 30 6 30 6 27 0 27 
9 29 3 40  
8 3
0 84 0 74 4 74 4 68 12 68 12 78 8 78 8 84 
4 80 8 72  
8 2
0 42 0 36 2 36 2 31 9 31 9 37 6 37 6 42 
3 39 6 34  
8 3
0 84 0 72 4 72 4 62 18 62 18 74 12 74 12 84 
6 78 12 68
12 1
0 84 10 84 10 76 28 76 28 84 42 84 42 64 20 64 20 72 16 72 16 68 0 68 
34 72 6 74  
12 1
0 84 12 84 12 64 14 64 14 84 22 84 22 54 14 54 14 60 12 60 12 54 0 54 
18 58 6 80
76 1
0 0 0 50 21 50 21 27 116 27 116 50 196 50 196 46 211 46 211 50 306 50 306 27 394 27 394 50 440 50 440 26 510 26 510 50 536 50 536 39 617 39 617 50 670 50 670 42 720 42 720 50 772 50 772 29 797 29 797 50 859 50 859 46 918 46 918 50 1000 50 1000 0 910 0 910 6 870 6 870 0 815 0 815 17 737 17 737 0 713 0 713 7 701 7 701 0 668 0 668 6 665 6 665 0 651 0 651 14 625 14 625 0 562 0 562 7 556 7 556 0 501 0 501 16 402 16 402 0 319 0 319 17 237 17 237 0 156 0 156 8 146 8 146 0 97 0 97 12 21 12 21 0 
10 25 990 25
76 2
0 0 0 50 21 50 21 27 116 27 116 50 196 50 196 46 211 46 211 50 306 50 306 27 394 27 394 50 440 50 440 26 510 26 510 50 536 50 536 39 617 39 617 50 670 50 670 42 720 42 720 50 772 50 772 29 797 29 797 50 859 50 859 46 918 46 918 50 1000 50 1000 0 910 0 910 6 870 6 870 0 815 0 815 17 737 17 737 0 713 0 713 7 701 7 701 0 668 0 668 6 665 6 665 0 651 0 651 14 625 14 625 0 562 0 562 7 556 7 556 0 501 0 501 16 402 16 402 0 319 0 319 17 237 17 237 0 156 0 156 8 146 8 146 0 97 0 97 12 21 12 21 0 
10 25 990 25
76 3
0 0 0 50 21 50 21 27 116 27 116 50 196 50 196 46 211 46 211 50 306 50 306 27 394 27 394 50 440 50 440 26 510 26 510 50 536 50 536 39 617 39 617 50 670 50 670 42 720 42 720 50 772 50 772 29 797 29 797 50 859 50 859 46 918 46 918 50 1000 50 1000 0 910 0 910 6 870 6 870 0 815 0 815 17 737 17 737 0 713 0 713 7 701 7 701 0 668 0 668 6 665 6 665 0 651 0 651 14 625 14 625 0 562 0 562 7 556 7 556 0 501 0 501 16 402 16 402 0 319 0 319 17 237 17 237 0 156 0 156 8 146 8 146 0 97 0 97 12 21 12 21 0 
10 25 990 25
76 4
0 0 0 50 21 50 21 27 116 27 116 50 196 50 196 46 211 46 211 50 306 50 306 27 394 27 394 50 440 50 440 26 510 26 510 50 536 50 536 39 617 39 617 50 670 50 670 42 720 42 720 50 772 50 772 29 797 29 797 50 859 50 859 46 918 46 918 50 1000 50 1000 0 910 0 910 6 870 6 870 0 815 0 815 17 737 17 737 0 713 0 713 7 701 7 701 0 668 0 668 6 665 6 665 0 651 0 651 14 625 14 625 0 562 0 562 7 556 7 556 0 501 0 501 16 402 16 402 0 319 0 319 17 237 17 237 0 156 0 156 8 146 8 146 0 97 0 97 12 21 12 21 0 
10 25 990 25
76 5
0 0 0 50 21 50 21 27 116 27 116 50 196 50 196 46 211 46 211 50 306 50 306 27 394 27 394 50 440 50 440 26 510 26 510 50 536 50 536 39 617 39 617 50 670 50 670 42 720 42 720 50 772 50 772 29 797 29 797 50 859 50 859 46 918 46 918 50 1000 50 1000 0 910 0 910 6 870 6 870 0 815 0 815 17 737 17 737 0 713 0 713 7 701 7 701 0 668 0 668 6 665 6 665 0 651 0 651 14 625 14 625 0 562 0 562 7 556 7 556 0 501 0 501 16 402 16 402 0 319 0 319 17 237 17 237 0 156 0 156 8 146 8 146 0 97 0 97 12 21 12 21 0 
10 25 990 25
324 1
0 0 0 13 21 13 21 9 34 9 34 13 54 13 54 8 71 8 71 13 90 13 90 10 105 10 105 13 122 13 122 11 127 11 127 13 135 13 135 11 139 11 139 13 155 13 155 11 163 11 163 13 173 13 173 9 188 9 188 13 202 13 202 11 220 11 220 13 223 13 223 10 241 10 241 13 249 13 249 9 263 9 263 13 267 13 267 8 282 8 282 13 285 13 285 9 297 9 297 13 317 13 317 11 325 11 325 13 339 13 339 10 346 10 346 13 356 13 356 11 368 11 368 13 377 13 377 8 385 8 385 13 392 13 392 8 400 8 400 13 405 13 405 10 414 10 414 13 426 13 426 8 429 8 429 13 446 13 446 9 452 9 452 13 454 13 454 8 457 8 457 13 464 13 464 9 476 9 476 13 484 13 484 10 493 10 493 13 501 13 501 9 511 9 511 13 527 13 527 11 547 11 547 13 551 13 551 10 554 10 554 13 569 13 569 10 580 10 580 13 595 13 595 11 607 11 607 13 613 13 613 11 618 11 618 13 629 13 629 9 648 9 648 13 660 13 660 9 676 9 676 13 685 13 685 11 696 11 696 13 708 13 708 10 716 10 716 13 725 13 725 9 737 9 737 13 740 13 740 10 754 10 754 13 762 13 762 9 768 9 768 13 780 13 780 10 789 10 789 13 804 13 804 10 818 10 818 13 837 13 837 10 850 10 850 13 869 13 869 8 874 8 874 13 880 13 880 10 887 10 887 13 1000 13 1000 0 882 0 882 2 862 2 862 0 846 0 846 2 841 2 841 0 832 0 832 5 816 5 816 0 810 0 810 5 791 5 791 0 774 0 774 3 769 3 769 0 756 0 756 4 749 4 749 0 741 0 741 4 731 4 731 0 727 0 727 2 719 2 719 0 713 0 713 4 699 4 699 0 683 0 683 5 665 5 665 0 648 0 648 4 636 4 636 0 634 0 634 5 616 5 616 0 609 0 609 5 591 5 591 0 586 0 586 4 575 4 575 0 558 0 558 3 539 3 539 0 520 0 520 5 501 5 501 0 481 0 481 4 475 4 475 0 466 0 466 2 464 2 464 0 461 0 461 3 446 3 446 0 444 0 444 2 426 2 426 0 413 0 413 4 402 4 402 0 397 0 397 3 385 3 385 0 369 0 369 4 358 4 358 0 356 0 356 4 344 4 344 0 334 0 334 2 322 2 322 0 303 0 303 2 297 2 297 0 280 0 280 4 273 4 273 0 267 0 267 2 255 2 255 0 244 0 244 5 225 5 225 0 219 0 219 2 206 2 206 0 195 0 195 3 182 3 182 0 171 0 171 4 165 4 165 0 145 0 145 2 125 2 125 0 117 0 117 4 99 4 99 0 92 0 92 5 83 5 83 0 80 0 80 5 75 5 75 0 69 0 69 4 54 4 54 0 41 0 41 2 34 2 34 0 26 0 26 4 21 4 21 0 
10 6 990 6
324 2
0 0 0 13 21 13 21 9 34 9 34 13 54 13 54 8 71 8 71 13 90 13 90 10 105 10 105 13 122 13 122 11 127 11 127 13 135 13 135 11 139 11 139 13 155 13 155 11 163 11 163 13 173 13 173 9 188 9 188 13 202 13 202 11 220 11 220 13 223 13 223 10 241 10 241 13 249 13 249 9 263 9 263 13 267 13 267 8 282 8 282 13 285 13 285 9 297 9 297 13 317 13 317 11 325 11 325 13 339 13 339 10 346 10 346 13 356 13 356 11 368 11 368 13 377 13 377 8 385 8 385 13 392 13 392 8 400 8 400 13 405 13 405 10 414 10 414 13 426 13 426 8 429 8 429 13 446 13 446 9 452 9 452 13 454 13 454 8 457 8 457 13 464 13 464 9 476 9 476 13 484 13 484 10 493 10 493 13 501 13 501 9 511 9 511 13 527 13 527 11 547 11 547 13 551 13 551 10 554 10 554 13 569 13 569 10 580 10 580 13 595 13 595 11 607 11 607 13 613 13 613 11 618 11 618 13 629 13 629 9 648 9 648 13 660 13 660 9 676 9 676 13 685 13 685 11 696 11 696 13 708 13 708 10 716 10 716 13 725 13 725 9 737 9 737 13 740 13 740 10 754 10 754 13 762 13 762 9 768 9 768 13 780 13 780 10 789 10 789 13 804 13 804 10 818 10 818 13 837 13 837 10 850 10 850 13 869 13 869 8 874 8 874 13 880 13 880 10 887 10 887 13 1000 13 1000 0 882 0 882 2 862 2 862 0 846 0 846 2 841 2 841 0 832 0 832 5 816 5 816 0 810 0 810 5 791 5 791 0 774 0 774 3 769 3 769 0 756 0 756 4 749 4 749 0 741 0 741 4 731 4 731 0 727 0 727 2 719 2 719 0 713 0 713 4 699 4 699 0 683 0 683 5 665 5 665 0 648 0 648 4 636 4 636 0 634 0 634 5 616 5 616 0 609 0 609 5 591 5 591 0 586 0 586 4 575 4 575 0 558 0 558 3 539 3 539 0 520 0 520 5 501 5 501 0 481 0 481 4 475 4 475 0 466 0 466 2 464 2 464 0 461 0 461 3 446 3 446 0 444 0 444 2 426 2 426 0 413 0 413 4 402 4 402 0 397 0 397 3 385 3 385 0 369 0 369 4 358 4 358 0 356 0 356 4 344 4 344 0 334 0 334 2 322 2 322 0 303 0 303 2 297 2 297 0 280 0 280 4 273 4 273 0 267 0 267 2 255 2 255 0 244 0 244 5 225 5 225 0 219 0 219 2 206 2 206 0 195 0 195 3 182 3 182 0 171 0 171 4 165 4 165 0 145 0 145 2 125 2 125 0 117 0 117 4 99 4 99 0 92 0 92 5 83 5 83 0 80 0 80 5 75 5 75 0 69 0 69 4 54 4 54 0 41 0 41 2 34 2 34 0 26 0 26 4 21 4 21 0 
10 6 990 6
324 3
0 0 0 13 21 13 21 9 34 9 34 13 54 13 54 8 71 8 71 13 90 13 90 10 105 10 105 13 122 13 122 11 127 11 127 13 135 13 135 11 139 11 139 13 155 13 155 11 163 11 163 13 173 13 173 9 188 9 188 13 202 13 202 11 220 11 220 13 223 13 223 10 241 10 241 13 249 13 249 9 263 9 263 13 267 13 267 8 282 8 282 13 285 13 285 9 297 9 297 13 317 13 317 11 325 11 325 13 339 13 339 10 346 10 346 13 356 13 356 11 368 11 368 13 377 13 377 8 385 8 385 13 392 13 392 8 400 8 400 13 405 13 405 10 414 10 414 13 426 13 426 8 429 8 429 13 446 13 446 9 452 9 452 13 454 13 454 8 457 8 457 13 464 13 464 9 476 9 476 13 484 13 484 10 493 10 493 13 501 13 501 9 511 9 511 13 527 13 527 11 547 11 547 13 551 13 551 10 554 10 554 13 569 13 569 10 580 10 580 13 595 13 595 11 607 11 607 13 613 13 613 11 618 11 618 13 629 13 629 9 648 9 648 13 660 13 660 9 676 9 676 13 685 13 685 11 696 11 696 13 708 13 708 10 716 10 716 13 725 13 725 9 737 9 737 13 740 13 740 10 754 10 754 13 762 13 762 9 768 9 768 13 780 13 780 10 789 10 789 13 804 13 804 10 818 10 818 13 837 13 837 10 850 10 850 13 869 13 869 8 874 8 874 13 880 13 880 10 887 10 887 13 1000 13 1000 0 882 0 882 2 862 2 862 0 846 0 846 2 841 2 841 0 832 0 832 5 816 5 816 0 810 0 810 5 791 5 791 0 774 0 774 3 769 3 769 0 756 0 756 4 749 4 749 0 741 0 741 4 731 4 731 0 727 0 727 2 719 2 719 0 713 0 713 4 699 4 699 0 683 0 683 5 665 5 665 0 648 0 648 4 636 4 636 0 634 0 634 5 616 5 616 0 609 0 609 5 591 5 591 0 586 0 586 4 575 4 575 0 558 0 558 3 539 3 539 0 520 0 520 5 501 5 501 0 481 0 481 4 475 4 475 0 466 0 466 2 464 2 464 0 461 0 461 3 446 3 446 0 444 0 444 2 426 2 426 0 413 0 413 4 402 4 402 0 397 0 397 3 385 3 385 0 369 0 369 4 358 4 358 0 356 0 356 4 344 4 344 0 334 0 334 2 322 2 322 0 303 0 303 2 297 2 297 0 280 0 280 4 273 4 273 0 267 0 267 2 255 2 255 0 244 0 244 5 225 5 225 0 219 0 219 2 206 2 206 0 195 0 195 3 182 3 182 0 171 0 171 4 165 4 165 0 145 0 145 2 125 2 125 0 117 0 117 4 99 4 99 0 92 0 92 5 83 5 83 0 80 0 80 5 75 5 75 0 69 0 69 4 54 4 54 0 41 0 41 2 34 2 34 0 26 0 26 4 21 4 21 0 
10 6 990 6
324 4
0 0 0 13 21 13 21 9 34 9 34 13 54 13 54 8 71 8 71 13 90 13 90 10 105 10 105 13 122 13 122 11 127 11 127 13 135 13 135 11 139 11 139 13 155 13 155 11 163 11 163 13 173 13 173 9 188 9 188 13 202 13 202 11 220 11 220 13 223 13 223 10 241 10 241 13 249 13 249 9 263 9 263 13 267 13 267 8 282 8 282 13 285 13 285 9 297 9 297 13 317 13 317 11 325 11 325 13 339 13 339 10 346 10 346 13 356 13 356 11 368 11 368 13 377 13 377 8 385 8 385 13 392 13 392 8 400 8 400 13 405 13 405 10 414 10 414 13 426 13 426 8 429 8 429 13 446 13 446 9 452 9 452 13 454 13 454 8 457 8 457 13 464 13 464 9 476 9 476 13 484 13 484 10 493 10 493 13 501 13 501 9 511 9 511 13 527 13 527 11 547 11 547 13 551 13 551 10 554 10 554 13 569 13 569 10 580 10 580 13 595 13 595 11 607 11 607 13 613 13 613 11 618 11 618 13 629 13 629 9 648 9 648 13 660 13 660 9 676 9 676 13 685 13 685 11 696 11 696 13 708 13 708 10 716 10 716 13 725 13 725 9 737 9 737 13 740 13 740 10 754 10 754 13 762 13 762 9 768 9 768 13 780 13 780 10 789 10 789 13 804 13 804 10 818 10 818 13 837 13 837 10 850 10 850 13 869 13 869 8 874 8 874 13 880 13 880 10 887 10 887 13 1000 13 1000 0 882 0 882 2 862 2 862 0 846 0 846 2 841 2 841 0 832 0 832 5 816 5 816 0 810 0 810 5 791 5 791 0 774 0 774 3 769 3 769 0 756 0 756 4 749 4 749 0 741 0 741 4 731 4 731 0 727 0 727 2 719 2 719 0 713 0 713 4 699 4 699 0 683 0 683 5 665 5 665 0 648 0 648 4 636 4 636 0 634 0 634 5 616 5 616 0 609 0 609 5 591 5 591 0 586 0 586 4 575 4 575 0 558 0 558 3 539 3 539 0 520 0 520 5 501 5 501 0 481 0 481 4 475 4 475 0 466 0 466 2 464 2 464 0 461 0 461 3 446 3 446 0 444 0 444 2 426 2 426 0 413 0 413 4 402 4 402 0 397 0 397 3 385 3 385 0 369 0 369 4 358 4 358 0 356 0 356 4 344 4 344 0 334 0 334 2 322 2 322 0 303 0 303 2 297 2 297 0 280 0 280 4 273 4 273 0 267 0 267 2 255 2 255 0 244 0 244 5 225 5 225 0 219 0 219 2 206 2 206 0 195 0 195 3 182 3 182 0 171 0 171 4 165 4 165 0 145 0 145 2 125 2 125 0 117 0 117 4 99 4 99 0 92 0 92 5 83 5 83 0 80 0 80 5 75 5 75 0 69 0 69 4 54 4 54 0 41 0 41 2 34 2 34 0 26 0 26 4 21 4 21 0 
10 6 990 6
324 5
0 0 0 13 21 13 21 9 34 9 34 13 54 13 54 8 71 8 71 13 90 13 90 10 105 10 105 13 122 13 122 11 127 11 127 13 135 13 135 11 139 11 139 13 155 13 155 11 163 11 163 13 173 13 173 9 188 9 188 13 202 13 202 11 220 11 220 13 223 13 223 10 241 10 241 13 249 13 249 9 263 9 263 13 267 13 267 8 282 8 282 13 285 13 285 9 297 9 297 13 317 13 317 11 325 11 325 13 339 13 339 10 346 10 346 13 356 13 356 11 368 11 368 13 377 13 377 8 385 8 385 13 392 13 392 8 400 8 400 13 405 13 405 10 414 10 414 13 426 13 426 8 429 8 429 13 446 13 446 9 452 9 452 13 454 13 454 8 457 8 457 13 464 13 464 9 476 9 476 13 484 13 484 10 493 10 493 13 501 13 501 9 511 9 511 13 527 13 527 11 547 11 547 13 551 13 551 10 554 10 554 13 569 13 569 10 580 10 580 13 595 13 595 11 607 11 607 13 613 13 613 11 618 11 618 13 629 13 629 9 648 9 648 13 660 13 660 9 676 9 676 13 685 13 685 11 696 11 696 13 708 13 708 10 716 10 716 13 725 13 725 9 737 9 737 13 740 13 740 10 754 10 754 13 762 13 762 9 768 9 768 13 780 13 780 10 789 10 789 13 804 13 804 10 818 10 818 13 837 13 837 10 850 10 850 13 869 13 869 8 874 8 874 13 880 13 880 10 887 10 887 13 1000 13 1000 0 882 0 882 2 862 2 862 0 846 0 846 2 841 2 841 0 832 0 832 5 816 5 816 0 810 0 810 5 791 5 791 0 774 0 774 3 769 3 769 0 756 0 756 4 749 4 749 0 741 0 741 4 731 4 731 0 727 0 727 2 719 2 719 0 713 0 713 4 699 4 699 0 683 0 683 5 665 5 665 0 648 0 648 4 636 4 636 0 634 0 634 5 616 5 616 0 609 0 609 5 591 5 591 0 586 0 586 4 575 4 575 0 558 0 558 3 539 3 539 0 520 0 520 5 501 5 501 0 481 0 481 4 475 4 475 0 466 0 466 2 464 2 464 0 461 0 461 3 446 3 446 0 444 0 444 2 426 2 426 0 413 0 413 4 402 4 402 0 397 0 397 3 385 3 385 0 369 0 369 4 358 4 358 0 356 0 356 4 344 4 344 0 334 0 334 2 322 2 322 0 303 0 303 2 297 2 297 0 280 0 280 4 273 4 273 0 267 0 267 2 255 2 255 0 244 0 244 5 225 5 225 0 219 0 219 2 206 2 206 0 195 0 195 3 182 3 182 0 171 0 171 4 165 4 165 0 145 0 145 2 125 2 125 0 117 0 117 4 99 4 99 0 92 0 92 5 83 5 83 0 80 0 80 5 75 5 75 0 69 0 69 4 54 4 54 0 41 0 41 2 34 2 34 0 26 0 26 4 21 4 21 0 
10 6 990 6
576 6
0 0 0 250 31 250 31 143 38 143 38 250 47 250 47 166 55 166 55 250 59 250 59 223 65 223 65 250 69 250 69 219 71 219 71 250 76 250 76 213 84 213 84 250 87 250 87 188 96 188 96 250 105 250 105 199 107 199 107 250 112 250 112 156 121 156 121 250 131 250 131 231 141 231 141 250 144 250 144 238 146 238 146 250 154 250 154 163 162 163 162 250 172 250 172 145 178 145 178 250 186 250 186 146 188 146 188 250 198 250 198 133 207 133 207 250 210 250 210 232 218 232 218 250 228 250 228 233 238 233 238 250 240 250 240 158 245 158 245 250 253 250 253 205 262 205 262 250 265 250 265 128 275 128 275 250 277 250 277 208 283 208 283 250 290 250 290 141 294 141 294 250 300 250 300 229 302 229 302 250 305 250 305 227 308 227 308 250 317 250 317 229 323 229 323 250 331 250 331 243 339 243 339 250 347 250 347 140 352 140 352 250 360 250 360 243 367 243 367 250 375 250 375 180 385 180 385 250 394 250 394 172 396 172 396 250 398 250 398 150 407 150 407 250 415 250 415 171 425 171 425 250 435 250 435 135 441 135 441 250 448 250 448 206 456 206 456 250 466 250 466 221 469 221 469 250 472 250 472 138 474 138 474 250 477 250 477 228 480 228 480 250 487 250 487 184 489 184 489 250 496 250 496 232 498 232 498 250 500 250 500 194 507 194 507 250 513 250 513 145 517 145 517 250 521 250 521 191 528 191 528 250 537 250 537 155 544 155 544 250 548 250 548 227 551 227 551 250 553 250 553 182 563 182 563 250 571 250 571 243 576 243 576 250 585 250 585 235 589 235 589 250 594 250 594 135 599 135 599 250 605 250 605 145 615 145 615 250 624 250 624 132 631 132 631 250 639 250 639 165 641 165 641 250 651 250 651 227 660 227 660 250 662 250 662 154 668 154 668 250 673 250 673 168 681 168 681 250 687 250 687 159 697 159 697 250 699 250 699 177 703 177 703 250 711 250 711 205 720 205 720 250 730 250 730 171 734 171 734 250 740 250 740 210 742 210 742 250 746 250 746 188 751 188 751 250 758 250 758 196 766 196 766 250 774 250 774 229 781 229 781 250 784 250 784 240 788 240 788 250 797 250 797 206 802 206 802 250 804 250 804 244 814 244 814 250 822 250 822 131 828 131 828 250 838 250 838 195 847 195 847 250 854 250 854 191 860 191 860 250 867 250 867 246 872 246 872 250 880 250 880 181 882 181 882 250 884 250 884 202 887 202 887 250 897 250 897 166 905 166 905 250 1000 250 1000 0 899 0 899 70 895 70 895 0 887 0 887 3 882 3 882 0 878 0 878 11 870 11 870 0 866 0 866 104 861 104 861 0 852 0 852 103 849 103 849 0 846 0 846 78 840 78 840 0 836 0 836 117 827 117 827 0 823 0 823 95 821 95 821 0 814 0 814 78 807 78 807 0 800 0 800 60 791 60 791 0 783 0 783 13 773 13 773 0 766 0 766 60 760 60 760 0 758 0 758 10 755 10 755 0 750 0 750 113 745 113 745 0 735 0 735 104 731 104 731 0 728 0 728 85 726 85 726 0 719 0 719 38 713 38 713 0 706 0 706 7 698 7 698 0 696 0 696 33 691 33 691 0 684 0 684 114 677 114 677 0 670 0 670 59 661 59 661 0 657 0 657 79 655 79 655 0 652 0 652 81 650 81 650 0 641 0 641 56 636 56 636 0 629 0 629 9 622 9 622 0 613 0 613 15 610 15 610 0 601 0 601 102 593 102 593 0 584 0 584 11 575 11 575 0 569 0 569 15 560 15 560 0 557 0 557 91 552 91 552 0 546 0 546 47 536 47 536 0 534 0 534 41 528 41 528 0 522 0 522 102 520 102 520 0 516 0 516 66 507 66 507 0 500 0 500 123 490 123 490 0 482 0 482 57 479 57 479 0 476 0 476 12 468 12 468 0 463 0 463 36 458 36 458 0 451 0 451 103 444 103 444 0 434 0 434 106 425 106 425 0 420 0 420 30 410 30 410 0 400 0 400 24 391 24 391 0 388 0 388 120 378 120 378 0 372 0 372 27 369 27 369 0 366 0 366 118 358 118 358 0 356 0 356 30 349 30 349 0 340 0 340 83 337 83 337 0 334 0 334 58 328 58 328 0 318 0 318 122 309 122 309 0 301 0 301 75 294 75 294 0 291 0 291 9 286 9 286 0 283 0 283 112 280 112 280 0 278 0 278 3 271 3 271 0 261 0 261 78 259 78 259 0 249 0 249 28 241 28 241 0 235 0 235 49 232 49 232 0 227 0 227 11 217 11 217 0 207 0 207 82 198 82 198 0 196 0 196 41 192 41 192 0 188 0 188 55 180 55 180 0 178 0 178 92 173 92 173 0 165 0 165 95 155 95 155 0 145 0 145 124 136 124 136 0 133 0 133 119 128 119 128 0 118 0 118 8 112 8 112 0 110 0 110 12 106 12 106 0 96 0 96 31 93 31 93 0 85 0 85 50 78 50 78 0 74 0 74 5 64 5 64 0 58 0 58 115 54 115 54 0 50 0 50 55 44 55 44 0 40 0 40 40 31 40 31 0 
15 125 985 125
576 7
0 0 0 250 31 250 31 143 38 143 38 250 47 250 47 166 55 166 55 250 59 250 59 223 65 223 65 250 69 250 69 219 71 219 71 250 76 250 76 213 84 213 84 250 87 250 87 188 96 188 96 250 105 250 105 199 107 199 107 250 112 250 112 156 121 156 121 250 131 250 131 231 141 231 141 250 144 250 144 238 146 238 146 250 154 250 154 163 162 163 162 250 172 250 172 145 178 145 178 250 186 250 186 146 188 146 188 250 198 250 198 133 207 133 207 250 210 250 210 232 218 232 218 250 228 250 228 233 238 233 238 250 240 250 240 158 245 158 245 250 253 250 253 205 262 205 262 250 265 250 265 128 275 128 275 250 277 250 277 208 283 208 283 250 290 250 290 141 294 141 294 250 300 250 300 229 302 229 302 250 305 250 305 227 308 227 308 250 317 250 317 229 323 229 323 250 331 250 331 243 339 243 339 250 347 250 347 140 352 140 352 250 360 250 360 243 367 243 367 250 375 250 375 180 385 180 385 250 394 250 394 172 396 172 396 250 398 250 398 150 407 150 407 250 415 250 415 171 425 171 425 250 435 250 435 135 441 135 441 250 448 250 448 206 456 206 456 250 466 250 466 221 469 221 469 250 472 250 472 138 474 138 474 250 477 250 477 228 480 228 480 250 487 250 487 184 489 184 489 250 496 250 496 232 498 232 498 250 500 250 500 194 507 194 507 250 513 250 513 145 517 145 517 250 521 250 521 191 528 191 528 250 537 250 537 155 544 155 544 250 548 250 548 227 551 227 551 250 553 250 553 182 563 182 563 250 571 250 571 243 576 243 576 250 585 250 585 235 589 235 589 250 594 250 594 135 599 135 599 250 605 250 605 145 615 145 615 250 624 250 624 132 631 132 631 250 639 250 639 165 641 165 641 250 651 250 651 227 660 227 660 250 662 250 662 154 668 154 668 250 673 250 673 168 681 168 681 250 687 250 687 159 697 159 697 250 699 250 699 177 703 177 703 250 711 250 711 205 720 205 720 250 730 250 730 171 734 171 734 250 740 250 740 210 742 210 742 250 746 250 746 188 751 188 751 250 758 250 758 196 766 196 766 250 774 250 774 229 781 229 781 250 784 250 784 240 788 240 788 250 797 250 797 206 802 206 802 250 804 250 804 244 814 244 814 250 822 250 822 131 828 131 828 250 838 250 838 195 847 195 847 250 854 250 854 191 860 191 860 250 867 250 867 246 872 246 872 250 880 250 880 181 882 181 882 250 884 250 884 202 887 202 887 250 897 250 897 166 905 166 905 250 1000 250 1000 0 899 0 899 70 895 70 895 0 887 0 887 3 882 3 882 0 878 0 878 11 870 11 870 0 866 0 866 104 861 104 861 0 852 0 852 103 849 103 849 0 846 0 846 78 840 78 840 0 836 0 836 117 827 117 827 0 823 0 823 95 821 95 821 0 814 0 814 78 807 78 807 0 800 0 800 60 791 60 791 0 783 0 783 13 773 13 773 0 766 0 766 60 760 60 760 0 758 0 758 10 755 10 755 0 750 0 750 113 745 113 745 0 735 0 735 104 731 104 731 0 728 0 728 85 726 85 726 0 719 0 719 38 713 38 713 0 706 0 706 7 698 7 698 0 696 0 696 33 691 33 691 0 684 0 684 114 677 114 677 0 670 0 670 59 661 59 661 0 657 0 657 79 655 79 655 0 652 0 652 81 650 81 650 0 641 0 641 56 636 56 636 0 629 0 629 9 622 9 622 0 613 0 613 15 610 15 610 0 601 0 601 102 593 102 593 0 584 0 584 11 575 11 575 0 569 0 569 15 560 15 560 0 557 0 557 91 552 91 552 0 546 0 546 47 536 47 536 0 534 0 534 41 528 41 528 0 522 0 522 102 520 102 520 0 516 0 516 66 507 66 507 0 500 0 500 123 490 123 490 0 482 0 482 57 479 57 479 0 476 0 476 12 468 12 468 0 463 0 463 36 458 36 458 0 451 0 451 103 444 103 444 0 434 0 434 106 425 106 425 0 420 0 420 30 410 30 410 0 400 0 400 24 391 24 391 0 388 0 388 120 378 120 378 0 372 0 372 27 369 27 369 0 366 0 366 118 358 118 358 0 356 0 356 30 349 30 349 0 340 0 340 83 337 83 337 0 334 0 334 58 328 58 328 0 318 0 318 122 309 122 309 0 301 0 301 75 294 75 294 0 291 0 291 9 286 9 286 0 283 0 283 112 280 112 280 0 278 0 278 3 271 3 271 0 261 0 261 78 259 78 259 0 249 0 249 28 241 28 241 0 235 0 235 49 232 49 232 0 227 0 227 11 217 11 217 0 207 0 207 82 198 82 198 0 196 0 196 41 192 41 192 0 188 0 188 55 180 55 180 0 178 0 178 92 173 92 173 0 165 0 165 95 155 95 155 0 145 0 145 124 136 124 136 0 133 0 133 119 128 119 128 0 118 0 118 8 112 8 112 0 110 0 110 12 106 12 106 0 96 0 96 31 93 31 93 0 85 0 85 50 78 50 78 0 74 0 74 5 64 5 64 0 58 0 58 115 54 115 54 0 50 0 50 55 44 55 44 0 40 0 40 40 31 40 31 0 
15 125 985 125
120 30
0 0 0 900 211 900 211 459 215 459 215 900 217 900 217 573 242 573 242 900 275 900 275 862 280 862 280 900 319 900 319 850 324 850 324 900 363 900 363 838 367 838 367 900 397 900 397 587 419 587 419 900 449 900 449 463 468 463 468 900 502 900 502 611 548 611 548 900 594 900 594 771 622 771 622 900 636 900 636 777 677 777 677 900 691 900 691 838 736 838 736 900 738 900 738 749 759 749 759 900 787 900 787 765 794 765 794 900 841 900 841 629 870 629 870 900 900 900 900 485 922 485 922 900 1000 900 1000 0 893 0 893 12 843 12 843 0 820 0 820 131 818 131 818 0 800 0 800 318 791 318 791 0 779 0 779 117 734 117 734 0 718 0 718 243 671 243 671 0 637 0 637 286 616 286 616 0 598 0 598 37 566 37 566 0 532 0 532 68 505 68 505 0 464 0 464 41 420 41 420 0 412 0 412 293 408 293 408 0 388 0 388 38 384 38 384 0 334 0 334 166 319 166 319 0 270 0 270 137 254 137 254 0 237 0 237 374 211 374 211 0 
105 450 895 450
0 0