7
-5
-8
3
9999999999999999999999999999999999999999999999999999999999999999999999999999999999999999999999999
0
-9999999999999999999999999999999999999999999999999999999999999999999999999999999999999999999999999
-9999999999999999999999999999999999999999999999999999999999999999999999999999999999999999999999999
-9999999999999999999999999999999999999999999999999999999999999999999999999999999999999999999999999
-9999999999999999999999999999999999999999999999999999999999999999999999999999999999999999999999999
-9999999999999999999999999999999999999999999999999999999999999999999999999999999999999999999999999
-9999999999999999999999999999999999999999999999999999999999999999999999999999999999999999999999999
-9999999999999999999999999999999999999999999999999999999999999999999999999999999999999999999999999
-9999999999999999999999999999999999999999999999999999999999999999999999999999999999999999999999999
-9999999999999999999999999999999999999999999999999999999999999999999999999999999999999999999999999
-9999999999999999999999999999999999999999999999999999999999999999999999999999999999999999999999999
7
-5
-8
3
9999999999999999999999999999999999999999999999999999999999999999999999999999999999999999999999999
0
-9999999999999999999999999999999999999999999999999999999999999999999999999999999999999999999999999
-9999999999999999999999999999999999999999999999999999999999999999999999999999999999999999999999999
-9999999999999999999999999999999999999999999999999999999999999999999999999999999999999999999999999
-9999999999999999999999999999999999999999999999999999999999999999999999999999999999999999999999999
-9999999999999999999999999999999999999999999999999999999999999999999999999999999999999999999999999
-9999999999999999999999999999999999999999999999999999999999999999999999999999999999999999999999999
-9999999999999999999999999999999999999999999999999999999999999999999999999999999999999999999999999
-9999999999999999999999999999999999999999999999999999999999999999999999999999999999999999999999999
-9999999999999999999999999999999999999999999999999999999999999999999999999999999999999999999999999
-9999999999999999999999999999999999999999999999999999999999999999999999999999999999999999999999999
7
-5
-8
3
9999999999999999999999999999999999999999999999999999999999999999999999999999999999999999999999999
0
-9999999999999999999999999999999999999999999999999999999999999999999999999999999999999999999999999
-9999999999999999999999999999999999999999999999999999999999999999999999999999999999999999999999999
-9999999999999999999999999999999999999999999999999999999999999999999999999999999999999999999999999
-9999999999999999999999999999999999999999999999999999999999999999999999999999999999999999999999999
-9999999999999999999999999999999999999999999999999999999999999999999999999999999999999999999999999
-9999999999999999999999999999999999999999999999999999999999999999999999999999999999999999999999999
-9999999999999999999999999999999999999999999999999999999999999999999999999999999999999999999999999
-9999999999999999999999999999999999999999999999999999999999999999999999999999999999999999999999999
-9999999999999999999999999999999999999999999999999999999999999999999999999999999999999999999999999
-9999999999999999999999999999999999999999999999999999999999999999999999999999999999999999999999999
7
-5
-8
3
9999999999999999999999999999999999999999999999999999999999999999999999999999999999999999999999999
0
-9999999999999999999999999999999999999999999999999999999999999999999999999999999999999999999999999
-9999999999999999999999999999999999999999999999999999999999999999999999999999999999999999999999999
-9999999999999999999999999999999999999999999999999999999999999999999999999999999999999999999999999
-9999999999999999999999999999999999999999999999999999999999999999999999999999999999999999999999999
-9999999999999999999999999999999999999999999999999999999999999999999999999999999999999999999999999
-9999999999999999999999999999999999999999999999999999999999999999999999999999999999999999999999999
-9999999999999999999999999999999999999999999999999999999999999999999999999999999999999999999999999
-9999999999999999999999999999999999999999999999999999999999999999999999999999999999999999999999999
-9999999999999999999999999999999999999999999999999999999999999999999999999999999999999999999999999
-9999999999999999999999999999999999999999999999999999999999999999999999999999999999999999999999999
7
-5
-8
3
9999999999999999999999999999999999999999999999999999999999999999999999999999999999999999999999999
0
-9999999999999999999999999999999999999999999999999999999999999999999999999999999999999999999999999
-9999999999999999999999999999999999999999999999999999999999999999999999999999999999999999999999999
-9999999999999999999999999999999999999999999999999999999999999999999999999999999999999999999999999
-9999999999999999999999999999999999999999999999999999999999999999999999999999999999999999999999999
-9999999999999999999999999999999999999999999999999999999999999999999999999999999999999999999999999
-9999999999999999999999999999999999999999999999999999999999999999999999999999999999999999999999999
-9999999999999999999999999999999999999999999999999999999999999999999999999999999999999999999999999
-9999999999999999999999999999999999999999999999999999999999999999999999999999999999999999999999999
-9999999999999999999999999999999999999999999999999999999999999999999999999999999999999999999999999
-9999999999999999999999999999999999999999999999999999999999999999999999999999999999999999999999999
7
-5
-8
3
9999999999999999999999999999999999999999999999999999999999999999999999999999999999999999999999999
0
-9999999999999999999999999999999999999999999999999999999999999999999999999999999999999999999999999
-9999999999999999999999999999999999999999999999999999999999999999999999999999999999999999999999999
-9999999999999999999999999999999999999999999999999999999999999999999999999999999999999999999999999
-9999999999999999999999999999999999999999999999999999999999999999999999999999999999999999999999999
-9999999999999999999999999999999999999999999999999999999999999999999999999999999999999999999999999
-9999999999999999999999999999999999999999999999999999999999999999999999999999999999999999999999999
-9999999999999999999999999999999999999999999999999999999999999999999999999999999999999999999999999
-9999999999999999999999999999999999999999999999999999999999999999999999999999999999999999999999999
-9999999999999999999999999999999999999999999999999999999999999999999999999999999999999999999999999
-9999999999999999999999999999999999999999999999999999999999999999999999999999999999999999999999999
7
-5
-8
3
9999999999999999999999999999999999999999999999999999999999999999999999999999999999999999999999999
0
-9999999999999999999999999999999999999999999999999999999999999999999999999999999999999999999999999
-9999999999999999999999999999999999999999999999999999999999999999999999999999999999999999999999999
-9999999999999999999999999999999999999999999999999999999999999999999999999999999999999999999999999
-9999999999999999999999999999999999999999999999999999999999999999999999999999999999999999999999999
-9999999999999999999999999999999999999999999999999999999999999999999999999999999999999999999999999
-9999999999999999999999999999999999999999999999999999999999999999999999999999999999999999999999999
-9999999999999999999999999999999999999999999999999999999999999999999999999999999999999999999999999
-9999999999999999999999999999999999999999999999999999999999999999999999999999999999999999999999999
-9999999999999999999999999999999999999999999999999999999999999999999999999999999999999999999999999
-9999999999999999999999999999999999999999999999999999999999999999999999999999999999999999999999999
7
-5
-8
3
9999999999999999999999999999999999999999999999999999999999999999999999999999999999999999999999999
0
-9999999999999999999999999999999999999999999999999999999999999999999999999999999999999999999999999
-9999999999999999999999999999999999999999999999999999999999999999999999999999999999999999999999999
-9999999999999999999999999999999999999999999999999999999999999999999999999999999999999999999999999
-9999999999999999999999999999999999999999999999999999999999999999999999999999999999999999999999999
-9999999999999999999999999999999999999999999999999999999999999999999999999999999999999999999999999
-9999999999999999999999999999999999999999999999999999999999999999999999999999999999999999999999999
-9999999999999999999999999999999999999999999999999999999999999999999999999999999999999999999999999
-9999999999999999999999999999999999999999999999999999999999999999999999999999999999999999999999999
-9999999999999999999999999999999999999999999999999999999999999999999999999999999999999999999999999
-9999999999999999999999999999999999999999999999999999999999999999999999999999999999999999999999999
7
-5
-8
3
9999999999999999999999999999999999999999999999999999999999999999999999999999999999999999999999999
0
-9999999999999999999999999999999999999999999999999999999999999999999999999999999999999999999999999
-9999999999999999999999999999999999999999999999999999999999999999999999999999999999999999999999999
-9999999999999999999999999999999999999999999999999999999999999999999999999999999999999999999999999
-9999999999999999999999999999999999999999999999999999999999999999999999999999999999999999999999999
-9999999999999999999999999999999999999999999999999999999999999999999999999999999999999999999999999
-9999999999999999999999999999999999999999999999999999999999999999999999999999999999999999999999999
-9999999999999999999999999999999999999999999999999999999999999999999999999999999999999999999999999
-9999999999999999999999999999999999999999999999999999999999999999999999999999999999999999999999999
-9999999999999999999999999999999999999999999999999999999999999999999999999999999999999999999999999
-9999999999999999999999999999999999999999999999999999999999999999999999999999999999999999999999999
7
-5
-8
3
9999999999999999999999999999999999999999999999999999999999999999999999999999999999999999999999999
0
-9999999999999999999999999999999999999999999999999999999999999999999999999999999999999999999999999
-9999999999999999999999999999999999999999999999999999999999999999999999999999999999999999999999999
-9999999999999999999999999999999999999999999999999999999999999999999999999999999999999999999999999
-9999999999999999999999999999999999999999999999999999999999999999999999999999999999999999999999999
-9999999999999999999999999999999999999999999999999999999999999999999999999999999999999999999999999
-9999999999999999999999999999999999999999999999999999999999999999999999999999999999999999999999999
-9999999999999999999999999999999999999999999999999999999999999999999999999999999999999999999999999
-9999999999999999999999999999999999999999999999999999999999999999999999999999999999999999999999999
-9999999999999999999999999999999999999999999999999999999999999999999999999999999999999999999999999
-9999999999999999999999999999999999999999999999999999999999999999999999999999999999999999999999999
7
-5
-8
3
9999999999999999999999999999999999999999999999999999999999999999999999999999999999999999999999999
0
-9999999999999999999999999999999999999999999999999999999999999999999999999999999999999999999999999
-9999999999999999999999999999999999999999999999999999999999999999999999999999999999999999999999999
-9999999999999999999999999999999999999999999999999999999999999999999999999999999999999999999999999
-9999999999999999999999999999999999999999999999999999999999999999999999999999999999999999999999999
-9999999999999999999999999999999999999999999999999999999999999999999999999999999999999999999999999
-9999999999999999999999999999999999999999999999999999999999999999999999999999999999999999999999999
-9999999999999999999999999999999999999999999999999999999999999999999999999999999999999999999999999
-9999999999999999999999999999999999999999999999999999999999999999999999999999999999999999999999999
-9999999999999999999999999999999999999999999999999999999999999999999999999999999999999999999999999
-9999999999999999999999999999999999999999999999999999999999999999999999999999999999999999999999999
7
-5
-8
3
9999999999999999999999999999999999999999999999999999999999999999999999999999999999999999999999999
0
-9999999999999999999999999999999999999999999999999999999999999999999999999999999999999999999999999
-9999999999999999999999999999999999999999999999999999999999999999999999999999999999999999999999999
-9999999999999999999999999999999999999999999999999999999999999999999999999999999999999999999999999
-9999999999999999999999999999999999999999999999999999999999999999999999999999999999999999999999999
-9999999999999999999999999999999999999999999999999999999999999999999999999999999999999999999999999
-9999999999999999999999999999999999999999999999999999999999999999999999999999999999999999999999999
-9999999999999999999999999999999999999999999999999999999999999999999999999999999999999999999999999
-9999999999999999999999999999999999999999999999999999999999999999999999999999999999999999999999999
-9999999999999999999999999999999999999999999999999999999999999999999999999999999999999999999999999
-9999999999999999999999999999999999999999999999999999999999999999999999999999999999999999999999999
7
-5
-8
3
9999999999999999999999999999999999999999999999999999999999999999999999999999999999999999999999999
0
-9999999999999999999999999999999999999999999999999999999999999999999999999999999999999999999999999
-9999999999999999999999999999999999999999999999999999999999999999999999999999999999999999999999999
-9999999999999999999999999999999999999999999999999999999999999999999999999999999999999999999999999
-9999999999999999999999999999999999999999999999999999999999999999999999999999999999999999999999999
-9999999999999999999999999999999999999999999999999999999999999999999999999999999999999999999999999
-9999999999999999999999999999999999999999999999999999999999999999999999999999999999999999999999999
-9999999999999999999999999999999999999999999999999999999999999999999999999999999999999999999999999
-9999999999999999999999999999999999999999999999999999999999999999999999999999999999999999999999999
-9999999999999999999999999999999999999999999999999999999999999999999999999999999999999999999999999
-9999999999999999999999999999999999999999999999999999999999999999999999999999999999999999999999999
7
-5
-8
3
9999999999999999999999999999999999999999999999999999999999999999999999999999999999999999999999999
0
-9999999999999999999999999999999999999999999999999999999999999999999999999999999999999999999999999
-9999999999999999999999999999999999999999999999999999999999999999999999999999999999999999999999999
-9999999999999999999999999999999999999999999999999999999999999999999999999999999999999999999999999
-9999999999999999999999999999999999999999999999999999999999999999999999999999999999999999999999999
-9999999999999999999999999999999999999999999999999999999999999999999999999999999999999999999999999
-9999999999999999999999999999999999999999999999999999999999999999999999999999999999999999999999999
-9999999999999999999999999999999999999999999999999999999999999999999999999999999999999999999999999
-9999999999999999999999999999999999999999999999999999999999999999999999999999999999999999999999999
-9999999999999999999999999999999999999999999999999999999999999999999999999999999999999999999999999
-9999999999999999999999999999999999999999999999999999999999999999999999999999999999999999999999999
7
-5
-8
3
9999999999999999999999999999999999999999999999999999999999999999999999999999999999999999999999999
0
-9999999999999999999999999999999999999999999999999999999999999999999999999999999999999999999999999
-9999999999999999999999999999999999999999999999999999999999999999999999999999999999999999999999999
-9999999999999999999999999999999999999999999999999999999999999999999999999999999999999999999999999
-9999999999999999999999999999999999999999999999999999999999999999999999999999999999999999999999999
-9999999999999999999999999999999999999999999999999999999999999999999999999999999999999999999999999
-9999999999999999999999999999999999999999999999999999999999999999999999999999999999999999999999999
-9999999999999999999999999999999999999999999999999999999999999999999999999999999999999999999999999
-9999999999999999999999999999999999999999999999999999999999999999999999999999999999999999999999999
-9999999999999999999999999999999999999999999999999999999999999999999999999999999999999999999999999
-9999999999999999999999999999999999999999999999999999999999999999999999999999999999999999999999999
7
-5
-8
3
9999999999999999999999999999999999999999999999999999999999999999999999999999999999999999999999999
0
-9999999999999999999999999999999999999999999999999999999999999999999999999999999999999999999999999
-9999999999999999999999999999999999999999999999999999999999999999999999999999999999999999999999999
-9999999999999999999999999999999999999999999999999999999999999999999999999999999999999999999999999
-9999999999999999999999999999999999999999999999999999999999999999999999999999999999999999999999999
-9999999999999999999999999999999999999999999999999999999999999999999999999999999999999999999999999
-9999999999999999999999999999999999999999999999999999999999999999999999999999999999999999999999999
-9999999999999999999999999999999999999999999999999999999999999999999999999999999999999999999999999
-9999999999999999999999999999999999999999999999999999999999999999999999999999999999999999999999999
-9999999999999999999999999999999999999999999999999999999999999999999999999999999999999999999999999
-9999999999999999999999999999999999999999999999999999999999999999999999999999999999999999999999999
7
-5
-8
3
9999999999999999999999999999999999999999999999999999999999999999999999999999999999999999999999999
0
-9999999999999999999999999999999999999999999999999999999999999999999999999999999999999999999999999
-9999999999999999999999999999999999999999999999999999999999999999999999999999999999999999999999999
-9999999999999999999999999999999999999999999999999999999999999999999999999999999999999999999999999
-9999999999999999999999999999999999999999999999999999999999999999999999999999999999999999999999999
-9999999999999999999999999999999999999999999999999999999999999999999999999999999999999999999999999
-9999999999999999999999999999999999999999999999999999999999999999999999999999999999999999999999999
-9999999999999999999999999999999999999999999999999999999999999999999999999999999999999999999999999
-9999999999999999999999999999999999999999999999999999999999999999999999999999999999999999999999999
-9999999999999999999999999999999999999999999999999999999999999999999999999999999999999999999999999
-9999999999999999999999999999999999999999999999999999999999999999999999999999999999999999999999999
-61331635796513136092298881111
-989684356465798432165498794651111111111012312345694603331978950086
-6546846432056501201235679500920122010
