20
2 5
0.600000 0.600000
1 20
1.000000
3 4
1.000000 0.900000 0.100000
2 7
0.993643 0.035197
3 10
0.834005 0.162007 0.883893
2 5
0.715805 0.448011
2 3
0.999999 0.999998
3 10
0.027891 0.923887 0.014036
2 60
0.010691 0.796473
2 4
0.000008 0.000005
3 42
0.999999 1.000000 0.999999
3 42
0.000002 0.000006 0.000009
1 4
0.999998
3 17
0.498612 0.102096 0.454429
3 10
0.863344 0.944494 0.110266
3 100
0.890223 0.556139 0.927871
3 4
1.000000 1.000000 0.445051
1 3
0.000005
3 5
0.355457 0.892397 0.568650
2 7
0.158892 0.850264
