10000 1000 22000
24 13 2
5100 700 200
54 16 158
360 6 72
24 36 24
99999999 1 99999999
99999999 1 0
1 2 3
25 10 5
40711747 1204 31406031
56956516 1001 59627184
50456423 1629 29258246
20563640 3297 20860370
85784004 1830 73058184
81443696 1646 109828966
44817720 2874 19368445
3674763 2114 5537197
13576111 2645 12674166
71563589 3484 24470361
44343772 728 86631836
62543023 1431 98926198
15512764 1770 3473224
8480028 3066 13109688
38039667 2082 73870887
11606507 1339 22757699
74137596 1661 33879939
53680041 2198 88130130
81542565 397 3361752
45862589 1727 66188191
54783767 2813 81622600
91107425 907 12505182
32284092 768 33228732
94586969 83 107711012
51690879 1034 1637007
95291331 3451 37459473
96048045 998 15081303
11019816 2348 6713584
9672848 3033 5338691
79333374 925 110488299
43805303 2874 40508454
61218810 2978 50009618
42920635 566 25972331
59199489 2856 625785
42992220 1720 35721960
46337539 139 46369231
14275920 1416 21671688
65009590 219 27516172
28272254 3500 7884754
93168023 1699 132989185
68170791 124 125234723
48140993 3248 26681125
33021713 725 28697237
59115353 2368 7791749
86681070 1424 41011966
96871227 157 6948592
92194231 2065 59195757
9007370 2216 27337702
15438917 372 27954857
18011085 1018 18802071
93178485 1089 155425725
19649732 3264 33139844
31996108 2738 26048727
98528437 2492 77391293
69611029 1860 81620367
78240919 2348 96740811
31906093 249 62321692
22558883 3251 29870556
82248932 2532 136102040
37095180 2595 72981435
22505324 1292 1409548
1958134 3435 2009659
58360230 2682 29504594
97873659 352 5195879
42580464 2341 32834881
37798238 1965 16558553
30392149 3390 16703329
98554302 785 42719607
3408208 1760 960048
35833612 452 52824744
31203928 1190 45918629
68429244 2529 94622097
55029697 498 88095901
15764769 1974 31077087
16807545 1934 9009657
86777002 89 32913045
65869802 3163 46844357
60727081 827 78139439
25757264 1857 28685753
37603603 2855 16268188
41350393 928 5825625
51572043 142 76826000
48960610 788 7802582
37116777 1230 2186007
69590910 3289 72528392
86694853 3133 64985887
50677451 2962 39315219
69240412 3545 83118294
51238129 3401 82796008
90021910 1806 16226944
13073736 2029 6140643
22174986 1849 6473278
83037445 1497 68576425
42385668 200 52618931
68012390 916 59761978
56345881 1178 64270287
48955756 937 1908986
13063750 1216 18161222
12063089 2680 18184209
12578654 938 24006308
0 0 0

