2 4 3
2 4 4
2 1 1
1 4 2
2 3 5
3 4 6
2 5 7
2 5 8
4 6 9
5 5 15
1 1 16
3 3 14
6 6 17
7 4 13
6 7 10
7 6 11
6 7 12
0 0
2 1 3
2 2 2
2 2 6
2 2 7
2 2 8
1 1 4
1 2 1
1 1 5
0 0
2 1 3
2 2 2
2 2 6
2 1 7
2 2 8
1 1 4
1 2 1
1 1 5
0 0
1 2 16
2 1 21
1 4 12
4 1 15
1 3 10
1 3 11
3 1 17
3 1 19
3 2 2
2 3 4
2 7 1
2 7 3
3 7 23
5 7 22
5 3 20
3 4 5
3 4 7
4 6 8
6 4 14
1 1 24
4 4 25
4 4 26
5 6 6
6 5 9
7 6 13
7 6 18
9 1 27
9 9 30
9 8 32
8 8 28
8 8 29
8 8 34
8 10 31
10 4 35
10 10 33
1 8 36
4 8 37
0 0
1 2 1
2 3 2
3 1 6
1 2 5
2 3 3
3 1 4
0 0
1 2 1
2 3 2
1 3 3
2 4 4
0 0
0 0

