100 10853541
773446997
147128843
850111680
529182701
246131894
216457885
468282870
261224553
414591554
339094956
898192806
708307581
199419027
840052622
284336559
641506055
614080218
209349427
95964415
803851357
549905334
130570492
821877643
299264500
373468789
757980709
213916482
258691737
361742225
860259173
709117639
705586933
718534771
346980310
435273805
802608300
648645678
947172296
51648966
179699071
46682074
708547490
30347153
212537092
34621580
274791514
468876140
175998629
848410135
826367184
699864375
409407290
813947928
238951670
657032879
3745592
554131838
84325545
11217934
620280019
998028415
224004862
116976854
688511151
793661439
47362612
975786714
469001084
175568807
624609728
960725808
366689926
593362643
770340543
829824759
338302762
752049522
602942782
915565983
83632829
75167367
863929926
855645490
44437390
149946841
583526821
994491973
705742027
13190519
352772361
621960884
443122141
421200418
175942086
4435981
843781575
338190610
825235314
374590569
155726925
