1000 208257583
568332991
974943430
121184610
401662749
676450621
281295769
583958615
704491005
57607715
434901847
48252574
9249168
911110934
204940744
316304279
120553076
982448174
890338363
852273853
562719874
738889309
442498319
547388255
717223475
897299123
159125263
230507687
195922839
40716856
333116973
255798535
155400170
17966815
768441854
597075497
287560430
584527147
804309371
668399613
473754912
120001733
655214579
5836809
297535147
416046132
782836476
358153780
673431838
663326159
103051435
716304958
633365828
686763684
873573397
972172213
694759035
142139425
379091618
958504785
373235224
652613391
666558158
360269551
44086009
795050793
342196887
665103179
173218558
978185928
677293218
372974686
639605101
641240479
426157571
32292598
50066899
796150574
859453722
362495871
560514046
308198458
158173686
861734944
684407700
861006107
468930821
27975429
697585539
744952672
297933939
69189624
732550100
759366836
752428486
204455184
540632825
500576695
418316331
259760053
987116773
435134570
60343474
58368589
769355722
712744975
615404784
496043455
361584127
697425977
805433977
688028027
794207077
351676933
196870023
658060701
832160701
667012961
863810669
745445960
719125861
536343147
17837886
708288357
194901963
439428599
776525838
978475245
993070473
886608005
468630180
108767795
444563324
663100179
407075740
589130857
315673302
317638253
757405569
696281962
806136543
275544874
251472657
850780326
476380359
395602636
417254500
831363286
473492298
157784148
762886918
193294336
156700040
20815551
342961368
563946263
968415165
670974337
846455877
91611387
528142589
805240477
800467937
809925737
949704977
431376894
122706193
733216057
289614563
796095748
934447508
432395636
500917511
489661655
68717918
306072925
223096586
829160555
334235436
472291127
653766536
516390061
688293756
770322837
237278844
465545803
487963520
190616525
935282245
654936941
43515172
518437680
240193297
642673076
909464069
10925236
768974518
720332014
937841296
789281227
255920592
360658657
506253118
284927288
660407754
705196756
975143139
57954943
324339144
710673169
45214805
368089109
396508028
125087524
686935920
824927398
921483367
909307605
890001313
377839699
233141989
179294100
815005934
642311472
521486790
264076794
544780350
888539552
196609580
614234144
477319792
51684007
660694223
711450341
145661328
212678612
176155087
461074594
723503286
359291199
91284970
309750697
607466841
845319192
687647495
411733155
127619268
485656203
224388395
795370712
91111778
370044631
499284080
671279270
929689223
69825672
920120724
75199334
169506059
457818506
18263418
151816860
621725841
661069098
890736384
797099069
316662647
917870895
36477001
814163840
436961324
796733928
250480959
161100613
934883959
983916297
641603128
266750217
731767130
146439274
780177650
864806323
664775527
63765204
926555980
421302101
167001891
284855729
278708657
879532917
214685678
326803195
546155331
280290817
801612363
615585516
839073424
224671377
986070051
559450740
900332551
273457222
488928104
773187294
879922477
811182822
515365192
850202735
452781708
867349044
666431226
721450882
52704430
603066707
571653304
915422379
264640794
791327187
287491958
506062573
737303211
227709262
4094104
166145184
397893642
320600524
233970066
315479698
358315577
32165631
644450234
912524433
831954772
296860620
565128693
562370662
680354683
278389950
195116930
97632338
181350963
497121588
914944308
534088287
877775148
781019350
447847109
253275605
587364876
973914032
652015589
914462570
118946729
512141844
62435848
939033257
995876488
834763498
380512709
789446124
181560705
321662144
731803261
783334927
274186864
132352761
98402888
671770436
510906011
586426377
448390904
159042309
617349095
132832979
329341629
67404549
256145974
32758736
351270235
891708967
906770453
943734076
367997943
967052376
283271048
124234975
850228715
678474382
548477627
505917359
573093869
998785583
529534984
686359597
811067978
91632380
610774551
989478625
273937722
831752655
269942444
891521087
628059891
609064298
521112185
117070493
212789227
140852329
80646732
873488377
331828488
282443436
399999725
528047349
93516313
718109082
63541123
187822190
750047390
886685177
815866351
519428817
977302482
911816672
249051779
703505993
60966556
485189458
151431681
642794414
679195188
915001101
25742206
489036737
125618390
47785267
249135520
174331957
716235985
907171950
243240946
763410171
672790996
926466127
118286136
842518845
122224987
995709422
709667837
450190245
84364829
566198288
226841068
948607866
369029478
362614743
761282969
808602142
156505194
379153634
798612631
641375711
184671206
370316232
145383400
343505177
389482827
446869611
879400931
32811053
456824066
815164746
424603557
808061965
827080892
273173018
761895002
206280974
515993393
494540276
610479017
785847602
64325496
531330831
180900002
124844407
474128572
132869693
48555929
472866925
323627848
676975857
751089405
234183564
858319521
558929269
41603005
80986238
86896013
758664593
80753108
589585605
562513456
695641117
663412668
709668591
219114788
223297055
239039861
798524675
124688930
914009802
887504435
367749596
455151622
934193191
914402281
51278001
942349010
704788646
647451493
207879576
776349632
759892881
34847223
985907470
736011678
471551575
693488434
711270168
926507181
981546955
470215648
666036609
231678950
963983851
938256685
174532591
306806156
777566547
219169225
433115075
749595515
424538385
665760991
618739612
263343298
787383104
898027047
665887029
709376056
649459116
579687707
882561449
359528936
26188387
119907012
849255051
694030728
648251722
22289960
107521051
584413497
128523647
227170170
98067430
944756636
275482013
696354679
890834102
51286619
627737389
148802063
293116714
653107311
776239712
915048329
986797557
581087253
105718518
723895941
851455778
287093795
899075927
936266244
56614603
406614921
218415409
890270810
899540102
301201486
582639767
968500713
373661618
895033584
680926095
204339287
467620989
488731413
651603971
347156693
94339904
301044639
477646432
242925407
825873290
730651545
919163457
32040213
386357865
569075999
622306632
716943059
544804648
730154643
812619446
891547409
8782556
833338996
758874253
377628520
91480765
755886106
185342124
702596505
817451320
937458343
107119123
13717970
620830438
630873059
696746495
67518888
929347682
357519533
943080166
558474786
396257407
153890139
296863930
949469511
975513636
655147712
586462600
697588839
512561793
756475509
55850951
385853231
153148464
675104626
76531343
835757766
77989299
120782442
457098943
21233446
659905362
223754323
812154080
691661863
353271035
549336608
435267525
941610763
60015131
833800280
826872570
378878569
66662902
723233506
951267436
832321544
520876276
846978586
822512528
174201879
980269001
220490439
267071733
474268683
221317063
321982386
993485697
350852328
20169089
506323089
799968233
442863339
546854334
921954390
595406054
662658123
425670576
527178826
27584187
865463271
216947844
539015210
45692519
315057834
138035742
946469542
125423176
720684622
516932347
369465184
656012330
513806988
975766855
92903702
539293550
119202354
818440581
989692021
224932863
480435286
770323172
9714536
7404373
275699004
344628525
969699361
371463972
710472855
340764203
435812505
216654755
476259072
661640436
51978532
399087850
553501611
491530746
915784933
381193516
600226496
620516349
628401022
108028516
218812389
511557223
892218096
452490912
860812341
644330529
724856089
709816846
85182644
594255048
153460887
754833325
979546638
653407046
545154038
507804144
529425768
872495795
917640316
227915743
243274665
160611236
914757641
279741724
856374921
879780182
712314394
95763815
325859610
13835765
471199059
983987375
308919669
42724281
178648361
760966424
252936435
405684993
910138095
256736313
407945652
913561417
892701931
168271762
36629270
723202227
982530035
997671310
334016797
482238140
40142235
193910569
329147799
931279429
813928961
740456098
858869286
252104465
534796515
481317750
154440525
980534333
330512592
622550304
970201373
400085217
919189174
266628121
484415464
306892673
995689862
222068707
736315214
277575437
876061988
859909983
330001945
350861494
689264698
765148310
310766157
839727131
48106784
800817573
451900348
901115540
672559682
310837949
613046080
490619803
231507575
978522020
556344640
11760476
442831724
403779574
273613145
570047508
563956090
734909374
913808708
96649116
915333208
614306647
462619501
751226861
216804583
83697357
914645208
250132754
294475585
929205762
467814676
577327193
122758630
507348671
207621130
269459164
739394374
873234548
918604255
717273067
862958743
30332625
872590480
239243797
387410558
77265470
51153465
827904320
89049749
356905078
932050065
619533746
633686880
471164625
201011736
322429169
914764634
510756618
91114804
113815808
129756450
628319928
997105298
109971867
366053540
664104067
667758336
937388854
917337075
776122446
325738801
448975651
206706775
696939215
748813961
806852426
493029396
129386617
118134114
685398258
654111805
421081033
189503163
26490533
448861271
884379670
741836405
118438207
62345508
242090259
170392804
946920309
436397018
244499875
220995628
660744827
600141759
1778106
78805670
645704421
339147125
322414415
804520029
899803498
118494292
311424270
753656442
663187602
275687676
308930647
669104321
661524406
589482143
257959564
28413680
676574048
677646920
454745391
2321812
477972381
799487635
703998654
998409175
824594301
314435108
246261598
250122268
495154843
563548666
773409209
665061214
723507181
587209323
579787977
783613212
212075587
60839764
522663395
198798118
255546008
269100000
284984612
406156141
99814386
673949087
571879634
83689164
640727347
978429337
365228762
671629211
834764566
147764448
90680285
248862132
576610252
557696154
860449628
874510855
358088683
835365133
703464142
404164489
326729018
334705599
131751760
331909441
662503396
812609571
618380904
290426558
111545717
822459946
720494435
822164044
78688618
267498615
79923360
760660841
