1000 896773783
646540365
100248848
14431217
731316002
388531371
223611546
721837456
169316149
785111195
260297065
492136216
524272387
923994707
316656840
498001491
541648739
306081126
566217351
523035316
84462533
530571729
33152681
470593053
592457580
336870650
192583124
970375668
418171602
974947318
249030470
538336370
768887486
90703292
505447816
709176010
119516573
794258757
307983122
592697788
75376456
998330952
589744186
698494590
732687938
661604309
356689156
876431511
979149795
676361242
803879028
691014382
779981216
909444880
216450245
791530059
323114668
614979372
176556108
325724418
14389166
544073245
375589463
938960506
574106483
217833621
867904988
488430679
776158458
98675903
54107125
879072491
355237697
519365930
395962331
196737552
134588308
540357236
783003578
502419099
959170299
916397954
879995441
783543514
849451913
200208254
338252007
379089576
537662981
90174105
325083503
108906852
172099177
801901058
650302859
279137806
575184431
770347694
223308692
284170894
463315468
643375450
816925991
472876328
850264743
904037098
477648876
792577236
296300402
607254999
598263109
112247413
6066551
516533949
691461972
640287240
913974325
474724266
713059458
35833700
191626073
567336878
548524777
108639198
679640012
354725554
412641246
345124176
938115593
722667191
522040337
352844510
492837266
739845310
934102137
385085569
169513558
562080996
811765427
864907166
883867595
219302258
720729071
669105584
704745359
935873621
729982178
859676816
545668351
156100454
276321077
875116532
315077965
63648342
728624044
114422609
288377248
28263712
504162375
457752660
455003598
29309446
833071565
934174719
96659795
930799891
358368017
250421548
972021876
54388428
398592648
537169568
883683489
80075702
377704146
440535237
729092809
946749259
336576447
579307351
831468981
760675958
174878511
860214787
355408724
877472845
298207033
884622191
905800876
54595214
926794542
893202647
772618145
166541553
996582305
949068222
572220287
997103245
502298866
34718304
322592615
150731267
809466277
687197358
959491086
526801322
690174126
811756577
749901226
211369668
565570612
874542242
928677650
225778513
388606837
340163042
524003888
923346178
474395236
260244876
433692804
964597878
287445562
848694630
335558744
15485904
102697128
30595082
965778410
428711905
95491969
939706608
80327872
892688298
518453339
195099747
170344840
885925335
182868540
940252075
607705701
579582048
623417004
720305248
883752718
366689431
540747203
167375251
276916614
120328893
930611559
857679268
153135564
782394309
306489160
484072080
286806323
600072488
453357529
265728879
976141431
987852895
905788746
947685328
114296183
789151331
993120787
96192303
701499676
889042388
510016764
797207738
964036571
232900339
542983749
562657593
86716384
468818248
668069946
6324434
989216075
281043749
631933925
912442863
673506024
495495385
480485715
320619313
831808844
372514207
857102956
514747773
583483855
263916207
813543517
613359824
141359792
468276266
262698691
595129131
171357462
772718035
863743623
44781504
832729562
456942537
522360507
253206500
919532895
888123235
203144018
85588620
231961342
316750330
595356935
349190353
862365021
243372463
831319016
536159922
167424080
430222549
384798558
49676132
431686238
797930986
221534656
413501397
551626461
303353050
203227094
584889665
114881581
501308600
42992099
358204608
800657184
727349950
973023612
63249020
619554588
323723353
80134680
736440834
243211276
498747006
910351416
358036502
707793429
451900725
582999356
498593656
327581298
900023478
680656094
998404443
523933701
293477150
132464501
805084975
315909163
423496477
832115327
795699281
877813883
385794242
251884525
159712241
994503933
241708452
963713574
618403462
966867718
79609581
758804950
178335165
388402760
121922776
792025190
898203296
573725797
310845844
650959820
569959007
156842424
220646480
699948212
328996266
532423402
771707998
292418535
985843462
466420425
785773998
657905348
258280666
884917697
913075141
614204159
879806180
786599759
935189146
818005222
183155440
335788154
660153354
179668799
931789632
525480687
625958818
385097306
882296772
615931184
440513569
258526236
788062950
348159711
607709132
393046446
476158083
390820903
405409118
50134650
434958753
7509775
222306820
674843529
465910641
5190638
643313079
261400593
745655024
383140168
267171994
638435802
797925588
695917402
715451273
518311366
960483085
592949741
837371755
997429026
925809626
443402875
47123719
305312579
454489379
913694976
572269552
362896872
860962174
540752268
618559223
780472253
165135275
96965895
667822381
331431180
85673473
174511287
939835563
674889132
794109699
968142751
193508925
151330928
535953250
975371799
925158574
376056694
221875629
893897675
959627330
335893376
407223976
771974353
328026185
119605858
210095768
832573438
925182789
938779883
857216265
756075295
367206399
75421512
121537829
432681873
102172869
366014121
806871808
816426103
747100974
30948147
836031565
731325137
212703200
8310470
535529230
911253046
39655675
309290839
422469968
815965443
70994176
522816289
895113668
377620248
295056232
764851663
175815680
314980211
369802051
819486880
954352567
916551640
505930326
987872688
848198403
222085569
320355210
574936602
729470359
429708592
964255637
281458075
706565325
207763984
837829210
123162879
492787567
578996842
142011031
806901525
105623364
981081660
717209797
969812026
418079439
104825190
867916087
463677474
585360051
503795000
57499098
444883111
544557080
644305534
57925884
152971015
435867262
296043911
83662540
308849586
228637710
220703715
317928763
500085373
341070765
416170682
340854517
83852622
183020889
575415363
350216803
776053355
114066348
314776574
442981607
976745428
498828797
229833486
663309390
405465434
642130327
720802572
379154030
32547897
495252103
310944460
405451082
137326916
752497458
371998404
357339020
527750172
498599939
677380773
387534923
909951441
892163070
789459481
871070560
75721387
459212760
830591605
892324914
774441363
62780060
473222068
88935420
933911222
66317519
169086123
674247150
869847258
951851868
545746288
302746227
692627805
891110933
295408970
276031934
938393919
573097113
103266380
717882655
404501469
632485233
555808635
885712038
85101834
661366094
340572086
607579199
848452632
68393938
538724755
719497179
331226266
500275214
480982142
435388313
825680411
597453793
295503948
452204848
690300648
940531022
225710890
555506069
996665965
154612406
649847768
696468925
438545506
280714692
406504556
548270528
873262571
490845511
275506954
210506856
252121606
251306090
101882160
506914343
74157998
383751505
968867580
187304483
372041023
239780452
951951162
869870825
367944406
950488167
141321319
462638024
278360145
767392714
676457085
751874560
881346223
622177256
544123420
45561571
571715141
672582219
317748091
611298530
302509094
41767734
908131178
448501959
176786515
830236808
387414444
235878265
274939434
548538871
624390400
638462142
860815719
182090122
326197124
660111923
183219864
625967375
813365656
157416823
3204090
141013790
650062708
381995495
400640238
241676947
359201479
248383276
987466572
141109020
20966257
531866659
800014635
901587609
265123367
476048662
255276866
374228178
166458736
323191879
765950285
30864119
509611408
828666022
116376862
582583155
124484054
191364921
232582033
81299501
636795138
612564663
745266885
425988326
536437556
400898606
473335381
707720659
297801988
838078238
993254296
681667766
771248936
450192495
592104970
769163648
216976119
373568922
514773552
363189230
538173511
243485346
849381045
433452153
405563210
274303230
351030567
703310042
226218760
488084547
715357659
569537121
976386603
668610827
481660617
372404105
296723057
54215367
56908592
688601831
325495527
395850032
752855407
972804485
44894785
23254032
785718559
762433183
115443822
35321133
667536785
307990084
353848085
452592658
494299376
396734649
336732790
85820251
966243626
333674896
834754156
86604295
411466051
330030730
453229694
984910092
257170572
376356120
314284156
336402486
19472954
726235675
733286823
507877409
250253990
989480884
844572645
695460149
540737467
571439077
793145104
167812121
169118302
201701896
388921269
999933908
478835756
756470398
270247646
649692957
454546002
651815431
669865669
702289430
622082752
450709876
265942784
178156035
772233434
687386195
999655316
85017502
104972489
709435582
805075218
990459958
614514802
961680115
727569941
126839399
457484949
779998356
883306141
623109430
323535709
968760663
780545003
954536668
817469240
896493729
419651197
628361250
181688597
857975049
463440834
118713166
871848371
216931393
143221491
857710094
432098832
934009803
411606485
931867637
781245225
567883984
989574884
752874562
18550034
578407770
578660449
587340663
269649501
918164140
411843553
542318326
211130224
783122825
746412375
710577105
79924897
753745481
903341353
444057396
164243461
971276900
619351108
473146791
765286263
537362763
29060618
282980736
100012813
429656947
682687568
673422163
322351141
559403814
821774525
745924601
959782602
7349254
99555765
333116895
538420690
991441702
197878204
141597441
726237825
877638235
648658359
565605267
837785042
873580074
162174065
560439114
781383725
379996818
251391505
674384441
322778626
348169132
269037085
552304036
323933088
695360596
905214460
579796735
79587416
711581977
947914585
412738497
706043828
532008216
747267302
623987287
220336431
20622315
378394889
371907496
987854003
462227382
678325490
508343628
474070713
347681384
57729339
605134774
469694456
879324229
901273969
494191528
68592680
972582969
280168010
569793866
931015511
556495347
629300345
824708223
491926171
368233233
587991270
507510417
100765652
309185448
873614468
911278571
523185311
702569010
487682259
440576781
950599738
792870609
441810095
33806689
764989270
706451547
90082769
299434166
106684017
381759969
555878813
207592105
740380839
923503315
11194507
183690752
30760185
482135334
776735446
267234266
361482766
963288991
626313729
656067406
551545410
305996906
367130288
