1000 407938865
929948397
803453871
776198350
269926231
734117745
710741295
529495624
392146224
399916588
926632445
477942934
765253510
782641079
555854784
345863704
761057555
453800672
528644309
857801925
653678369
376867445
165307732
45762290
591084603
873972749
817633955
874426866
364387640
79611522
323214313
221709958
475134079
516001326
237351829
89435227
646210760
452105563
313109063
667207837
622533792
87935898
234575281
203600144
685027667
680692532
420670114
866677376
648697799
333874158
972237050
308799469
824253135
707210523
904069072
839465093
317416895
584829128
74553747
849737760
757292860
288360229
514051497
137799364
822289964
518439541
826134410
49406979
986672516
541315314
441379805
956344207
618530517
542263184
6479480
61699656
392549983
480019328
838147462
83994244
2857687
784622246
768439207
286188613
539752010
156490284
947887158
686329422
436999044
543152267
14814437
936667463
901123246
546436190
896040336
816322749
7803600
872334305
420087116
541546616
34704168
57238936
468413474
798768397
950298266
12763808
842328297
396636144
680373342
824510259
460770794
771802036
908907916
229406019
392330745
174681001
203983452
152569815
747064857
754749642
205299584
364775427
433507267
316310205
437317090
993238699
683579458
677026231
741853142
717860493
262441297
965269883
361104013
23702435
238964773
634264899
178237132
851825693
42602609
985613001
576764856
636133995
953777277
642381266
118584278
39098205
558685793
43372393
156128631
749177225
703544284
314677225
328950869
164878183
47453102
537807212
12113936
22438038
635743563
668370258
74317979
505519059
615034264
133014613
669959593
261418439
911564508
251831281
28244386
389617812
51388602
269289970
879926936
272446843
908168957
17588125
110719192
617911089
315961780
185474500
57268639
686398347
402012449
230465178
337912339
890954626
235084419
243062526
132248629
22728654
386225209
731824997
859570776
273466229
171205313
198235970
31763110
625758068
893767307
286371151
746753387
18282337
206988303
760298844
400803349
735374761
463705868
666606418
665042962
16523504
370295015
79637625
639445768
536774171
232497037
919238549
347690035
901212999
320775756
469469684
72486392
813489874
10571515
57835261
8040876
522032511
359408839
370381728
938125738
858707771
293636429
386523438
116612573
491842354
591139398
913424799
188722308
138932077
886025252
536729109
417243600
414583729
417656283
528628971
187705339
688372594
825911205
45162381
97489899
158859587
760708584
93847096
744933288
761660149
338939063
550501332
198437955
717517592
234137139
696088769
213826194
163253167
439068774
402624511
7237685
441071476
149349334
440283165
642251609
193672031
286845259
131159273
927881355
429528630
473539680
591858434
936861291
748493895
968872889
843398154
608914829
916093445
211561647
700880511
761990342
497068313
342764107
515608859
495533220
284982899
989974386
17811771
148419122
960413908
928258327
869334152
492041244
490074281
349982666
518388603
673138308
13183137
840005146
578274643
740296989
974347875
509096558
964128033
394345844
816014485
899022565
533979914
461773635
38447661
130935014
813829773
657782139
369593396
218179123
531423503
920186971
514240674
906089430
321064767
692718937
661295219
628113124
796160963
395336000
292983632
871843877
421008885
938224049
815141996
519714538
222015976
31067487
333429658
87413367
232715410
542683255
562873068
335837370
294011290
168760336
842253354
907929285
318879222
102758775
594727568
45190940
946499338
689062158
234031451
46902947
955825072
140956160
756894626
900876037
639212316
908336516
112142006
713755649
580121848
973441652
934114422
312309905
508715967
340793834
604635608
406201587
809770166
437910764
160648449
274789464
664332365
211356696
434257935
363490699
234844198
910124664
911808618
905524465
726616361
343524828
528156497
602326551
150310220
955520553
712464786
875070603
660656242
211866074
12466133
764707680
401700080
65772211
646358028
238092079
814036959
805386010
11723592
366584930
878884262
427648409
967186538
763989278
296091867
100454189
317027810
756703037
734925985
338488873
257099732
907990639
514144603
619259948
380359554
916794561
838003794
138408579
941455286
942201802
857392055
705152483
721926635
517973454
820508785
166118991
402055652
3199964
399808214
722534143
552772220
412560399
941422893
993787523
91620064
329997076
777773222
263417947
18761772
945074529
941770006
868647357
398494343
54390925
943006325
473881655
941389913
752746364
585874099
565779053
448483001
696154805
311098195
145091586
893660224
649747194
433465411
655495844
47391977
870310015
578785496
777792691
861224494
710549617
888100471
922139321
980048212
955658844
974569849
353692523
819454365
754313359
929624348
182340950
36064456
90740994
292549453
342573693
883053783
731792415
651782754
921853833
419178562
48476931
936141865
164841720
631250549
278323503
765209669
515257887
430927728
992333298
541221838
664131613
379732740
99676184
53692661
335378393
965361731
513098646
116726237
479931523
112522077
425318768
462548683
999903382
384177718
409189048
360319917
88934163
521967459
463316551
63735748
855488523
871712755
197773643
490565003
584913790
119191908
186043959
50661340
320424874
905951665
251360194
942376383
55202301
546867415
961526243
369210393
887874994
325694397
585899293
831802631
763414519
144156080
819250717
686654194
836243048
6460129
162816372
56080363
315775310
974155410
816861982
336462126
573190701
262168955
704001122
383659807
571234059
627961055
584791110
602479968
83560779
156662707
811114921
343703033
168174447
743970023
635164235
616531885
901612181
352784737
498536996
373619068
454719502
244360654
356407865
119334600
104110482
462332625
607739068
366379102
392340940
279744449
484584101
365653203
331816810
726146961
515344611
688926928
356299125
112279013
263483640
719174567
956349278
537498445
215642649
545834109
769459917
493710483
666632193
613023859
855324996
246194661
389393106
976894656
750407925
321731647
593303359
385682660
154116622
37720722
643076070
158987669
329288502
583395805
318891565
380149116
24427653
557156768
614156028
727020427
743742818
877181244
897902130
807194231
567657067
981256328
435525004
181682453
673434204
330808384
68952457
93373102
102591725
213945113
194583864
782362201
873465413
220150058
42324085
335088466
555787239
814117891
433754621
858775366
579250864
986350136
206528974
910572339
71194536
447216100
275646712
211561787
225596386
41001392
387288560
256232343
65182647
41463642
760649588
908427893
981343981
370345269
472057378
356247331
163984366
868446723
811295437
693915894
313782820
376136316
630596495
812012268
52187425
197737598
344121180
769012781
361439364
607837272
88857546
256838023
597016555
912826834
595336024
298733465
965963513
348359318
238428075
308939478
972446820
313152273
151116753
466360468
174656584
608209098
795259739
747787592
548868900
759293998
985523917
717788441
296134060
286998591
200604672
765367572
118946796
171534581
684747490
143274123
218553484
117459688
418197106
203162908
289795307
514756096
727933738
442117893
987678419
755829935
117000365
311012071
858019044
438497258
569039404
299939614
639512143
785896581
591938187
574567514
420458005
974329492
151451804
375219683
667256296
280720037
583308212
929622434
998585039
623424159
903311749
723440879
815802755
721495698
789238958
506527733
499405961
974307400
125549371
301046350
234403794
408674282
979391576
936162453
70875774
21392668
86900197
266263457
180767506
647380298
909311448
24216547
650020831
609770930
535089416
369791862
69777222
816784664
898083839
211883377
139722454
418036750
28376384
64669263
762574637
603493391
870825382
316629408
612218906
378992307
197743805
137469867
79375425
19227068
332465359
48582015
843328636
38373968
902198471
884144331
624656100
490972572
124155465
497669844
773030784
330179316
242573865
305483354
138267675
654633824
516142109
745994421
568640191
681824615
551856576
625121867
814650805
110173918
799926094
279150534
139384062
74418551
365870007
806949024
792060352
964988233
355260899
990431604
498838092
92455255
818613545
853924070
176786030
323526816
887620016
929888093
504505039
126086932
408838932
362898547
796003440
455523322
226447289
349012667
441616316
294876045
424456760
950596895
803457773
932453430
352258583
924130492
131032210
388309166
298989990
895683456
53741537
133171974
411806554
821030442
786066166
296113768
607728013
231565586
145154274
625970661
844492403
995747909
965119758
252494708
492595921
199867545
156974862
438030411
970060689
724478188
946648793
883366978
894507632
894159032
221640447
27227183
637019360
709724606
475378770
125536678
435741599
188660161
532882775
226401940
41640551
678109000
957778879
180096043
99050465
92122593
937978148
631298437
150571828
451943462
490091915
652587835
178363485
381797375
589184828
687011875
481117015
67541409
405905409
291074153
556671922
161668212
832290040
100157755
740561117
150515932
429310608
713626528
191203808
749147284
873247126
844933375
948658499
426883815
876470595
213457904
967581361
347322069
449481789
501893579
399071077
518306321
845986608
101698836
125331680
634440801
63810495
712578271
141611026
958868360
689465269
455159698
286223592
742050130
814179272
770688420
572519233
770043830
484330034
804236107
855520218
566131064
789753865
292030813
508720352
317750474
4549157
366970664
768544944
414044588
383015038
121339655
847623049
934092849
299832750
901581147
397607808
317124280
562844138
839576144
769949771
633440256
934611484
198232301
239491158
580036201
485591957
557795325
81988642
76017947
194686858
761420283
32893962
791337840
639358659
539983920
571087605
744411296
439763215
327281121
689316242
404701506
654563436
632922202
211746243
451272345
427584656
503954072
448694607
158433749
436845270
233722800
667653954
480291042
17847259
222662252
838011611
792228789
756835068
617050859
122166288
25322487
372746850
222974497
181590633
514322815
611993212
