100 43512797
914887626
934124235
709465417
136966165
560022791
69106852
11974553
767464011
579683581
445115375
934667697
464547764
205492331
140804161
135912410
611196127
622184425
320740420
500197285
754822611
338642858
449025554
857037926
862597331
713962409
374231724
971716185
6790631
29760948
864975257
338043441
795597064
875179726
386757053
518448809
539803595
782174905
933169144
350316548
165070159
436729746
66639199
269098639
568591700
2512523
537549525
892275805
233740908
272127975
736542177
432247082
656105314
209468636
794353047
671017159
233829271
952623706
748203278
839914844
205416948
543567807
532517425
138260465
435694985
367946703
692147980
467508756
33679857
341901395
604149114
414854134
352490676
537958854
598788777
189512804
890168269
922914668
616361841
498674567
412138421
255300894
151510042
755189850
144374029
203333065
20463191
342092168
446499245
345877296
716969649
60414161
113942669
498846826
380100452
292500896
962391691
107042901
150949864
306191474
561189643
