100 632264969
705245117
395585854
198296525
461468811
824356572
712985466
238418928
988326383
795706157
633394785
291939475
64715096
740779829
210743366
36531291
255835356
35387025
873588814
219004178
232656741
570279312
957209433
613346662
521011538
9541486
783419584
600958271
741295056
278819609
604933986
305725718
142336084
131125812
823161279
65212994
406257877
272600547
507485340
115830064
365067431
791735835
877835150
988205182
3465538
42709869
472815204
294841728
297612236
566957547
287388306
222352659
765694400
977284737
826228939
118462954
10356518
446959349
119607726
775520163
368430165
774471371
207837897
907188507
704773791
710702886
985819114
5515080
533565934
268643509
868680029
175097116
113549361
983254174
208798341
865584393
454417918
31253494
209662004
786011362
403893598
103477339
441957975
415294424
888540696
375737365
894100447
88362555
459689800
959335315
499806342
411703519
458938876
48646601
739686426
539673506
997819472
317852520
117186175
327222622
122121539
