100 926340418
681915884
26932130
919301459
616583423
273397246
469049901
971807891
512727323
259795541
466866396
769494822
517618803
737500200
214994533
955615960
827564099
285432884
891823862
639016320
66771168
662511349
660645323
57769609
939492333
675645791
743448611
505013961
100256302
515585876
847057747
492543328
12415958
37300166
290728683
908592326
958109888
369647824
651999132
323220873
735266378
854408030
503806193
562454032
429452176
628491414
408399201
759349052
31228343
304865642
128225597
360511377
959342628
180525513
966774129
124853564
746293394
948705753
177548341
82985342
703359631
333560451
105295531
356153081
239255246
413362500
914438877
933811425
873730808
758877217
458211568
243815586
496156905
44998727
95130414
933315484
794367495
704313946
96378860
907084727
274058782
578358177
764034117
175784518
744509338
787360342
388916570
468384967
688620579
446994665
423804131
571905192
885679141
985668460
618732948
592981251
49065049
26807368
312875233
666122981
4021166
