100 849345541
6108501
553264149
898426781
285603802
125144799
565185288
205388772
16990098
54947743
859950465
607358272
355385969
388845178
477152521
937325613
80656732
10763022
276161738
7448215
969852788
244089077
729665429
777480051
213750211
67735604
929767058
27871660
953575445
829255436
294783365
112708776
7619079
198297611
433300490
341565269
481343847
741783541
13791702
547280480
520571784
605412639
178825096
25980183
514090185
46999765
536550149
13409333
583636343
69548026
187374276
601313283
914849210
705987890
720663667
901719357
905603990
916759969
714844041
465252433
790732127
644544954
199973312
918754580
503894403
609639625
598337519
294521322
123143611
93241831
553637544
862529276
550868958
274264205
57980487
984704490
87866723
39430753
31019585
825109257
744592856
574694924
943257440
266429957
850902875
236526938
491560585
134814870
99208051
575973381
299492878
485172349
265353841
314978729
854731033
919029157
51811231
731384117
748257603
889591802
129075511
