1000 894123026
26365424
658207412
895874489
325708863
278814838
426632488
396690189
856220596
116420164
69167757
922081691
190266372
312848016
50636609
132939084
116859925
553413424
303574644
677309297
231512313
239806679
696977504
431908894
211394911
168709430
309535751
637869735
225662145
755684042
429322500
186024373
85203471
103193600
406081667
784861266
544071405
968899534
480939615
294656393
627366425
507048379
702791335
370013097
378027036
616935608
564768620
337888438
743371136
267379842
661524849
495761229
606770890
142567490
550258398
641778233
362297940
129506602
198220772
450331338
600997520
434274215
258755640
43047106
342757623
512570536
199777515
496811235
2333015
902488844
714694248
652955927
222909775
680222830
91098552
778681386
798150095
785263152
45259426
754503974
313831719
980133291
361577721
957966726
981432046
920417624
16613376
230551103
467662523
220200693
784091549
591532043
423168116
649336946
936487553
871925148
636489340
378536418
332275639
250200054
182657370
580046237
143474066
411998726
474444869
998447597
856072375
659817749
145734885
357205767
37547327
279953028
801145766
936005758
411992338
629143324
948408201
373515814
916454204
908645856
764995201
396698433
855965452
965315569
392065932
676017064
442540747
208893316
986466117
94501698
466290070
132261366
515917065
197057220
447557612
259038871
369879078
405302558
423521619
269899173
7896307
808564463
73378980
224382957
495973592
204433854
720057965
208920761
687762223
600893668
13946054
622757342
496469658
985920941
920905346
16772324
540627387
955395138
462028765
519472968
70908619
677071366
113336893
61098764
416176513
150697711
61978312
530897136
726454580
105429604
639201663
23769162
206840100
387855826
934472546
883732291
566981861
949697938
383930853
205470774
324670683
584538319
324309425
595753021
903063467
413386982
253561321
646226262
308811664
926929346
119495585
346877270
946745106
70391406
369384281
163400791
279662453
662529371
224291164
690293978
973559983
449796155
359537853
551835851
679315343
334636386
458608819
239872399
452977652
878091257
454687097
782067717
880352183
71984163
249061086
382513480
891147247
633403128
137271530
699491683
420918896
915561532
357517424
764420544
451824113
280754414
505397910
305237679
76782470
702544460
302974691
12194580
706204492
514447680
331047905
258087297
325450428
527009318
695581855
430287220
216645176
405979811
449106075
401638969
182076458
268583365
68817619
875629526
529730129
644701525
358296843
298676329
665649626
903303357
183374157
187747707
984552317
414193605
452933007
437115444
412355390
499421176
680422775
416024859
998779521
817924730
685955058
764682508
781661759
483776906
49161328
784439274
316252882
202547773
350793831
358562031
647752887
210201410
852106193
522213841
978433652
918567395
327604566
857802766
301027398
491251323
346907361
355794982
546451541
22188696
513447645
599643010
702073111
786981632
415391939
802124096
136532676
99475974
325530580
808699668
57505354
622421959
144656567
390151561
667393497
510154741
51478460
243180857
993434144
172159985
850189791
391013041
373557089
567890601
348446703
92298678
924882337
817847737
942217883
997998729
370619090
457153681
253269566
763451863
453177202
536651899
780497025
877718426
212019164
279454378
359426421
670106279
259725627
546843785
127289873
104165263
242710986
472744670
668355900
610762646
24902775
924718668
752865966
380499717
256821090
749286759
609114254
557302810
672409834
883209453
765780787
500939444
430863668
337768864
64064030
676707162
213041346
640007863
673169002
278259260
776306955
388774056
185028050
108468760
992939186
319685102
979817019
199841589
318044953
232854556
357745390
822354435
234689132
445476416
286289350
688402289
295295369
411254423
155064635
635154727
462397749
370057262
857896518
242554464
12090832
70869204
985465331
402251972
500937873
749250352
536946844
892308272
590135380
627292377
629477749
114076469
130225986
517968859
942668238
396017378
376768234
631624527
886707122
615325033
403486540
23988733
569649838
462780405
169775453
88480745
746206699
329639958
225867637
186663146
39524165
152455184
193290582
717176851
579253673
198797222
12915004
778669132
420241520
355544174
504466682
123757319
238456370
101345755
752882254
737124290
693422833
950413529
122625613
709254419
469410754
776976644
882011434
714889033
378921440
546896234
835109472
35275529
684376137
124713552
650635510
172505215
869792432
194520514
645664713
839905878
256684793
909087294
753651748
646519568
788286664
862434883
767801161
864426583
11031878
673579432
121893954
890256725
483528457
222513266
869041756
638598452
801701387
472056557
959548213
261521361
914814003
478597684
979293455
171753883
700801634
188042686
706875342
608713778
716916088
500736570
423931366
557330301
769570080
891674705
159105192
162185772
971892592
669060111
211109
650188425
826950462
130117374
131640445
219010244
80454605
307880851
959922233
97348476
384794068
814120061
151719888
251439939
861777375
565888651
728246346
275524810
255485206
412908495
683431633
946645664
826887131
979187376
619058763
73958030
345868276
734531583
731457117
436456604
145085512
39248422
471199410
909938042
545331721
314696887
772192224
962427856
323104643
309588181
717693335
698686122
517278231
911950539
631668557
185128096
393479110
753829997
692829773
101538642
227012224
541319491
539909086
980948188
234930039
909800970
128255086
255356626
648056988
825941308
700605268
817679746
437288392
912063412
585589468
198653977
812585316
551660133
752997446
681071175
695086974
537591835
310049103
845548032
723276293
841885303
240162527
477338453
247324070
647616627
859914188
559639803
228275570
261544971
487593611
886424487
773529801
527514262
310459237
866961049
232075867
52322035
17039416
226785769
346493231
851018931
228349796
63828736
42222583
922684414
201297936
964524128
323523407
424482334
605402001
878352459
698695672
160002213
250315318
357660512
42728314
21537931
318698110
688858089
197357652
887554996
581476767
77170740
867001083
599751481
97446356
323591726
391709288
436462549
353325158
201815025
148842492
213858059
934351867
702029398
626210301
701997114
982137055
269553093
850271549
231475256
996522128
877364224
460377932
163243878
892121486
456258544
390114523
79114424
100725352
535698495
756751202
862464267
975519616
304559981
321787842
993724031
131801573
498733511
336815514
922947249
304197879
606800146
521705587
646227572
776625747
324152382
860646162
704587360
516292727
566449991
397438951
96872063
959450221
346158860
37705055
731323031
908912451
822994732
84135784
157848210
145079258
314276249
743071986
545439912
98709531
168459778
771462755
676388163
594356679
499948696
739042442
354955316
784729126
220900137
935121115
332812779
89315368
883066250
334482667
369665155
161821368
914073545
55076165
637243097
752721037
309904001
726174018
270910268
35089030
784126582
873225896
644423827
411691694
211423214
181001732
469697580
536311153
775542733
796092662
255771033
119830601
794590640
933741920
541450711
705268983
424590133
69918313
172184786
944478805
88149291
694128494
815014011
492576382
619028948
287145981
205477963
222005620
683689032
885688223
253136353
863167312
185562096
694494224
502117164
61458506
809688427
699108850
607796609
91707148
489972885
824265
730740679
896383310
379435836
434585179
391522934
936132313
855827480
234723456
600166501
256651544
884378281
646350445
671863329
109415059
548628630
630580768
422975548
566476105
570530838
761782596
656395316
937538861
763011856
158697652
438068780
379292601
106500381
761225437
317772177
916505558
360125370
129415128
553731558
497263256
694985496
188933274
401126511
123226762
161261177
880695456
281719151
867478114
802390782
371073512
45477605
740325551
985445909
914762706
780074442
715670414
468954115
850393507
125261522
955824996
948497976
893463081
682820966
349365694
924849348
587018542
515749917
584944858
887587874
764339051
677189553
765989885
725723165
446141359
530939471
954131815
875241955
159729450
105187454
780157130
580427283
140649820
383791456
305617033
468136276
26987175
407652577
230208384
535915000
292423432
510502663
19456016
231964879
53335236
178637974
30961771
979610633
381329658
526787477
687720511
452404477
715957183
289168348
360900933
667066358
550305426
133405641
539472337
149006048
832306006
78394847
555133896
381935493
462067843
42222248
296419076
128833169
491628980
888132707
116037398
489053153
700871476
322763645
239924678
647360848
477568120
241340585
672542166
837276345
390643448
931293409
768899543
448061318
630736548
367883909
284896942
796952624
255682109
387277798
416388274
179673593
265508970
225022823
251035326
682317315
493724990
953036501
267810906
239710811
528846462
922627418
327389785
383441558
288433297
861281915
965332941
497287166
848638815
62497704
34962772
396805151
101654685
202781500
23148103
205264351
942424065
294585502
46186382
160922410
251358266
783632570
45314779
426968745
80562581
830254158
693057536
27366214
336741990
546644667
365683429
111702780
131168955
624854447
185965655
854918543
828755091
171319516
156188093
539724061
926356845
898245083
485935258
816152419
629695727
161385961
690353067
167828331
118284851
12410914
537426099
882130106
152945084
253374784
721626924
805870537
425688552
348836283
893432126
589651494
340592268
552478599
938528974
746895844
822155155
467666264
326339751
90060059
790545632
236056981
281866722
722057361
651365498
916308930
916768163
22323679
847638933
381097014
62351757
842823652
610659956
788481749
386336208
683294097
459579834
98639559
495818217
822969206
572251214
154286560
641374458
641461004
312756111
171759436
875192806
631796391
385978209
25396210
602314658
92207857
283236368
881775611
824395712
477664333
22563955
623378840
38258629
854936091
260944835
631744291
930712648
924022770
946696809
63215599
766306102
753344926
274412161
793179980
842729395
232366018
843018175
429411218
832722828
