1000 328173451
284192951
52882821
794155184
728626645
208974908
861940310
427512422
83354922
369368015
47592074
111217934
212763499
398033940
455218217
44143174
411902456
723191381
716150353
810828562
635488251
672246580
344311553
905274526
239376584
80391399
123027198
647173990
575922858
158429893
150860397
905161904
141852596
386253194
122401291
726201651
533268004
680361591
48634570
227079543
470456381
259727230
535039872
290339036
99481540
229161942
652661693
827012705
888514385
839447148
325774460
421226893
431165271
872558683
185851973
797692192
665084075
380730838
724577647
942911107
701727267
264572228
431854473
66574203
746207327
151124328
439898018
892530914
800094882
857359677
763944678
662305505
620629467
440001302
812618739
899673391
657591794
772880771
769611835
732904696
97884679
312376404
351974077
629681081
351397318
122410436
169411715
347020107
647821905
334223785
859352439
139035130
131562454
271002338
95111033
242201816
997262912
384699309
38107596
479783831
779203718
207361376
564773101
852612370
285155130
720920235
80726484
522712015
537517087
908500394
645825354
418973251
145707045
471539700
805898315
254500676
677066458
965315026
708941841
823417400
711207668
381751614
410102653
302093440
390486344
347150686
757152377
278172454
245121035
100292748
40795860
770759285
185153351
678993487
306471719
87958345
960837474
797462409
317228280
706901571
937895004
259352448
318265360
103269241
925748358
517930402
595258261
247973207
773018660
919683249
921240960
308379025
661625385
908505459
97784143
453672680
132290301
745936658
328390228
608190470
69985740
139092570
138013052
122616404
238087659
678773621
777298078
1073172
597719860
575482929
674860951
565787887
206755047
100668347
172357569
969739734
88013127
197998144
47468796
310476727
873441299
578154519
979983808
952492029
80697798
163921936
123267811
695664731
556465707
998067128
585602136
207165491
840776308
597813497
545550037
609358615
761697738
645601527
52245072
889928587
577711773
879846764
164481197
896956557
326400922
46423310
212392979
633171300
804927907
201959778
182546370
678211808
166588933
931451283
729557991
99497186
8131724
716472970
76122480
397028
663367538
782454689
69136681
241286581
770760466
652816221
852053055
530341604
104793197
800245025
32321606
474607748
610792688
595657107
25893865
100986437
745640816
942138552
53874010
563212929
662173552
423206987
35842634
119786244
410738339
35611803
89993462
933179050
252672439
630650449
572066370
819839428
9785940
104276118
677851384
169146995
306024947
302510429
356942970
504968115
471776206
668778523
50769924
161958419
879332273
224928919
545935561
155294223
915003369
813969216
77408835
452449668
142810694
754219115
705201789
701450328
849868813
82503
970525003
604295070
623428145
199247406
580221043
390884252
674715076
796036207
821384708
692982881
319504518
549727856
736346238
954635022
519342523
850428370
847833964
723672184
516228306
671354158
253465472
870721
160166817
561303772
138380148
253963782
510639554
335490073
102313884
659149180
320749618
131726773
826147415
902041540
405923744
816337443
312143690
946385513
185466471
438258367
155307542
95166449
103423519
797894567
175807047
193395158
81011564
197614254
90987055
89492144
441620487
163418448
757744589
907434048
182486711
789276874
362089005
11271419
112944618
574570488
33226700
214628212
733029059
901049923
815420868
344003516
447484050
647624020
700879158
558356401
917736357
459194094
25973038
88308707
372911126
857000551
341210093
973735316
760827844
831124014
718383446
855300904
315974149
10061925
388463157
33214147
520816826
405898967
985020397
269815417
877588731
218331477
313967169
906646039
227860905
934716564
36186197
204472695
286127596
85980757
79584345
172883496
169398907
290726352
505974038
363380079
884549162
144199497
357163133
308736629
564403058
612899449
418690532
77887853
628665700
9784679
50717511
546643739
353141921
534164235
649029616
924243415
166143513
360519459
448290364
588013927
292060436
712376455
197237454
22399243
135821572
973553931
798433769
402550684
516153755
568295770
432704159
76882280
29515554
483796783
523336485
949212250
843992123
813757498
735132923
316205490
697619571
83103224
461729912
181065870
400718240
711525751
171826148
667411894
68626771
274036411
245126826
95849546
762502996
336463823
982493369
300031886
478031196
977010947
497035575
279999857
842090079
209528155
180859321
46481044
789778455
346608247
117958157
263827591
526545861
614309817
575936049
669775399
239954356
146900953
932322285
367086849
807649488
302797065
558668537
125527865
759752987
966200737
761285367
733970273
847162430
384081107
184918538
98126181
362612473
516874226
539547905
33370039
807851848
207052686
831163412
539973432
542213028
137689916
975662446
980808917
275055543
274405247
416718321
498160207
733280543
792279397
997831663
231550366
313729172
595744471
730795979
661171165
714147946
81850042
792958384
466570494
792342999
784496876
690583237
663807059
140363509
733128362
385259109
599897670
339827397
31680975
291989554
183068353
419926231
243946554
649321011
52900006
858712776
288631744
90465824
19110867
409224749
392528688
260954972
647547177
547962068
221279857
548939506
81767021
561061
618043261
599915695
240958258
867951587
652684235
982278527
637048898
99575306
677188925
311623607
930967083
321667714
192113937
1349542
136762849
779800452
879016487
344555958
669947463
405375133
683514286
550275241
597461168
467286493
923911536
545004071
799677291
741439386
785159102
473929155
156200241
887816967
482268521
930542857
105747639
552007556
940721035
421645015
745390203
731683202
910348840
224806568
417507036
534722596
734174291
966958856
623347127
608074789
823187058
647182667
802697505
25984105
875959664
717778886
681212329
737209493
792409522
443857134
44993297
907551423
628712273
986255425
655436185
164612570
521978161
239197580
942533319
952946424
651695260
473267995
877256131
855059883
675230933
776473386
184261422
217235223
979181603
108471501
753976483
416948401
574722393
179523825
974110548
795513249
83243084
14786058
296386583
564539565
883875453
533526477
167260080
491744696
131277917
307627526
771975389
103979437
397038483
362102553
964951721
977312461
606389839
947842045
838363035
59311654
257344244
743487336
553615657
314976468
353689095
145011080
605244316
577929161
444208793
490184926
323638183
479264751
554822073
55977195
386649088
17023535
169481929
573349552
14378147
266428918
548753040
853793828
175286719
214134036
136659031
342824608
557113460
579280294
326677833
808653128
760310513
921385181
493430647
58048313
720971611
16663271
359315423
557483220
849077479
640726042
489054605
314701388
552952642
475944074
458978793
343941051
3755863
204908477
582353614
44303547
433799328
594632762
144384109
285980
914299825
934750501
126784441
210900074
765570484
502832695
550138245
728268388
948420360
391168915
463185113
476865851
896428609
64629016
182039727
873237950
939491571
938543062
821425044
291842016
309299026
357654067
846862377
628058410
558033952
94792849
836193939
950894502
4539040
294131332
260859978
281977394
683329812
382878263
192028108
738739669
945442136
626363734
34352690
284960875
178012203
159350590
30743604
674505900
583043580
348038057
300347368
222393325
658934034
639077939
120717849
112135576
75278818
384546488
428754819
186140247
162575053
801292579
679049924
114903857
663136849
117574487
733988297
742548135
85710287
66207339
882561969
463971743
595592072
564271229
830730310
274048246
815777604
942181545
378476509
376521331
118809368
627708351
333110662
339580454
136103100
346019190
819792974
181665289
773316799
332176696
343421881
776575072
391353906
796690696
182054835
221624914
663074381
92341770
853778917
497155423
131387915
549487919
881697787
141913061
53230763
910350414
815677560
50434851
60767087
332021841
577687201
588747030
600978889
751948338
196514412
293290086
804816015
25790263
518474807
621463553
91886878
293377209
321892963
661581026
909501684
579357886
165624998
822170140
691597483
827343417
951238270
656103536
587370673
966847525
313612990
317868233
336881255
786549079
619569913
432497747
459430197
31158650
273087906
207408527
489319690
641768317
722722820
45765521
1112280
804602428
913917056
513381652
282450363
89568192
175067934
23009493
257178399
243449191
277640123
762547622
895829493
229929597
641994947
706192365
164241034
793841854
992143675
148339025
870443534
39855775
957277218
43036049
569841104
652031301
602955460
82015905
714577505
759967326
944718715
517562106
473735435
222907620
163957007
974225667
330884673
331571590
336028248
697927207
336784113
920334615
952373353
434244646
710747039
721801903
501251226
787912470
691253227
339153906
452959514
917310444
882012515
899656475
456245448
546448505
477392618
129772035
648508377
105899858
435386126
193112180
362066509
690675549
596144200
127671667
606662092
832910135
105736868
792583972
407029272
682955968
487010119
281834781
817201374
828460685
199599500
331483780
467925181
711741945
812663794
919912051
958062708
401914288
397606849
107229096
839456800
210175180
998597212
300661043
213234924
411669153
832684727
744756674
349243080
516710609
286393540
497618491
878811785
417432611
346607886
454807391
766037963
471236341
691149306
70383723
715893488
387242329
916154932
355235215
66123574
330105369
601216711
5442656
909277546
778519606
357166893
26218816
729817102
816094314
165123767
167566655
262648500
690668968
278121916
386087162
143725560
41601545
325616835
782904146
175801455
283479656
576591805
778362727
945492542
619163570
824499405
623970829
157175678
778479180
149124695
190479990
840916382
560125093
397576429
783221194
21304539
562291826
397485589
760930144
317075345
781506064
726782648
761573846
461943094
259172399
581382942
182169711
817191844
410590497
961885473
346764459
612213781
283109309
445481396
637107983
783862884
449226100
931735085
849141602
