1000 445972047
130901222
153452706
676354785
22186159
152067566
123111862
386889303
814439684
168715432
131639321
108752994
5368723
271785830
118050987
40341371
207165713
713549006
935256163
350408063
875918627
468627586
526519147
482871741
558037500
303784348
481187133
22167165
898600706
575106759
884491390
442191738
563670118
456174770
855329408
15724940
906480914
253233144
848348926
751881731
150782500
148668141
287536847
802314749
250242040
201692343
221046350
160412767
254835724
294254711
449692873
53099219
201786326
594100902
33353573
607872803
877291768
681831144
520685650
518554894
431098305
261389499
199997735
390834729
694889279
201032067
823009415
695169368
969463942
379144451
580389836
852932548
767710808
975872119
151025173
29972940
186387441
775503339
624314432
975103307
424812236
779690259
50893352
305777757
87090585
201900673
664283664
723158324
694684779
201058785
78854458
99527260
160994771
518410782
149130017
703173738
855280606
258016115
279641584
701581831
523339188
680863090
829550594
100102240
992591192
980107780
138243035
854898268
538782173
231564563
354717208
247064467
415131242
363543413
206671308
165031173
741059571
337950322
935413891
519875364
880349032
746616487
158263205
138112607
135017624
503996050
755652057
599708481
241263312
242185953
767108871
788229184
14860026
959573239
114719365
828667185
847050022
235119908
538707843
234906440
500809831
616570782
432205056
544740566
908628374
362546574
120603594
579914081
463867518
295005
546930310
141924255
702021458
385156669
662599284
261841843
913609397
610976992
137422400
526197247
915096782
135191031
350412437
840367571
811016959
353812044
694563322
306908641
393606568
999600375
648808653
467765945
877726658
363409830
511677717
156460614
318578316
717103509
683826458
581336491
186788990
181531237
504869545
826743920
188413714
872990556
794448616
537957890
708708594
523287678
282252185
531455837
5498809
117627361
424102242
678371752
189329011
704820021
113760540
255993685
337646479
886444153
663189374
381726953
808506204
407632104
497251363
175131104
579780125
99491506
827352359
53816910
379568344
597757914
106154528
553285257
285432441
665045107
634228787
507968880
136394132
844557027
78023401
594947058
164869771
186968693
52296162
954093615
777937113
811001856
821726242
31960486
212992884
292577769
49013195
380502605
201332171
966407728
827743427
115794552
51140464
323980704
80853810
477438838
277090096
280134193
164831755
595730595
983953189
754592028
115342737
781262342
717177239
598759004
789588769
842980063
624646499
320209185
734789337
506957673
270532007
851344358
531028723
313570007
876815256
963338786
527492540
514596505
170801395
752917935
971790359
713461929
422339838
121419897
541334326
157890795
832683001
149890182
385479837
337739096
216701130
402504971
222322389
327261221
937050254
38803698
722037932
604219217
398556944
496800133
377423420
306691954
960815184
292437287
64955635
41355055
3897471
239251793
474736657
506370579
214318131
223010476
762526853
457516044
795955217
856070191
964047156
56681975
626860554
569260615
123082179
834273955
993006789
782388219
847553555
822098588
917316593
931786572
724404154
631701672
159637118
247470522
528068343
478603483
822834581
631744736
418944575
225143607
483948427
907738161
683511903
460026908
792053237
215221339
782020514
964229631
657465905
962595731
979435479
688617833
163040522
958270736
368773534
2288860
171983045
974679803
377003205
118873223
794739306
582189739
445837187
397456293
313325825
721524716
351586241
351554607
840902322
451418504
824926658
704563971
859316325
406244092
489521218
30600865
777474593
938528431
201551649
645117339
162059361
915257486
423109300
40309796
609926496
669170581
695150724
70379738
615190734
182312848
669512669
412363529
794165268
492877008
509923793
948416010
260774716
787343783
821923912
99804955
438370248
532853930
948972688
705733053
209639139
711416455
267659818
941483437
510231762
943308867
572770903
569844880
823185927
744262033
124901617
938872889
69312406
716865401
43478645
757141955
629066170
743512100
414451566
26276792
190085658
467107963
42227967
996181066
517409344
314233402
326038610
985798097
966369225
397361734
530398218
823548378
804344910
801220734
368069337
326801603
967625124
626351330
752389456
478699023
407542412
417696797
869618882
448522327
581815771
924167613
362007254
390826295
56099994
525088830
244326993
175617975
855366211
415346447
400214541
28321432
832580968
722822059
72552128
843143675
912734767
74422828
724450865
112118715
413204342
890723314
458542436
596472328
801316542
778379728
696133517
87988310
935712143
191272746
118521340
128583863
50472988
88101060
771273614
384271293
449441822
624724615
526266722
224023072
911455211
693409032
266874418
278408481
768750464
878090790
360990588
935573050
545261167
107461255
550840761
926832596
140305840
308080694
861467537
186842489
983561341
642148006
980717554
123150848
150417662
180890156
593522140
243369302
28782232
438285220
744809133
903967175
847557249
54691312
782623526
365257321
645076393
769051371
90143818
552079575
282491838
878787596
939026157
858195684
602172740
274933535
934495180
748961306
676956415
858104380
243785772
577009600
78957481
796198693
213176745
974059135
442365899
602035355
396880951
157385209
163280508
729791825
656607024
342714762
102028176
245351643
769853216
651955305
866090854
673430303
209795490
612506095
767794366
446032225
846662349
124309300
78708466
120210882
796115238
559773732
785696945
22806727
344237475
5667138
644916972
308691287
843714098
636213257
327706781
318511729
354005912
208679626
977567657
43936995
97798877
139963646
932628760
489011940
108064212
163342364
713119630
114555347
288320446
211917893
958736010
74064091
951197650
533139265
375812978
537079136
821104707
937547507
426888812
666694909
17380339
882177977
484908165
572223515
611499765
669922426
608013779
647661218
119616866
283505434
360274375
898783647
85083534
739832356
414467386
265535486
394901666
117037545
238479155
726558762
81215891
87131132
975304526
21098749
817867284
353296814
847409493
367933888
287721926
769396686
740145029
972930227
275695185
730978714
246926552
887056640
280188900
120765525
486077452
873238994
366863617
657863456
307211323
330199614
714497296
96347551
563512689
111066525
25452945
342302535
93456407
637529869
240235004
985216303
343648157
844039241
620316621
566324948
603179835
349459616
543641816
848925925
271473057
919204649
398798485
161400086
501468267
898467494
188281821
857113587
985518557
424801894
73375456
736285931
262308037
618648215
441482142
864586367
496786569
40275875
962961890
766058769
359865400
148904891
712683538
701031499
205651495
944064564
223213923
411008675
279267839
976223156
219532208
767017637
633119613
252725725
806758402
261337010
785109038
357466436
458299756
346763177
14299280
205316320
993757338
568170411
903464419
278296303
352321175
154709237
625524568
968513993
988327428
847162583
526120523
316912667
365149467
793291532
563853162
743506325
699473027
468334923
666736807
875945757
470618593
118254628
193661680
504548887
799945892
324599609
265706817
729348990
152949330
699270165
391269547
829482469
922475416
78527998
676512669
785917731
176790296
998512456
108451379
153312936
59532985
507318855
232920476
393202687
187933921
724338290
721563731
112335061
747835011
252249408
108020856
134841532
516232471
515153122
311444673
247345868
481524411
672894993
737217895
358725486
98944406
312383976
252529566
574178509
904811037
527069921
523583943
713144760
490638239
651196025
56322553
276526087
562800769
918793841
844870718
459457979
983155339
115896202
400395373
347948942
535466030
418690171
362489318
50000052
172836477
403951988
986977741
601747482
479217689
805489990
175509220
806666143
412583162
601980631
846105865
525760537
628837765
597756780
644218041
809635422
472410581
377254137
424813630
102825691
686452144
338722294
59523580
303951834
930598800
37181961
866584331
148133854
680014031
488349858
469152827
832170463
677962665
319578904
6701141
332332682
431777053
598978110
600776281
443919564
423972605
534328850
655256241
126685447
240946365
429941658
179969627
90448137
507180694
751523408
735382450
166991304
334157895
93937161
411492470
938973614
669315730
389244277
489893967
742544251
580745933
949848816
952244683
726985983
960023056
461350608
36812308
401187377
385651183
309799609
26613655
200371680
757053231
917751645
897283802
681473341
889118176
683214864
799304825
441912404
605846366
7591986
340922096
448956446
109308390
568093057
325600675
389735151
169482623
477737808
792337544
106880023
697755551
167824884
8988587
591111181
869741591
326749104
572327709
480868298
638609118
769564227
64485039
49138941
780046053
393593716
751210684
474586914
952436710
697793215
88700640
705673990
956764364
150188470
868614631
91745770
935459827
668120450
572365523
529731402
791674874
189670703
663078731
804441635
978984457
416708720
810235740
47386197
732912607
26557096
849994243
260774063
865920632
195661582
857832596
758846379
460448280
826454467
267962852
996658564
927730083
675075583
496590724
191873116
884990859
155902177
674410938
320507029
274527768
405395301
269213871
756211925
183236
339664348
715558426
126033494
393716986
327724671
644353264
648175960
288398946
338311616
953897539
92954971
231951576
836659155
835927913
792620760
294740293
650258624
750280207
236044663
699816013
675397686
447564756
861923884
532192874
355066979
730637400
244569773
354832591
127552523
575354905
540415629
272155118
774010447
619988288
236392640
383433185
806499847
577671903
232344158
597769156
413240422
77513386
842063469
774260350
581673438
386820032
665656464
597276500
63651966
657143718
160498331
235231821
342810861
522223761
865555969
633198667
428895366
789553848
877932844
586308209
569516322
887120313
84427984
301804567
316820032
180040737
955427463
491296945
449213862
782426483
521629007
913034168
297955511
777955648
