3
0 10 5
0 6 10
0 16 5
7
-10000 -10000 3
-9999 -10000 5
-9998 -10000 7
-9997 -10000 9
-9996 -10000 11
-9995 -10000 13
-9994 -10000 15
7
10000 -10000 4
9999 -10000 6
9998 -10000 8
9997 -10000 10
9996 -10000 12
9995 -10000 14
9994 -10000 16
7
10000 -10000 5
9999 -10000 7
9998 -10000 9
9997 -10000 11
9996 -10000 13
9995 -10000 15
9994 -10000 17
8
10000 -10000 5
9999 -10000 7
9998 -10000 9
9997 -10000 11
9996 -10000 13
9995 -10000 15
9994 -10000 17
0 0 100
4
10 10 5
8 7 6
9 8 10
0 8 1
4
10 10 5
8 7 6
9 8 10
0 8 2
4
10 10 5
8 7 6
9 8 10
0 8 3
4
10 10 5
8 7 6
9 8 10
0 8 6
4
10 10 5
8 7 6
9 8 10
0 8 7
4
10 10 5
8 7 6
9 8 10
0 8 10
4
10 10 5
8 7 6
9 8 10
0 8 11
4
10 10 5
8 7 6
9 8 10
0 8 13
3
0 0 10
2 0 12
-4 1 1
4
0 0 12
0 0 10
6 1 10
6 1 1
4
0 0 4
0 1 4
1 0 4
-1 -1 4
2
10 10 5
0 0 3
1000
0 0 1000
0 1 999
0 2 998
0 3 997
0 4 996
0 5 995
0 6 994
0 7 993
0 8 992
0 9 991
0 10 990
0 11 989
0 12 988
0 13 987
0 14 986
0 15 985
0 16 984
0 17 983
0 18 982
0 19 981
0 20 980
0 21 979
0 22 978
0 23 977
0 24 976
0 25 975
0 26 974
0 27 973
0 28 972
0 29 971
0 30 970
0 31 969
0 32 968
0 33 967
0 34 966
0 35 965
0 36 964
0 37 963
0 38 962
0 39 961
0 40 960
0 41 959
0 42 958
0 43 957
0 44 956
0 45 955
0 46 954
0 47 953
0 48 952
0 49 951
0 50 950
0 51 949
0 52 948
0 53 947
0 54 946
0 55 945
0 56 944
0 57 943
0 58 942
0 59 941
0 60 940
0 61 939
0 62 938
0 63 937
0 64 936
0 65 935
0 66 934
0 67 933
0 68 932
0 69 931
0 70 930
0 71 929
0 72 928
0 73 927
0 74 926
0 75 925
0 76 924
0 77 923
0 78 922
0 79 921
0 80 920
0 81 919
0 82 918
0 83 917
0 84 916
0 85 915
0 86 914
0 87 913
0 88 912
0 89 911
0 90 910
0 91 909
0 92 908
0 93 907
0 94 906
0 95 905
0 96 904
0 97 903
0 98 902
0 99 901
0 100 900
0 101 899
0 102 898
0 103 897
0 104 896
0 105 895
0 106 894
0 107 893
0 108 892
0 109 891
0 110 890
0 111 889
0 112 888
0 113 887
0 114 886
0 115 885
0 116 884
0 117 883
0 118 882
0 119 881
0 120 880
0 121 879
0 122 878
0 123 877
0 124 876
0 125 875
0 126 874
0 127 873
0 128 872
0 129 871
0 130 870
0 131 869
0 132 868
0 133 867
0 134 866
0 135 865
0 136 864
0 137 863
0 138 862
0 139 861
0 140 860
0 141 859
0 142 858
0 143 857
0 144 856
0 145 855
0 146 854
0 147 853
0 148 852
0 149 851
0 150 850
0 151 849
0 152 848
0 153 847
0 154 846
0 155 845
0 156 844
0 157 843
0 158 842
0 159 841
0 160 840
0 161 839
0 162 838
0 163 837
0 164 836
0 165 835
0 166 834
0 167 833
0 168 832
0 169 831
0 170 830
0 171 829
0 172 828
0 173 827
0 174 826
0 175 825
0 176 824
0 177 823
0 178 822
0 179 821
0 180 820
0 181 819
0 182 818
0 183 817
0 184 816
0 185 815
0 186 814
0 187 813
0 188 812
0 189 811
0 190 810
0 191 809
0 192 808
0 193 807
0 194 806
0 195 805
0 196 804
0 197 803
0 198 802
0 199 801
0 200 800
0 201 799
0 202 798
0 203 797
0 204 796
0 205 795
0 206 794
0 207 793
0 208 792
0 209 791
0 210 790
0 211 789
0 212 788
0 213 787
0 214 786
0 215 785
0 216 784
0 217 783
0 218 782
0 219 781
0 220 780
0 221 779
0 222 778
0 223 777
0 224 776
0 225 775
0 226 774
0 227 773
0 228 772
0 229 771
0 230 770
0 231 769
0 232 768
0 233 767
0 234 766
0 235 765
0 236 764
0 237 763
0 238 762
0 239 761
0 240 760
0 241 759
0 242 758
0 243 757
0 244 756
0 245 755
0 246 754
0 247 753
0 248 752
0 249 751
0 250 750
0 251 749
0 252 748
0 253 747
0 254 746
0 255 745
0 256 744
0 257 743
0 258 742
0 259 741
0 260 740
0 261 739
0 262 738
0 263 737
0 264 736
0 265 735
0 266 734
0 267 733
0 268 732
0 269 731
0 270 730
0 271 729
0 272 728
0 273 727
0 274 726
0 275 725
0 276 724
0 277 723
0 278 722
0 279 721
0 280 720
0 281 719
0 282 718
0 283 717
0 284 716
0 285 715
0 286 714
0 287 713
0 288 712
0 289 711
0 290 710
0 291 709
0 292 708
0 293 707
0 294 706
0 295 705
0 296 704
0 297 703
0 298 702
0 299 701
0 300 700
0 301 699
0 302 698
0 303 697
0 304 696
0 305 695
0 306 694
0 307 693
0 308 692
0 309 691
0 310 690
0 311 689
0 312 688
0 313 687
0 314 686
0 315 685
0 316 684
0 317 683
0 318 682
0 319 681
0 320 680
0 321 679
0 322 678
0 323 677
0 324 676
0 325 675
0 326 674
0 327 673
0 328 672
0 329 671
0 330 670
0 331 669
0 332 668
0 333 667
0 334 666
0 335 665
0 336 664
0 337 663
0 338 662
0 339 661
0 340 660
0 341 659
0 342 658
0 343 657
0 344 656
0 345 655
0 346 654
0 347 653
0 348 652
0 349 651
0 350 650
0 351 649
0 352 648
0 353 647
0 354 646
0 355 645
0 356 644
0 357 643
0 358 642
0 359 641
0 360 640
0 361 639
0 362 638
0 363 637
0 364 636
0 365 635
0 366 634
0 367 633
0 368 632
0 369 631
0 370 630
0 371 629
0 372 628
0 373 627
0 374 626
0 375 625
0 376 624
0 377 623
0 378 622
0 379 621
0 380 620
0 381 619
0 382 618
0 383 617
0 384 616
0 385 615
0 386 614
0 387 613
0 388 612
0 389 611
0 390 610
0 391 609
0 392 608
0 393 607
0 394 606
0 395 605
0 396 604
0 397 603
0 398 602
0 399 601
0 400 600
0 401 599
0 402 598
0 403 597
0 404 596
0 405 595
0 406 594
0 407 593
0 408 592
0 409 591
0 410 590
0 411 589
0 412 588
0 413 587
0 414 586
0 415 585
0 416 584
0 417 583
0 418 582
0 419 581
0 420 580
0 421 579
0 422 578
0 423 577
0 424 576
0 425 575
0 426 574
0 427 573
0 428 572
0 429 571
0 430 570
0 431 569
0 432 568
0 433 567
0 434 566
0 435 565
0 436 564
0 437 563
0 438 562
0 439 561
0 440 560
0 441 559
0 442 558
0 443 557
0 444 556
0 445 555
0 446 554
0 447 553
0 448 552
0 449 551
0 450 550
0 451 549
0 452 548
0 453 547
0 454 546
0 455 545
0 456 544
0 457 543
0 458 542
0 459 541
0 460 540
0 461 539
0 462 538
0 463 537
0 464 536
0 465 535
0 466 534
0 467 533
0 468 532
0 469 531
0 470 530
0 471 529
0 472 528
0 473 527
0 474 526
0 475 525
0 476 524
0 477 523
0 478 522
0 479 521
0 480 520
0 481 519
0 482 518
0 483 517
0 484 516
0 485 515
0 486 514
0 487 513
0 488 512
0 489 511
0 490 510
0 491 509
0 492 508
0 493 507
0 494 506
0 495 505
0 496 504
0 497 503
0 498 502
0 499 501
0 500 500
0 501 499
0 502 498
0 503 497
0 504 496
0 505 495
0 506 494
0 507 493
0 508 492
0 509 491
0 510 490
0 511 489
0 512 488
0 513 487
0 514 486
0 515 485
0 516 484
0 517 483
0 518 482
0 519 481
0 520 480
0 521 479
0 522 478
0 523 477
0 524 476
0 525 475
0 526 474
0 527 473
0 528 472
0 529 471
0 530 470
0 531 469
0 532 468
0 533 467
0 534 466
0 535 465
0 536 464
0 537 463
0 538 462
0 539 461
0 540 460
0 541 459
0 542 458
0 543 457
0 544 456
0 545 455
0 546 454
0 547 453
0 548 452
0 549 451
0 550 450
0 551 449
0 552 448
0 553 447
0 554 446
0 555 445
0 556 444
0 557 443
0 558 442
0 559 441
0 560 440
0 561 439
0 562 438
0 563 437
0 564 436
0 565 435
0 566 434
0 567 433
0 568 432
0 569 431
0 570 430
0 571 429
0 572 428
0 573 427
0 574 426
0 575 425
0 576 424
0 577 423
0 578 422
0 579 421
0 580 420
0 581 419
0 582 418
0 583 417
0 584 416
0 585 415
0 586 414
0 587 413
0 588 412
0 589 411
0 590 410
0 591 409
0 592 408
0 593 407
0 594 406
0 595 405
0 596 404
0 597 403
0 598 402
0 599 401
0 600 400
0 601 399
0 602 398
0 603 397
0 604 396
0 605 395
0 606 394
0 607 393
0 608 392
0 609 391
0 610 390
0 611 389
0 612 388
0 613 387
0 614 386
0 615 385
0 616 384
0 617 383
0 618 382
0 619 381
0 620 380
0 621 379
0 622 378
0 623 377
0 624 376
0 625 375
0 626 374
0 627 373
0 628 372
0 629 371
0 630 370
0 631 369
0 632 368
0 633 367
0 634 366
0 635 365
0 636 364
0 637 363
0 638 362
0 639 361
0 640 360
0 641 359
0 642 358
0 643 357
0 644 356
0 645 355
0 646 354
0 647 353
0 648 352
0 649 351
0 650 350
0 651 349
0 652 348
0 653 347
0 654 346
0 655 345
0 656 344
0 657 343
0 658 342
0 659 341
0 660 340
0 661 339
0 662 338
0 663 337
0 664 336
0 665 335
0 666 334
0 667 333
0 668 332
0 669 331
0 670 330
0 671 329
0 672 328
0 673 327
0 674 326
0 675 325
0 676 324
0 677 323
0 678 322
0 679 321
0 680 320
0 681 319
0 682 318
0 683 317
0 684 316
0 685 315
0 686 314
0 687 313
0 688 312
0 689 311
0 690 310
0 691 309
0 692 308
0 693 307
0 694 306
0 695 305
0 696 304
0 697 303
0 698 302
0 699 301
0 700 300
0 701 299
0 702 298
0 703 297
0 704 296
0 705 295
0 706 294
0 707 293
0 708 292
0 709 291
0 710 290
0 711 289
0 712 288
0 713 287
0 714 286
0 715 285
0 716 284
0 717 283
0 718 282
0 719 281
0 720 280
0 721 279
0 722 278
0 723 277
0 724 276
0 725 275
0 726 274
0 727 273
0 728 272
0 729 271
0 730 270
0 731 269
0 732 268
0 733 267
0 734 266
0 735 265
0 736 264
0 737 263
0 738 262
0 739 261
0 740 260
0 741 259
0 742 258
0 743 257
0 744 256
0 745 255
0 746 254
0 747 253
0 748 252
0 749 251
0 750 250
0 751 249
0 752 248
0 753 247
0 754 246
0 755 245
0 756 244
0 757 243
0 758 242
0 759 241
0 760 240
0 761 239
0 762 238
0 763 237
0 764 236
0 765 235
0 766 234
0 767 233
0 768 232
0 769 231
0 770 230
0 771 229
0 772 228
0 773 227
0 774 226
0 775 225
0 776 224
0 777 223
0 778 222
0 779 221
0 780 220
0 781 219
0 782 218
0 783 217
0 784 216
0 785 215
0 786 214
0 787 213
0 788 212
0 789 211
0 790 210
0 791 209
0 792 208
0 793 207
0 794 206
0 795 205
0 796 204
0 797 203
0 798 202
0 799 201
0 800 200
0 801 199
0 802 198
0 803 197
0 804 196
0 805 195
0 806 194
0 807 193
0 808 192
0 809 191
0 810 190
0 811 189
0 812 188
0 813 187
0 814 186
0 815 185
0 816 184
0 817 183
0 818 182
0 819 181
0 820 180
0 821 179
0 822 178
0 823 177
0 824 176
0 825 175
0 826 174
0 827 173
0 828 172
0 829 171
0 830 170
0 831 169
0 832 168
0 833 167
0 834 166
0 835 165
0 836 164
0 837 163
0 838 162
0 839 161
0 840 160
0 841 159
0 842 158
0 843 157
0 844 156
0 845 155
0 846 154
0 847 153
0 848 152
0 849 151
0 850 150
0 851 149
0 852 148
0 853 147
0 854 146
0 855 145
0 856 144
0 857 143
0 858 142
0 859 141
0 860 140
0 861 139
0 862 138
0 863 137
0 864 136
0 865 135
0 866 134
0 867 133
0 868 132
0 869 131
0 870 130
0 871 129
0 872 128
0 873 127
0 874 126
0 875 125
0 876 124
0 877 123
0 878 122
0 879 121
0 880 120
0 881 119
0 882 118
0 883 117
0 884 116
0 885 115
0 886 114
0 887 113
0 888 112
0 889 111
0 890 110
0 891 109
0 892 108
0 893 107
0 894 106
0 895 105
0 896 104
0 897 103
0 898 102
0 899 101
0 900 100
0 901 99
0 902 98
0 903 97
0 904 96
0 905 95
0 906 94
0 907 93
0 908 92
0 909 91
0 910 90
0 911 89
0 912 88
0 913 87
0 914 86
0 915 85
0 916 84
0 917 83
0 918 82
0 919 81
0 920 80
0 921 79
0 922 78
0 923 77
0 924 76
0 925 75
0 926 74
0 927 73
0 928 72
0 929 71
0 930 70
0 931 69
0 932 68
0 933 67
0 934 66
0 935 65
0 936 64
0 937 63
0 938 62
0 939 61
0 940 60
0 941 59
0 942 58
0 943 57
0 944 56
0 945 55
0 946 54
0 947 53
0 948 52
0 949 51
0 950 50
0 951 49
0 952 48
0 953 47
0 954 46
0 955 45
0 956 44
0 957 43
0 958 42
0 959 41
0 960 40
0 961 39
0 962 38
0 963 37
0 964 36
0 965 35
0 966 34
0 967 33
0 968 32
0 969 31
0 970 30
0 971 29
0 972 28
0 973 27
0 974 26
0 975 25
0 976 24
0 977 23
0 978 22
0 979 21
0 980 20
0 981 19
0 982 18
0 983 17
0 984 16
0 985 15
0 986 14
0 987 13
0 988 12
0 989 11
0 990 10
0 991 9
0 992 8
0 993 7
0 994 6
0 995 5
0 996 4
0 997 3
0 998 2
0 999 1
1000
0 0 1000
1 1 999
2 2 998
3 3 997
4 4 996
5 5 995
6 6 994
7 7 993
8 8 992
9 9 991
10 10 990
11 11 989
12 12 988
13 13 987
14 14 986
15 15 985
16 16 984
17 17 983
18 18 982
19 19 981
20 20 980
21 21 979
22 22 978
23 23 977
24 24 976
25 25 975
26 26 974
27 27 973
28 28 972
29 29 971
30 30 970
31 31 969
32 32 968
33 33 967
34 34 966
35 35 965
36 36 964
37 37 963
38 38 962
39 39 961
40 40 960
41 41 959
42 42 958
43 43 957
44 44 956
45 45 955
46 46 954
47 47 953
48 48 952
49 49 951
50 50 950
51 51 949
52 52 948
53 53 947
54 54 946
55 55 945
56 56 944
57 57 943
58 58 942
59 59 941
60 60 940
61 61 939
62 62 938
63 63 937
64 64 936
65 65 935
66 66 934
67 67 933
68 68 932
69 69 931
70 70 930
71 71 929
72 72 928
73 73 927
74 74 926
75 75 925
76 76 924
77 77 923
78 78 922
79 79 921
80 80 920
81 81 919
82 82 918
83 83 917
84 84 916
85 85 915
86 86 914
87 87 913
88 88 912
89 89 911
90 90 910
91 91 909
92 92 908
93 93 907
94 94 906
95 95 905
96 96 904
97 97 903
98 98 902
99 99 901
100 100 900
101 101 899
102 102 898
103 103 897
104 104 896
105 105 895
106 106 894
107 107 893
108 108 892
109 109 891
110 110 890
111 111 889
112 112 888
113 113 887
114 114 886
115 115 885
116 116 884
117 117 883
118 118 882
119 119 881
120 120 880
121 121 879
122 122 878
123 123 877
124 124 876
125 125 875
126 126 874
127 127 873
128 128 872
129 129 871
130 130 870
131 131 869
132 132 868
133 133 867
134 134 866
135 135 865
136 136 864
137 137 863
138 138 862
139 139 861
140 140 860
141 141 859
142 142 858
143 143 857
144 144 856
145 145 855
146 146 854
147 147 853
148 148 852
149 149 851
150 150 850
151 151 849
152 152 848
153 153 847
154 154 846
155 155 845
156 156 844
157 157 843
158 158 842
159 159 841
160 160 840
161 161 839
162 162 838
163 163 837
164 164 836
165 165 835
166 166 834
167 167 833
168 168 832
169 169 831
170 170 830
171 171 829
172 172 828
173 173 827
174 174 826
175 175 825
176 176 824
177 177 823
178 178 822
179 179 821
180 180 820
181 181 819
182 182 818
183 183 817
184 184 816
185 185 815
186 186 814
187 187 813
188 188 812
189 189 811
190 190 810
191 191 809
192 192 808
193 193 807
194 194 806
195 195 805
196 196 804
197 197 803
198 198 802
199 199 801
200 200 800
201 201 799
202 202 798
203 203 797
204 204 796
205 205 795
206 206 794
207 207 793
208 208 792
209 209 791
210 210 790
211 211 789
212 212 788
213 213 787
214 214 786
215 215 785
216 216 784
217 217 783
218 218 782
219 219 781
220 220 780
221 221 779
222 222 778
223 223 777
224 224 776
225 225 775
226 226 774
227 227 773
228 228 772
229 229 771
230 230 770
231 231 769
232 232 768
233 233 767
234 234 766
235 235 765
236 236 764
237 237 763
238 238 762
239 239 761
240 240 760
241 241 759
242 242 758
243 243 757
244 244 756
245 245 755
246 246 754
247 247 753
248 248 752
249 249 751
250 250 750
251 251 749
252 252 748
253 253 747
254 254 746
255 255 745
256 256 744
257 257 743
258 258 742
259 259 741
260 260 740
261 261 739
262 262 738
263 263 737
264 264 736
265 265 735
266 266 734
267 267 733
268 268 732
269 269 731
270 270 730
271 271 729
272 272 728
273 273 727
274 274 726
275 275 725
276 276 724
277 277 723
278 278 722
279 279 721
280 280 720
281 281 719
282 282 718
283 283 717
284 284 716
285 285 715
286 286 714
287 287 713
288 288 712
289 289 711
290 290 710
291 291 709
292 292 708
293 293 707
294 294 706
295 295 705
296 296 704
297 297 703
298 298 702
299 299 701
300 300 700
301 301 699
302 302 698
303 303 697
304 304 696
305 305 695
306 306 694
307 307 693
308 308 692
309 309 691
310 310 690
311 311 689
312 312 688
313 313 687
314 314 686
315 315 685
316 316 684
317 317 683
318 318 682
319 319 681
320 320 680
321 321 679
322 322 678
323 323 677
324 324 676
325 325 675
326 326 674
327 327 673
328 328 672
329 329 671
330 330 670
331 331 669
332 332 668
333 333 667
334 334 666
335 335 665
336 336 664
337 337 663
338 338 662
339 339 661
340 340 660
341 341 659
342 342 658
343 343 657
344 344 656
345 345 655
346 346 654
347 347 653
348 348 652
349 349 651
350 350 650
351 351 649
352 352 648
353 353 647
354 354 646
355 355 645
356 356 644
357 357 643
358 358 642
359 359 641
360 360 640
361 361 639
362 362 638
363 363 637
364 364 636
365 365 635
366 366 634
367 367 633
368 368 632
369 369 631
370 370 630
371 371 629
372 372 628
373 373 627
374 374 626
375 375 625
376 376 624
377 377 623
378 378 622
379 379 621
380 380 620
381 381 619
382 382 618
383 383 617
384 384 616
385 385 615
386 386 614
387 387 613
388 388 612
389 389 611
390 390 610
391 391 609
392 392 608
393 393 607
394 394 606
395 395 605
396 396 604
397 397 603
398 398 602
399 399 601
400 400 600
401 401 599
402 402 598
403 403 597
404 404 596
405 405 595
406 406 594
407 407 593
408 408 592
409 409 591
410 410 590
411 411 589
412 412 588
413 413 587
414 414 586
415 415 585
416 416 584
417 417 583
418 418 582
419 419 581
420 420 580
421 421 579
422 422 578
423 423 577
424 424 576
425 425 575
426 426 574
427 427 573
428 428 572
429 429 571
430 430 570
431 431 569
432 432 568
433 433 567
434 434 566
435 435 565
436 436 564
437 437 563
438 438 562
439 439 561
440 440 560
441 441 559
442 442 558
443 443 557
444 444 556
445 445 555
446 446 554
447 447 553
448 448 552
449 449 551
450 450 550
451 451 549
452 452 548
453 453 547
454 454 546
455 455 545
456 456 544
457 457 543
458 458 542
459 459 541
460 460 540
461 461 539
462 462 538
463 463 537
464 464 536
465 465 535
466 466 534
467 467 533
468 468 532
469 469 531
470 470 530
471 471 529
472 472 528
473 473 527
474 474 526
475 475 525
476 476 524
477 477 523
478 478 522
479 479 521
480 480 520
481 481 519
482 482 518
483 483 517
484 484 516
485 485 515
486 486 514
487 487 513
488 488 512
489 489 511
490 490 510
491 491 509
492 492 508
493 493 507
494 494 506
495 495 505
496 496 504
497 497 503
498 498 502
499 499 501
500 -500 500
501 501 499
502 502 498
503 503 497
504 504 496
505 505 495
506 506 494
507 507 493
508 508 492
509 509 491
510 510 490
511 511 489
512 512 488
513 513 487
514 514 486
515 515 485
516 516 484
517 517 483
518 518 482
519 519 481
520 520 480
521 521 479
522 522 478
523 523 477
524 524 476
525 525 475
526 526 474
527 527 473
528 528 472
529 529 471
530 530 470
531 531 469
532 532 468
533 533 467
534 534 466
535 535 465
536 536 464
537 537 463
538 538 462
539 539 461
540 540 460
541 541 459
542 542 458
543 543 457
544 544 456
545 545 455
546 546 454
547 547 453
548 548 452
549 549 451
550 550 450
551 551 449
552 552 448
553 553 447
554 554 446
555 555 445
556 556 444
557 557 443
558 558 442
559 559 441
560 560 440
561 561 439
562 562 438
563 563 437
564 564 436
565 565 435
566 566 434
567 567 433
568 568 432
569 569 431
570 570 430
571 571 429
572 572 428
573 573 427
574 574 426
575 575 425
576 576 424
577 577 423
578 578 422
579 579 421
580 580 420
581 581 419
582 582 418
583 583 417
584 584 416
585 585 415
586 586 414
587 587 413
588 588 412
589 589 411
590 590 410
591 591 409
592 592 408
593 593 407
594 594 406
595 595 405
596 596 404
597 597 403
598 598 402
599 599 401
600 600 400
601 601 399
602 602 398
603 603 397
604 604 396
605 605 395
606 606 394
607 607 393
608 608 392
609 609 391
610 610 390
611 611 389
612 612 388
613 613 387
614 614 386
615 615 385
616 616 384
617 617 383
618 618 382
619 619 381
620 620 380
621 621 379
622 622 378
623 623 377
624 624 376
625 625 375
626 626 374
627 627 373
628 628 372
629 629 371
630 630 370
631 631 369
632 632 368
633 633 367
634 634 366
635 635 365
636 636 364
637 637 363
638 638 362
639 639 361
640 640 360
641 641 359
642 642 358
643 643 357
644 644 356
645 645 355
646 646 354
647 647 353
648 648 352
649 649 351
650 650 350
651 651 349
652 652 348
653 653 347
654 654 346
655 655 345
656 656 344
657 657 343
658 658 342
659 659 341
660 660 340
661 661 339
662 662 338
663 663 337
664 664 336
665 665 335
666 666 334
667 667 333
668 668 332
669 669 331
670 670 330
671 671 329
672 672 328
673 673 327
674 674 326
675 675 325
676 676 324
677 677 323
678 678 322
679 679 321
680 680 320
681 681 319
682 682 318
683 683 317
684 684 316
685 685 315
686 686 314
687 687 313
688 688 312
689 689 311
690 690 310
691 691 309
692 692 308
693 693 307
694 694 306
695 695 305
696 696 304
697 697 303
698 698 302
699 699 301
700 700 300
701 701 299
702 702 298
703 703 297
704 704 296
705 705 295
706 706 294
707 707 293
708 708 292
709 709 291
710 710 290
711 711 289
712 712 288
713 713 287
714 714 286
715 715 285
716 716 284
717 717 283
718 718 282
719 719 281
720 720 280
721 721 279
722 722 278
723 723 277
724 724 276
725 725 275
726 726 274
727 727 273
728 728 272
729 729 271
730 730 270
731 731 269
732 732 268
733 733 267
734 734 266
735 735 265
736 736 264
737 737 263
738 738 262
739 739 261
740 740 260
741 741 259
742 742 258
743 743 257
744 744 256
745 745 255
746 746 254
747 747 253
748 748 252
749 749 251
750 750 250
751 751 249
752 752 248
753 753 247
754 754 246
755 755 245
756 756 244
757 757 243
758 758 242
759 759 241
760 760 240
761 761 239
762 762 238
763 763 237
764 764 236
765 765 235
766 766 234
767 767 233
768 768 232
769 769 231
770 770 230
771 771 229
772 772 228
773 773 227
774 774 226
775 775 225
776 776 224
777 777 223
778 778 222
779 779 221
780 780 220
781 781 219
782 782 218
783 783 217
784 784 216
785 785 215
786 786 214
787 787 213
788 788 212
789 789 211
790 790 210
791 791 209
792 792 208
793 793 207
794 794 206
795 795 205
796 796 204
797 797 203
798 798 202
799 799 201
800 800 200
801 801 199
802 802 198
803 803 197
804 804 196
805 805 195
806 806 194
807 807 193
808 808 192
809 809 191
810 810 190
811 811 189
812 812 188
813 813 187
814 814 186
815 815 185
816 816 184
817 817 183
818 818 182
819 819 181
820 820 180
821 821 179
822 822 178
823 823 177
824 824 176
825 825 175
826 826 174
827 827 173
828 828 172
829 829 171
830 830 170
831 831 169
832 832 168
833 833 167
834 834 166
835 835 165
836 836 164
837 837 163
838 838 162
839 839 161
840 840 160
841 841 159
842 842 158
843 843 157
844 844 156
845 845 155
846 846 154
847 847 153
848 848 152
849 849 151
850 850 150
851 851 149
852 852 148
853 853 147
854 854 146
855 855 145
856 856 144
857 857 143
858 858 142
859 859 141
860 860 140
861 861 139
862 862 138
863 863 137
864 864 136
865 865 135
866 866 134
867 867 133
868 868 132
869 869 131
870 870 130
871 871 129
872 872 128
873 873 127
874 874 126
875 875 125
876 876 124
877 877 123
878 878 122
879 879 121
880 880 120
881 881 119
882 882 118
883 883 117
884 884 116
885 885 115
886 886 114
887 887 113
888 888 112
889 889 111
890 890 110
891 891 109
892 892 108
893 893 107
894 894 106
895 895 105
896 896 104
897 897 103
898 898 102
899 899 101
900 900 100
901 901 99
902 902 98
903 903 97
904 904 96
905 905 95
906 906 94
907 907 93
908 908 92
909 909 91
910 910 90
911 911 89
912 912 88
913 913 87
914 914 86
915 915 85
916 916 84
917 917 83
918 918 82
919 919 81
920 920 80
921 921 79
922 922 78
923 923 77
924 924 76
925 925 75
926 926 74
927 927 73
928 928 72
929 929 71
930 930 70
931 931 69
932 932 68
933 933 67
934 934 66
935 935 65
936 936 64
937 937 63
938 938 62
939 939 61
940 940 60
941 941 59
942 942 58
943 943 57
944 944 56
945 945 55
946 946 54
947 947 53
948 948 52
949 949 51
950 950 50
951 951 49
952 952 48
953 953 47
954 954 46
955 955 45
956 956 44
957 957 43
958 958 42
959 959 41
960 960 40
961 961 39
962 962 38
963 963 37
964 964 36
965 965 35
966 966 34
967 967 33
968 968 32
969 969 31
970 970 30
971 971 29
972 972 28
973 973 27
974 974 26
975 975 25
976 976 24
977 977 23
978 978 22
979 979 21
980 980 20
981 981 19
982 982 18
983 983 17
984 984 16
985 985 15
986 986 14
987 987 13
988 988 12
989 989 11
990 990 10
991 991 9
992 992 8
993 993 7
994 994 6
995 995 5
996 996 4
997 997 3
998 998 2
999 999 1
0
