8000 5
498
-583
225
-601
65
693
-294
-993
79
-51
-12
438
300
-449
-470
-125
589
-178
-880
51
-516
694
56
-337
-946
-542
304
-972
664
108
-974
-194
-987
-800
851
470
-84
-641
-708
937
824
-527
-409
-814
847
741
-678
-607
844
7
565
418
860
-304
-685
524
-212
-452
939
-762
-272
-388
-598
-272
-761
-862
-200
-962
-722
722
561
-858
-242
-447
-891
692
-182
-8
513
318
-912
-528
312
11
626
576
-874
-322
245
-945
199
536
-181
84
-286
784
-984
287
230
295
-208
92
229
497
-36
-807
-11
-808
-37
830
-527
-671
227
-798
-214
-613
-862
-81
136
-970
-243
225
201
-73
113
556
702
324
-803
845
-753
545
-272
834
-594
-479
85
275
276
-38
-359
611
-332
-175
-23
682
-471
219
733
-421
695
403
775
-356
-319
-768
-244
-32
959
896
-805
455
407
313
866
108
-158
-545
279
209
83
-20
-271
-460
-622
658
-559
248
-598
-780
-287
-539
-303
-921
-465
-797
550
-443
108
587
-366
-286
46
946
-558
58
-130
-106
-431
-445
-458
171
739
-6
-592
-708
502
-825
-692
230
200
-421
-38
160
-520
353
84
-663
660
-78
844
-783
-163
-180
845
-819
-309
987
621
217
110
895
375
419
-298
-589
348
589
-536
-752
429
-889
-180
-89
-908
-806
296
-972
-778
-332
-200
-909
921
-822
-604
-652
281
168
244
-198
-51
506
530
616
372
-250
122
948
-962
-173
-739
-943
-548
-623
-182
474
-354
163
925
-490
714
163
688
224
-785
-390
-669
991
-243
677
925
-429
-694
459
853
-733
-315
-336
-790
143
-323
852
909
-498
508
-968
88
-255
-224
790
612
510
-761
-320
674
723
-100
477
604
-523
379
-915
601
515
-985
664
-435
-718
577
672
41
-758
331
-522
872
-709
-277
884
-984
165
-567
-347
-162
33
566
-303
389
880
514
234
799
862
-81
697
90
194
574
110
-922
-988
878
12
779
-408
-604
684
894
-695
809
-855
467
93
-761
888
515
-710
721
967
-164
-905
343
-595
279
869
75
-128
-243
472
290
-142
899
139
-597
102
-791
-971
157
702
-510
9
387
-325
-779
842
-283
509
722
820
106
-530
-746
804
-963
446
557
-864
-426
-48
-696
609
-901
29
184
-891
875
605
-761
-785
-832
326
32
176
680
231
344
263
-814
-963
497
713
955
213
463
-535
-673
-295
900
-314
371
-151
163
487
89
-512
141
-709
228
893
640
-688
-423
-618
34
-59
-265
605
369
49
-324
-428
937
-934
-942
-786
-379
-903
626
625
-644
-782
-637
-753
701
213
-159
-471
-700
154
-681
-302
-710
-315
-387
-686
803
559
249
-250
-116
-207
36
40
-403
771
436
866
-8
652
332
-642
354
-574
630
-268
-345
-620
738
433
62
-420
-276
178
-58
468
961
299
486
-501
132
-128
364
-150
568
-242
394
347
-777
-189
819
489
476
-43
45
994
-39
-875
-823
143
-348
-207
621
159
-22
-383
918
99
532
-578
-967
103
576
-430
-389
-433
-487
-921
-601
-231
-195
439
-632
936
-276
994
-325
778
793
-86
206
441
423
-380
-600
-719
-718
854
-469
604
-219
-422
563
40
-798
601
-54
769
474
-257
843
282
-70
-855
230
78
364
-668
-812
549
489
141
-261
786
178
-411
974
141
311
501
-159
-135
-530
-342
96
-33
846
-204
618
-38
-221
-866
848
113
-851
-384
-721
-600
870
-736
-861
101
373
-799
888
677
-464
-93
-693
941
-757
-203
-648
360
-99
246
555
-520
-808
417
-524
726
-659
-319
402
-551
575
-872
157
142
-659
-708
765
498
-516
268
781
-471
-141
-438
63
544
-547
-107
-969
663
-882
-61
594
-718
-636
-383
148
-62
-535
-30
-87
-881
-107
-766
-78
-110
446
592
-752
-70
-291
-984
-701
-436
-20
-963
-379
17
-964
183
829
880
327
222
44
-935
163
-914
-653
-431
-387
430
-809
821
-915
778
-773
-208
-226
-972
732
763
254
847
820
-597
25
-678
-183
423
923
-891
-14
16
929
-398
496
-127
-807
-758
-318
-714
-532
779
259
965
-206
-53
-888
-736
437
-903
31
-689
33
570
748
218
702
-476
59
-359
-737
94
884
840
-323
-488
-481
305
504
-789
806
-236
879
-506
678
-748
321
960
439
-476
581
380
-972
221
-725
479
457
922
955
569
912
969
474
-768
375
288
-598
-82
450
-409
-543
-131
223
571
-633
516
177
-730
-798
-589
723
-525
969
-679
-312
420
31
-124
-738
683
740
-898
489
-276
731
-135
-663
889
-796
-716
139
-700
626
-898
440
-935
835
650
274
385
-28
208
225
-647
-125
-321
668
791
759
-956
106
-255
156
317
-369
-997
737
824
-415
62
-22
-741
859
-726
504
-294
952
-189
979
-36
892
549
152
63
-792
-604
374
-719
-899
10
249
329
94
301
-343
758
693
4
-831
-324
544
-82
122
-994
31
-759
231
459
66
-579
-304
200
-366
-736
-990
-786
401
-527
-220
-325
948
-649
459
217
-458
104
262
-843
-1
-7
228
-202
-623
514
-114
383
-206
216
-926
-78
982
574
-275
-823
485
765
161
272
543
-922
-249
146
-131
231
-701
993
830
-682
-579
442
-315
-837
-767
778
824
-848
671
38
-662
848
-251
-804
-311
184
767
-66
312
370
830
-630
-985
-871
-284
-601
-51
-131
472
944
393
-898
651
273
-708
707
-90
-795
-339
-337
-650
-133
-839
805
-416
-564
361
-426
588
-597
841
689
734
-933
-699
-186
634
142
206
-627
460
-201
967
892
-770
503
386
-167
97
472
688
-626
-395
-31
495
-540
-616
215
-444
28
-136
574
-761
-572
-546
-961
61
-737
-386
-535
-272
-789
489
-283
-349
650
-811
-316
-32
-509
592
-832
637
965
-10
-695
-769
-726
688
812
-81
270
101
-965
-617
468
-867
-451
-151
-477
-393
-465
-577
697
-329
80
-837
-810
-387
-334
-369
780
30
-38
93
283
-89
-172
-18
-375
-497
-702
124
-416
-167
754
980
254
262
902
-206
-438
-155
79
-668
-739
-873
910
239
760
-499
-148
216
343
532
283
-809
-780
-275
367
73
324
771
-733
679
555
657
-381
776
-245
-853
-490
190
807
-944
-939
603
-499
-397
-488
-563
-851
717
233
853
677
959
-480
696
-821
-359
430
275
940
184
-315
391
-166
-166
-67
915
871
-561
472
-804
-583
-767
-205
605
627
380
947
-877
331
-165
451
50
-499
405
-264
491
959
582
-205
311
-523
604
-526
-702
-569
-453
-156
541
-179
-223
213
-29
-856
-837
-608
-982
-30
-396
-3
-137
-615
548
792
876
-24
-795
-740
649
-104
-336
432
-65
-904
495
-855
469
-530
-68
56
-642
405
303
718
-480
-642
209
-314
175
-402
390
953
-759
-749
-237
-843
-439
691
-914
-128
306
697
66
740
66
754
-145
-279
-837
757
-408
-544
-258
-990
-992
322
764
625
-607
-805
799
65
711
-134
633
-272
776
498
492
-203
975
-285
727
-133
-471
-755
327
254
1
569
-869
107
-702
-498
392
282
607
262
0
768
-725
-229
-332
852
79
-612
892
68
-10
51
-672
908
380
946
-743
423
220
-984
811
862
873
514
867
-498
109
-557
-74
73
947
404
-298
-950
660
-728
-494
774
236
215
-873
878
628
-451
794
889
-326
326
923
-420
-772
-552
-931
-32
-86
869
917
130
102
195
-593
-218
-651
580
376
-795
-489
928
-632
-785
286
-648
-2
-768
-140
-989
147
454
459
-104
-566
273
838
-714
747
-978
-700
-590
-743
308
-587
843
-863
-398
552
-280
-250
-891
274
522
-506
-843
488
-729
-854
-761
82
-414
789
-985
-734
868
-890
-176
497
335
-769
-820
-140
821
-313
-183
149
-797
-611
-994
618
828
967
-531
-927
-471
-157
-382
-182
-587
845
-15
-647
-820
428
-183
-521
471
371
-960
777
-302
-361
-986
-479
934
331
-299
427
-400
-930
443
-521
225
-185
-81
128
-517
-485
56
-672
-986
-299
538
-702
-210
354
222
-689
271
908
-945
-97
723
-334
282
-840
965
564
633
495
24
-403
523
-266
83
-770
-417
-795
594
229
-719
-939
900
-776
934
-499
-728
-349
50
693
-188
-864
421
88
657
-347
828
259
-439
965
895
-112
-133
-145
379
-919
-687
493
-367
-967
-955
-906
630
588
763
-6
-633
-690
387
-860
-209
-262
116
116
-222
985
946
776
-210
275
-469
-244
-649
936
459
-900
-966
-288
779
516
879
-715
-467
799
474
-53
-697
-135
774
677
-138
219
-522
166
602
-518
-847
995
407
779
-123
-583
978
-212
554
917
-876
-993
494
-891
483
-671
688
294
681
-890
-96
-77
616
114
709
804
392
293
588
-735
357
-425
726
-29
-742
-743
-925
263
188
-371
-405
-280
943
-594
-17
-232
621
-638
536
-100
883
892
417
-813
997
-150
-347
-845
970
842
806
45
-705
-280
-148
494
623
444
196
-520
538
-444
619
-368
-520
-465
-591
-826
-547
-594
510
353
559
-832
-808
-456
862
-365
928
-453
886
690
237
115
-992
-496
602
-531
-968
58
-690
-803
-137
706
-170
966
-800
-106
762
147
721
-212
-774
189
364
-689
57
-67
810
987
-429
2
92
797
757
139
-493
219
576
352
828
-939
938
-467
989
744
-86
767
418
-520
-790
-731
522
754
357
630
-983
606
392
369
193
-497
758
754
-195
986
-992
-440
762
970
845
78
-259
242
460
-383
-560
297
726
-701
-703
270
382
802
-577
-901
-464
780
656
380
622
-292
406
-226
-263
-877
-925
849
-576
-228
-216
-561
-457
-364
800
667
-889
126
260
381
-369
-480
993
678
-808
-841
-391
-374
843
987
-595
360
-139
-29
-692
-476
-774
789
206
-165
-490
885
503
648
446
358
241
860
699
811
812
-210
-34
-532
-945
-633
680
422
842
-673
-714
481
291
-150
879
199
-898
-647
-165
-484
-728
-396
737
160
-846
971
970
291
355
-950
175
342
-713
185
301
-57
149
25
326
-809
-541
-561
187
945
582
-793
-897
-208
501
940
606
-961
588
283
-501
796
381
-576
-579
812
862
171
941
558
-288
-403
436
-336
-232
455
3
223
-687
895
875
579
-572
-862
-629
-852
-447
826
576
833
532
-936
924
152
-919
252
-827
874
-747
-113
-799
-645
262
-819
-296
973
939
267
245
253
-262
217
-410
-792
-531
-380
-292
-769
428
303
129
535
-778
446
-851
999
435
-86
335
365
-845
233
787
321
852
-92
176
964
182
-790
-760
-86
-845
146
981
-887
880
-461
840
-378
-92
239
469
-701
-434
-678
311
-190
-39
-345
952
234
-554
-571
-168
-632
-766
174
-661
-416
-693
-929
312
198
-416
-969
-821
-182
-445
-682
923
372
406
963
-247
-681
-315
570
304
-884
967
156
-578
-487
810
-228
178
-276
-42
-822
-969
662
-281
891
958
-557
928
524
303
-942
894
-36
710
833
-473
-332
671
-10
-721
-134
929
-841
696
95
373
-707
-458
-391
-354
81
398
-392
304
475
52
708
-997
-378
38
190
-974
-780
-701
558
489
-452
-150
675
-275
713
-417
-238
930
565
384
-154
813
469
995
-959
-572
-112
174
-552
392
606
734
211
232
-767
78
-140
-780
-521
-237
-162
-70
427
966
648
-857
421
969
635
747
-269
-232
-416
888
-531
305
533
14
932
-104
-495
58
-281
939
-460
481
-709
-82
50
491
201
-768
-806
742
331
629
-872
-427
-578
860
-288
873
933
988
437
254
-385
-907
334
-97
-336
614
42
-566
-929
-49
287
-978
577
43
981
-235
856
-317
849
249
-248
-247
776
-816
-541
-684
-711
-544
918
67
-604
-292
-821
647
394
-498
-314
-791
-513
725
-742
795
975
-195
224
808
-578
-662
835
-699
966
-766
383
890
-143
-418
31
222
530
-879
369
-283
105
-362
-516
611
365
-684
181
395
-545
93
309
-968
-446
-930
-770
-369
698
334
283
130
907
-449
984
-706
-440
-736
744
412
-95
-776
146
-989
574
-325
-294
-328
-224
864
91
343
673
-560
253
991
-981
94
877
-68
-534
-266
355
-774
-758
-719
-783
545
-471
-288
-403
-433
673
-942
-781
830
240
-672
95
-268
-693
85
494
11
-234
-905
230
72
-843
30
820
-56
-468
-312
466
372
-56
-903
240
653
754
-188
-873
-775
-792
-418
346
-753
422
-961
626
324
-621
-28
-257
77
-84
543
-316
926
504
303
118
-140
857
836
-177
-279
549
-775
749
936
-657
947
338
-196
-116
401
-267
-122
-948
927
-592
207
93
-631
-552
82
830
-132
36
-978
-139
-245
-884
227
549
-321
282
-370
-258
181
-555
-873
-102
773
-451
-104
-598
951
405
416
-388
-51
511
-35
30
-736
63
328
-981
116
-322
935
968
764
841
-394
-106
-671
-620
-915
198
-534
459
195
588
164
-401
765
-410
-980
-425
-7
620
964
171
779
761
-765
-182
24
-977
-484
895
874
164
203
465
638
-563
-399
-79
-329
653
714
591
629
-309
-402
-542
-718
-673
907
-149
-116
-302
-210
-114
148
548
-983
-322
-492
978
461
-892
824
949
-732
161
529
-869
-304
52
970
-507
383
297
256
647
-446
924
887
-199
-904
670
347
-987
898
320
-492
-21
435
516
-640
587
968
166
-346
856
-742
878
-152
89
476
-969
505
-79
843
-448
448
735
-808
577
-843
368
-965
893
94
-743
-298
153
484
830
-202
-675
94
-897
908
246
571
-86
-888
-154
-918
-572
278
784
-291
130
-955
-862
121
143
415
-270
472
575
-744
722
-234
585
-953
93
-987
-20
-308
-204
238
-306
-67
-930
497
-398
62
365
-176
352
43
299
-74
-458
866
-48
-670
156
675
442
428
-527
75
620
-999
469
-498
379
876
177
-664
683
844
734
-780
-684
383
672
-625
963
772
-552
-580
-429
-300
-752
358
451
-732
73
-803
-209
-664
504
343
347
-457
-932
-87
-477
-34
790
913
736
-194
818
-301
-371
787
699
-839
-897
104
699
566
-265
-640
484
-928
288
953
-721
874
-218
637
-765
-217
447
875
-109
164
431
-993
-201
922
142
109
672
676
-318
336
822
-601
741
633
-43
-507
394
523
309
804
844
814
51
141
451
-779
-201
248
-111
-834
57
-861
864
398
491
582
-115
858
302
-868
-123
-29
373
980
114
-256
-799
-598
56
964
-671
949
-975
-855
336
517
354
669
591
-258
746
671
250
186
-960
922
-712
162
870
-195
-745
508
490
-260
12
291
283
-435
-851
415
-839
98
-253
43
865
-862
740
-937
-752
-861
15
-130
605
104
95
-119
-442
-593
-74
565
-417
-555
-72
-15
104
-596
683
2
-407
-209
276
-197
376
300
71
-73
141
768
-284
-733
-562
-336
-614
35
-374
-661
-994
-963
858
272
108
640
77
-236
-729
-571
484
-785
-942
895
979
-774
-397
698
-37
431
951
893
819
991
-141
-927
109
532
-958
-941
-318
-482
-692
329
364
243
-428
-211
-354
574
537
-761
291
734
886
-421
792
480
927
-22
311
-286
328
97
281
709
-80
439
643
-368
828
261
-917
-622
-810
-355
-742
-228
-308
100
487
879
-816
-523
-753
792
464
420
250
574
-594
-992
-106
528
841
-21
153
123
163
693
137
-422
423
-826
-382
934
127
-573
-833
215
-248
-766
395
467
-535
583
-837
-124
-372
964
424
-863
573
616
455
-496
-989
-480
-157
-690
37
711
679
734
-767
-200
389
-239
84
683
901
-900
-274
455
149
127
918
355
-424
11
930
-88
917
547
311
-447
-415
154
-497
-177
567
-896
-552
239
525
-13
6
-881
76
961
648
857
-801
-899
-712
830
-196
-991
-335
661
322
-986
599
887
672
458
-369
-858
736
988
-714
231
-31
-794
-594
23
794
-310
-298
-448
-636
80
131
56
560
-700
306
666
-36
436
499
139
-887
-150
-194
972
377
650
8
-913
-520
-437
-404
-384
36
-841
-723
-754
462
-258
489
-890
-832
-648
-197
-404
791
-77
215
-819
367
-116
-479
-404
334
678
-560
301
-843
444
915
523
-193
-926
935
875
998
-421
376
939
-827
-19
-900
411
70
730
-613
188
769
-693
-666
-945
-111
251
-756
882
309
489
-44
-439
145
989
290
-193
-536
-123
812
-941
-875
-231
735
-138
583
884
-525
365
-189
-844
-179
13
-187
340
12
-982
894
-111
431
-573
-625
292
606
-322
168
285
60
-131
-152
-202
-316
-390
76
-805
754
834
374
-653
-229
619
871
-227
200
213
-699
-691
778
567
-305
-420
43
-908
521
-304
-96
182
332
997
-70
615
973
-572
-540
-254
-126
427
405
958
-385
857
852
-196
-35
-354
207
114
-715
-857
-241
73
-670
-744
-569
-238
-36
-737
-948
445
787
959
138
556
-80
72
-688
-664
742
900
646
22
572
145
-133
-189
71
-428
409
103
120
150
545
164
879
168
-928
-537
-397
-191
-108
632
388
524
-915
-739
192
760
817
-770
642
-314
55
6
-808
615
168
-228
174
-355
840
781
-302
-887
-142
112
-31
879
766
-780
-860
809
-85
-888
-661
-679
-773
508
142
502
-16
329
216
-985
-473
-143
-313
483
519
-355
883
438
662
-782
-572
-992
241
-744
10
509
130
517
971
238
-926
951
871
-176
-932
689
-292
908
648
-306
673
212
687
553
-308
-975
800
224
882
698
-796
-611
501
-669
-449
-347
660
605
-111
847
-643
-866
-168
199
602
660
348
-408
-276
923
820
-843
558
857
308
-754
980
994
-42
536
330
-755
293
-668
-855
-912
-61
-616
-826
-49
-172
-872
-8
462
878
428
-577
422
-983
-862
327
283
-622
698
157
407
-520
53
-741
534
700
474
-746
500
947
-963
882
405
607
-858
-935
-949
-399
-344
-69
329
-57
-770
624
910
-423
-265
-902
-92
827
898
35
-294
841
276
-882
769
-968
-838
-534
802
-793
-844
-489
-303
630
774
730
528
710
147
-21
-496
-109
340
-429
429
-109
153
-759
-624
-922
-46
-165
-762
320
184
930
-603
-729
-50
-454
-179
-904
-997
733
130
180
-49
-817
-223
873
599
965
-875
-3
629
737
-333
-302
284
-714
-697
718
960
-456
-511
-882
-404
225
506
-781
126
-467
268
-410
-45
-910
-778
-24
-898
-65
853
841
899
993
220
-718
-227
-81
-133
-861
623
357
-424
562
427
-495
264
133
460
-455
323
73
-581
-376
145
-297
-527
168
116
938
-190
-81
-898
292
-503
120
237
371
944
180
175
-357
-994
-906
446
221
455
-37
993
-159
415
-407
-18
769
-547
345
960
-56
-761
351
-916
-66
-922
-965
984
18
859
-953
-806
781
-158
936
862
171
-84
254
529
433
-27
-315
716
32
418
-487
809
966
-38
571
61
-812
-901
-369
-81
-884
750
-187
-545
920
-566
-775
-667
170
467
469
748
979
543
426
21
-222
380
925
927
284
278
-693
537
66
-606
-948
126
-424
76
-981
463
448
259
921
753
-296
450
-637
-642
120
593
-447
497
-51
817
-387
188
-697
-432
372
-259
-261
-333
183
-310
-147
-449
-964
-869
483
-172
433
884
-577
-157
338
695
-737
85
-444
-999
908
456
121
-774
-623
-388
970
828
398
989
-641
-483
405
783
881
-73
-171
-196
777
730
-520
271
969
133
638
-888
319
-915
-443
193
427
736
425
314
97
42
-418
-360
170
-654
329
845
-790
-967
-910
623
234
-876
997
25
931
-21
-951
677
-930
108
-183
-872
762
406
176
-506
47
384
-154
529
836
267
570
690
-319
283
-614
-176
940
182
-903
873
880
819
600
-209
888
-588
583
368
15
179
-926
265
-441
-126
-419
-699
-483
-698
-358
311
-575
853
766
45
-238
-550
86
501
-44
585
104
-459
218
64
237
994
-982
-311
536
960
-214
24
559
-237
-750
-860
263
-683
502
-840
966
323
-22
-888
-852
439
309
-568
424
304
-118
-783
911
65
749
205
-488
508
943
490
-375
483
-858
-244
77
-425
-127
334
-587
793
123
-984
-870
-706
-932
106
-720
-383
-414
-640
-288
419
-897
-359
-373
-423
720
236
-467
-15
-646
-699
423
336
-389
-175
-654
-16
-677
-57
-918
719
65
-495
133
765
-103
-779
-913
167
561
-134
203
-36
0
-68
-825
561
799
-911
-290
618
748
-261
-914
429
531
547
-634
834
-836
783
-22
587
-610
712
70
-936
-268
578
-376
616
813
-808
801
200
294
-751
-186
350
73
-60
994
337
-660
-364
-176
-239
-802
-853
157
494
911
248
260
-762
-865
-840
590
894
-851
103
-346
-487
720
-362
-894
452
-341
974
-976
9
-260
724
678
-473
686
727
-268
24
-917
-606
-384
266
286
233
345
-408
779
171
827
-538
349
438
-326
-549
151
-645
701
-970
446
-159
671
-161
-575
-827
-758
202
266
-724
205
-351
-960
244
611
-722
-652
817
256
-493
50
-813
663
476
777
-565
357
707
795
624
0
-758
92
950
-32
196
820
617
101
497
-611
903
-681
443
-702
318
-665
-695
71
-964
-149
-500
870
296
-362
-188
791
-926
752
-632
719
924
-852
-598
-267
312
154
255
302
996
-898
-644
874
-200
474
-446
-482
189
300
-810
140
-926
-277
-522
-892
123
916
-108
-860
-873
-207
183
-458
658
-806
779
909
760
-777
901
557
-305
-110
-992
231
-644
919
136
909
-781
175
397
612
491
478
-307
-244
611
963
-68
333
133
407
44
-115
130
-101
660
86
-571
-922
-23
-765
54
-25
463
640
460
92
-830
148
809
-580
-868
407
-108
-924
-236
-620
50
-924
325
623
410
277
-720
-959
-384
590
-255
-435
-210
662
-820
496
-881
-88
56
567
745
519
-558
-453
257
909
-465
383
973
791
-254
104
-733
-505
-332
220
628
-571
-47
230
-865
-364
-981
450
278
-450
-612
-565
427
-132
-163
589
587
318
-525
59
-641
114
190
172
-126
532
-655
-44
634
-625
-457
-722
-314
-864
-575
795
741
820
469
-734
860
827
737
553
352
-744
-195
-766
48
353
-325
-691
331
581
448
919
523
583
-93
696
-344
-21
137
148
835
980
-970
-6
539
648
387
178
-728
914
18
-548
-739
655
327
-347
-310
190
463
566
745
-68
-948
402
814
-910
-376
-871
-97
826
954
-171
163
-25
553
288
-503
633
-238
-451
-215
241
-811
70
-378
-329
663
550
270
-805
471
498
-269
-266
-215
164
-430
-479
563
-724
-401
396
306
197
115
-632
-897
795
-61
-633
32
-119
-781
-920
-267
708
148
-5
143
-352
-989
-457
-664
526
-7
298
-880
-623
248
873
456
227
861
-216
-693
-947
273
736
70
676
23
-968
532
65
-899
851
-165
-757
927
-515
729
379
995
550
444
-664
-379
-350
-159
964
-376
281
-919
920
206
753
-381
-405
562
154
-653
537
562
83
959
-481
-494
-852
-368
753
706
374
-75
902
-100
-399
-942
782
-561
-814
208
718
306
582
130
958
-614
80
-603
-112
-287
-952
123
714
448
839
-483
-835
-679
222
336
-256
-260
936
147
-375
-285
893
325
602
180
249
-358
-63
-169
-861
-109
641
987
187
-639
453
69
-741
409
968
664
-185
-482
-552
-902
130
612
-68
-95
420
950
904
563
-799
-15
-859
187
-830
-525
-297
-715
473
-693
-687
180
-549
487
-543
-793
-495
936
-938
767
-310
945
766
-589
72
-579
402
-715
-695
-837
-237
-88
326
-273
-367
-532
-733
510
-845
-217
-657
-63
556
-76
64
32
947
840
980
-494
-747
-693
342
644
-998
641
854
-962
-269
352
347
95
748
-443
269
445
-44
374
37
539
-457
116
448
959
-147
122
-713
-599
499
833
286
748
139
-948
-628
358
-132
-726
963
538
-139
669
396
-181
-896
71
229
-290
-769
-402
-247
-836
670
490
902
525
884
210
462
724
-419
170
-324
66
-673
-883
-468
927
-515
-324
-862
406
536
104
-695
576
48
-599
-240
-447
343
-502
-563
943
-517
716
30
810
398
-81
-458
440
623
98
41
-237
-458
-550
-162
258
987
685
-766
626
259
912
-681
-944
-330
-755
16
-600
-510
519
97
100
-670
814
580
-371
870
839
-312
424
876
-22
-150
251
-784
123
-396
943
-655
-969
-933
-132
-992
218
436
-701
567
543
-610
-184
234
-973
-489
614
317
525
-86
373
74
323
-62
-452
-323
420
107
-379
372
-952
200
446
157
602
-271
30
-889
558
-767
-583
-989
938
636
532
752
-512
-508
-769
-197
-790
-158
-857
-851
795
210
332
716
124
239
-479
-359
469
-689
388
-359
337
734
-259
-837
-422
441
-757
972
725
11
313
871
-696
-795
675
824
-990
-516
661
-219
337
-296
440
-532
-634
-258
-383
-140
-820
994
-484
-934
863
-333
147
895
83
553
909
-532
-455
491
-444
618
-138
-635
-649
697
-198
899
562
-847
-569
479
-665
-969
106
426
306
-364
554
799
-266
383
-690
550
229
555
-101
588
-738
902
49
27
-729
819
-92
624
671
89
423
64
-976
714
-563
919
93
377
80
-897
-556
-521
111
994
733
258
-359
-297
442
734
-132
-669
-202
-123
759
380
-649
-175
852
-37
255
30
-16
918
-190
817
298
853
512
379
-910
-240
-992
-125
948
-834
-347
-786
87
582
670
-703
387
-61
-81
-796
136
826
-604
-62
-814
-19
987
-249
827
717
-735
415
94
-980
-255
-107
-958
-593
489
-74
-505
-619
-321
-810
-777
-950
816
203
933
393
-586
5
17
720
979
390
-68
771
-283
549
15
-131
-620
-454
-859
500
24
612
-202
-44
449
837
-665
325
795
116
204
-848
492
-17
136
967
-740
217
-179
828
-817
890
-546
453
809
-321
361
-622
-994
-444
235
-14
-416
738
-540
295
335
676
-179
344
869
289
-340
-770
-710
925
-581
-604
433
-11
-416
546
-117
124
626
937
-77
-820
-148
263
123
45
-51
765
210
940
-101
-163
934
-552
968
-532
254
246
341
897
236
259
-531
-518
360
-696
-876
983
-571
828
977
-617
295
-492
-36
-78
-222
660
133
-964
660
-689
-83
-621
441
-641
303
772
458
999
-529
326
442
507
387
-659
721
576
720
-860
9
-474
-298
-811
-951
473
535
-270
946
988
900
43
451
-395
940
-136
-165
480
855
-580
-826
-207
240
-665
163
896
915
-392
467
-20
890
405
817
-874
-632
648
-674
802
304
499
165
810
-23
-211
868
842
695
253
-146
373
-220
767
-23
586
177
499
199
123
698
-346
331
983
527
848
-791
631
-962
-776
231
983
549
339
349
764
638
300
236
569
411
-763
779
963
-466
5
-315
348
109
-422
-586
128
729
81
356
-348
-196
914
763
-888
869
-347
-598
-738
450
-347
614
77
-969
-987
-890
327
272
-66
-560
-616
880
182
-27
328
141
236
183
639
253
788
941
-250
-400
239
703
-992
-262
806
690
-816
-720
-607
410
87
-444
-781
62
-645
-296
-444
44
786
-922
589
654
735
758
-509
451
492
821
-979
513
-138
-22
-11
-249
411
-573
538
-688
306
-72
-275
-622
551
-876
743
-640
909
-329
-620
-523
-882
122
439
-48
49
726
-571
466
682
228
-582
829
400
-132
-877
-406
-766
-420
-873
991
-570
-807
-353
-477
891
293
693
-690
-71
-760
700
616
-661
69
-313
-881
258
344
-403
-96
176
575
-678
781
-650
728
-320
128
-956
104
-417
-142
-617
797
-39
970
-927
587
-274
844
-75
289
-596
-892
-977
931
492
-155
180
635
975
-660
-626
-484
-695
-582
-601
-610
334
224
-554
592
697
-605
-854
-842
-243
413
952
-987
-719
559
-442
791
-647
-92
-877
-849
622
630
-605
-465
551
-554
784
195
461
-39
-225
36
-695
-108
741
632
-145
960
-792
-114
-41
13
-316
-815
435
192
-133
-580
-932
387
-10
-345
-490
337
-110
362
-256
67
421
-736
791
-63
408
486
210
670
622
-162
-476
660
-939
-538
598
144
216
-864
216
-514
-265
358
788
-74
-238
236
949
-791
-874
714
266
849
-425
284
676
139
-258
-568
42
-48
-739
425
-8
614
727
-311
-681
800
-231
686
830
629
-774
412
-689
-551
-908
567
-346
128
29
-949
-307
258
-366
-770
20
-496
-313
-483
-522
-28
-275
127
-64
548
82
764
603
870
86
637
670
39
90
-471
-744
-991
0
200
728
-226
791
-140
-919
636
-973
-131
523
585
-563
196
418
117
948
-960
123
65
-863
707
137
-786
571
515
-176
112
-15
-536
615
660
-568
756
31
-843
-585
-782
769
650
-698
-188
470
567
812
-857
-776
733
941
481
-498
328
-987
-748
173
770
167
-6
670
464
915
-189
-828
-478
-559
500
556
-358
847
481
393
817
216
560
-555
978
153
-78
547
314
432
907
-988
-792
767
-416
-598
255
-682
334
19
-745
407
-788
-129
70
-349
152
-590
255
-182
-224
-940
612
57
925
-660
-373
129
-663
80
-311
382
862
-526
347
628
-284
-844
717
187
-234
935
-78
87
-592
-873
-913
913
-36
110
512
85
742
290
92
-707
42
-751
699
-515
39
718
-843
822
-790
549
867
366
988
143
240
35
-710
-692
561
357
-506
-753
288
-824
-112
-185
-164
320
-811
-483
-242
878
812
640
477
396
-633
268
839
852
-551
873
-412
620
687
-705
-828
-543
-43
274
-544
747
-15
-212
407
199
-769
-53
452
16
151
387
108
-83
597
-770
-80
-768
328
-48
-972
-147
232
-536
79
828
-263
-904
413
619
-771
-803
874
-271
513
825
452
-547
-953
-550
-560
447
20
385
-498
-948
-934
-967
-671
939
681
779
240
806
-274
963
-542
-798
-86
248
922
520
-84
-604
155
-334
994
-548
270
-130
-821
-678
-148
-958
635
-109
-578
-743
-925
-159
333
317
18
508
465
6
271
527
-785
661
-148
-546
621
-380
-312
-31
100
-477
-159
851
977
-932
861
-333
-88
787
508
292
128
839
971
-509
653
268
702
-496
602
-473
-996
878
225
-879
-786
618
-996
-152
49
805
-149
-412
832
803
425
392
-926
-313
-532
-817
400
585
-869
-402
580
-787
582
214
-269
-889
456
819
76
-26
-863
838
-222
340
706
-129
-513
890
7
-186
-209
-913
-999
-675
-555
948
15
-113
267
-32
97
-800
-8
114
-225
887
-682
958
191
-801
75
-993
607
68
-475
411
-282
-65
750
-888
845
269
-192
-674
651
-863
-571
133
-462
-971
322
-800
-390
-530
-818
-43
-244
401
-704
546
425
-743
-430
-128
-635
-794
-441
-39
79
-715
-123
94
958
-757
334
-818
916
-309
778
-485
-402
701
307
-804
-257
-396
-728
-757
-671
996
676
-749
70
-712
-287
745
373
114
-557
-54
-605
-527
991
392
335
111
-340
675
-449
-242
993
131
-460
-827
122
-437
-578
311
941
-827
937
-755
746
944
-844
-729
-822
285
-809
846
526
-236
-590
325
-623
571
86
-58
-595
973
974
631
667
-385
-817
-944
9
930
745
-968
331
-133
-235
-79
-53
-229
-436
-248
-852
18
-804
942
-113
982
-401
394
668
347
-759
-20
-329
-211
988
-222
69
-297
-507
-903
-715
757
524
924
-985
-755
-930
969
-686
864
-676
-459
810
340
848
936
-636
822
985
-974
-836
-688
-547
-831
-713
-636
858
-507
378
-644
165
660
866
880
919
-297
-322
-603
-971
-344
-840
-882
-6
494
516
-51
-296
241
538
755
-562
-860
-853
-255
362
-486
-179
845
-524
-772
390
757
233
125
792
-45
-593
326
640
-627
-718
-293
438
378
-984
870
-360
514
605
475
-405
-734
-708
-223
-768
-374
-768
931
748
175
-234
-892
836
-860
466
-208
987
-166
451
-497
-325
28
-972
-728
-280
138
120
-590
454
-313
-785
-599
-860
-419
6
380
-726
848
-951
856
-56
-256
-360
-695
-177
-499
154
-944
-25
-755
-171
-141
-283
-684
-788
31
629
-441
983
-569
-554
690
-444
-209
-2
157
785
-691
-510
-57
-444
156
284
181
257
-652
-539
-588
-881
326
-225
445
-561
-142
120
-61
-464
-768
87
-338
892
6
-41
-675
-53
514
-318
112
925
-353
-998
-570
548
598
982
-418
225
180
232
-286
-206
677
-762
583
-844
-189
-335
-459
-705
-264
803
-784
-961
-629
762
626
-511
97
-403
-183
652
348
-640
189
650
-668
-89
125
665
877
-774
-951
896
238
-743
833
35
-364
-969
-48
626
-627
106
-240
-204
916
-38
-314
-603
-669
490
697
321
-736
477
-995
532
330
797
991
-990
-869
503
758
847
22
966
-798
759
232
-585
-972
-616
-390
-278
753
876
-961
192
-866
815
-836
177
-496
365
-141
413
548
44
168
-936
-747
-825
-735
692
766
674
-198
736
288
-44
542
371
986
191
860
-698
-21
124
-457
-403
829
91
-463
-161
-196
849
-546
499
-474
915
216
-249
-323
-869
492
-79
-898
313
138
289
-585
-513
-668
-118
-194
-246
434
829
-620
849
-785
-792
201
83
-857
-693
406
489
-478
-905
590
-704
968
23
-220
884
-273
165
401
657
818
812
682
457
-646
-961
767
-470
-285
66
-80
305
196
-41
188
528
-147
-839
481
-253
88
162
279
366
646
-192
683
-53
938
-678
912
-584
-95
-989
457
42
-405
825
-278
-676
408
-322
395
-242
876
-185
292
264
-955
-409
-448
-260
-699
-303
-454
-304
177
-358
-925
538
252
759
-17
-10
647
-240
100
127
92
943
-784
-826
466
251
-281
-321
920
388
-859
-262
390
993
-235
249
414
-605
597
602
927
-311
-249
117
842
220
617
566
10
-317
130
-832
-520
824
315
407
-926
-76
294
-188
-838
-973
-968
839
-168
-968
-287
-35
111
897
898
-374
376
-775
820
909
-146
-378
-750
-449
324
-916
874
-936
145
301
5
-133
249
426
793
761
-967
912
230
-156
-892
867
-164
520
187
-917
769
-488
-454
-329
-10
-671
-244
317
282
131
848
-248
-828
286
-496
819
-889
-501
613
886
401
-359
-592
-863
-275
-65
-471
876
389
331
300
-934
-146
-462
296
-808
-375
-993
-471
30
108
-895
-711
-475
-773
446
-579
783
429
-763
520
-97
737
-205
962
864
-215
-52
628
713
147
-407
434
-193
-980
374
-805
-591
687
781
454
131
266
-864
294
299
464
447
208
-948
915
456
-479
22
-308
-777
-23
235
-458
429
-351
-35
919
102
949
200
-381
62
754
284
441
5
921
713
-148
825
-921
-948
316
402
-674
938
895
-362
-504
832
-135
-614
529
803
-418
-569
483
-997
-629
145
626
653
-225
745
-346
528
-541
-376
445
-623
-51
685
-627
520
411
-532
28
748
-481
360
960
-857
-619
-99
62
375
-48
334
-248
6
-566
-516
51
675
527
825
-687
444
-405
-976
212
-688
-865
-657
-647
926
374
973
-609
-177
103
-299
762
-826
856
19
44
993
829
-284
865
73
808
-797
-251
277
337
-316
-231
384
-284
274
121
43
748
163
301
79
-461
515
11
-655
569
-885
128
985
517
-193
-496
27
685
958
585
116
158
558
-402
345
-504
-178
582
177
-456
766
854
-320
266
-836
-967
988
-715
738
-561
306
-824
122
285
-500
-825
29
112
244
639
479
-921
331
806
750
-699
116
927
-720
531
-679
797
966
323
214
834
515
-370
-291
-821
-916
-429
281
920
-793
-871
825
935
143
835
-332
720
579
-723
-337
-152
-618
466
766
338
729
293
807
-475
65
-784
591
-553
-151
687
488
-990
-960
464
-287
-44
-655
727
165
701
3
726
-199
-92
143
-168
-7
410
567
687
246
-957
-720
-415
-921
-684
-414
111
280
-831
-145
95
-721
879
520
-208
363
-758
-407
86
269
-208
-789
409
-281
992
681
498
541
14
640
536
65
-541
420
153
372
920
104
443
986
714
-199
330
-226
463
-570
145
82
-386
450
-71
-424
886
-895
621
809
327
867
-774
667
688
-151
-175
720
27
-371
198
574
346
329
81
576
16
323
-130
207
-346
-697
-866
248
412
98
-543
-606
45
-512
-53
-830
-619
-778
238
-578
-475
-80
-479
145
95
-397
125
-248
277
-378
-10
700
128
-623
156
511
332
-688
138
-403
-664
-783
988
-882
-403
419
620
-496
569
-764
-302
761
-938
581
549
-570
-302
-101
-46
-323
-582
697
-671
-756
-826
-195
-290
335
723
895
452
101
-992
-83
823
622
850
-246
-443
977
-119
268
-81
-446
-956
367
-443
-907
-824
99
-509
660
-819
-409
-638
779
-430
-205
703
-547
-498
275
192
80
-104
798
-878
500
606
-430
-675
955
-670
983
-423
-440
547
-793
735
-475
449
-810
-678
-660
-897
-645
744
-286
448
-686
849
-913
884
118
-418
-672
-398
395
-91
-595
-704
-25
53
712
-22
-555
691
66
392
756
338
-936
863
-379
702
121
834
-342
253
177
-938
-446
25
-927
745
705
389
-716
-465
285
-533
675
732
14
864
-642
-82
667
889
-427
409
-396
-365
-140
695
-472
-580
381
-32
-595
-130
-484
339
-592
-94
16
-688
-44
-201
-625
785
-759
-386
-285
718
610
-22
820
308
371
841
817
-719
978
356
463
977
426
-926
15
901
688
730
-29
-60
-496
395
-121
727
180
-310
116
-118
-612
215
-675
196
749
511
-748
713
11
199
-152
4
-917
-686
518
146
-415
205
13
-407
-819
852
432
967
65
298
590
-993
335
-321
-546
-97
831
-499
555
113
-921
717
-609
392
251
-54
-614
-304
-659
-207
440
-255
-401
-161
-401
-585
-803
-74
-825
-239
838
354
-328
580
555
-586
-936
228
-935
249
240
-63
28
687
-783
-979
-216
707
531
-974
-537
-88
94
-767
194
-554
-826
-467
551
-360
367
936
163
602
842
617
685
367
-700
252
-178
-436
306
-721
992
-977
-134
85
849
26
634
-214
-395
-271
-351
354
-665
-601
-57
-373
277
540
948
464
-473
-868
-308
428
-337
93
992
-425
-824
-345
-9
250
783
-2
618
613
72
905
-436
-939
204
-515
-698
187
-443
680
652
-30
-697
522
-580
324
-354
272
279
564
-947
693
-44
-100
-814
-453
554
258
-331
982
-64
208
-917
956
552
-505
-280
217
-444
657
846
-903
-988
-555
227
-63
360
-742
38
745
366
-588
-116
-161
368
-891
488
713
853
143
260
-297
382
828
404
698
-168
-841
895
795
-819
149
-877
-813
-813
-927
-304
-340
12
-64
356
-389
64
208
576
994
-195
697
315
170
773
570
-893
-723
617
136
550
-447
952
309
-292
549
169
-872
-989
-66
-654
814
-323
501
-88
141
429
569
-210
-211
340
-268
-121
-231
892
543
103
349
-705
670
-652
218
265
967
441
463
590
708
-927
28
-625
633
-166
757
983
-724
-261
32
914
148
-666
-688
-543
24
-798
-875
-385
187
-377
-87
361
671
281
-708
338
-629
-422
-281
-622
611
805
-278
-117
955
-368
-872
897
-700
802
-265
-777
-952
-435
647
188
-521
-490
852
41
-210
-541
-678
-65
896
-385
-73
-169
-302
349
-414
677
584
145
-171
859
485
184
198
-418
-945
676
667
-338
687
-125
157
-984
-178
296
393
387
-183
995
-305
-964
-878
898
667
-768
966
714
-985
-757
-955
638
547
-709
459
-907
-242
-613
33
347
70
980
465
855
-40
-627
896
708
-980
28
955
-506
523
68
-147
919
947
754
585
68
-723
772
849
394
930
852
-303
484
-825
467
-719
134
-304
-508
-488
-13
335
404
360
223
344
-293
516
273
-690
299
321
382
-99
-166
-780
615
-641
-235
-947
-971
320
-32
176
-563
919
-430
460
62
933
-512
-945
460
170
-228
-251
875
236
297
14
-678
-138
629
565
222
-800
287
-313
-814
803
701
-739
-389
950
-169
595
889
-5
562
-696
291
554
992
-613
-703
902
156
-938
-420
572
181
605
-559
-59
-743
934
-818
469
87
-460
472
-914
411
504
-533
-71
-179
-586
-831
335
192
838
-369
290
467
-129
-135
273
707
-616
982
712
266
346
-686
150
-131
-30
-919
-43
-434
580
979
-188
551
232
735
203
-349
417
480
-906
-462
617
-551
454
988
909
-120
975
-659
-312
172
498
71
-937
-720
564
-614
-69
981
128
-379
957
646
-754
337
384
-873
261
-808
525
842
135
606
-734
-992
609
160
589
33
267
-719
2
175
-124
-202
-932
-283
584
152
241
752
461
-996
261
698
-370
47
550
-486
-205
162
557
-183
41
320
649
174
101
85
698
-276
18
165
-199
964
728
478
451
862
-842
154
-610
340
506
-902
-111
-647
603
-285
320
-831
-370
-66
882
-322
-420
-430
538
-987
-970
-277
625
-436
310
-114
4
-905
-507
-609
664
-504
300
-36
339
-374
223
-647
406
394
259
424
-534
540
-49
259
-755
914
-680
-789
931
454
785
-535
-216
991
-647
559
-278
993
-104
-750
432
518
652
915
-182
222
711
868
94
387
28
-514
53
-202
-190
405
-213
-200
481
668
854
241
-117
908
-844
796
-522
776
573
755
309
-127
146
-274
301
-410
36
-155
-783
-168
657
73
393
17
437
-596
-19
-123
-317
893
-931
31
-367
592
-431
-780
-582
-606
-740
-201
316
245
644
-150
-213
-597
-377
-265
442
-940
-878
353
-905
-321
-168
410
-258
-564
-750
-438
277
-21
661
961
-666
980
-403
-608
766
-402
-614
395
-850
-377
-246
54
777
-306
668
-804
-200
52
196
-287
-618
310
-566
293
337
639
-86
719
251
-702
301
-698
683
752
673
-857
-546
591
-518
-728
180
-18
-416
194
-261
130
-930
-512
69
-323
117
-232
222
-438
689
-615
-797
-842
-475
527
-680
415
91
686
-449
-836
638
912
927
282
-731
677
469
-720
-621
476
718
-770
336
-262
-713
-969
882
-62
36
-720
-918
-944
339
715
144
-972
-468
-605
-556
798
-503
-552
-664
-276
67
-563
641
-756
-427
704
500
118
813
933
533
514
-324
-881
-445
114
-810
-808
678
-210
-323
-202
-615
-419
725
502
-848
21
-320
346
-782
-305
949
-839
205
435
-452
-738
355
-208
3
-79
171
834
-538
394
422
-778
811
-669
798
353
954
-885
440
-437
-344
-505
-582
387
367
835
-526
-443
-317
505
958
519
-913
-607
-786
323
120
-287
86
-579
-982
-218
225
539
-85
-784
-869
-611
-740
-975
-371
633
358
-203
333
-331
-525
623
947
-982
927
806
656
-578
240
-94
-235
202
839
637
-522
777
-785
-87
760
-3
891
-564
-562
-204
607
-567
8
341
-744
-382
-910
204
-950
993
-678
-600
-990
185
263
912
394
-361
-557
-758
-784
986
326
-362
-25
-380
-259
7
-88
784
781
979
466
-429
-377
-417
924
-437
381
760
119
-383
-273
811
699
-592
-636
-99
478
-155
-708
203
-938
-926
87
-831
-937
-130
-347
989
871
291
-580
215
124
716
-154
-361
70
424
-691
-281
-546
212
3
-195
-141
-243
-755
321
849
83
273
-539
-475
627
24
-203
-637
-438
373
-835
337
-514
-602
66
-210
-665
80
-407
145
749
80
619
8
383
-889
-311
553
585
373
-402
506
697
-580
-363
-806
825
833
643
-417
125
-910
155
-554
-657
796
108
293
820
505
-632
338
961
-104
407
-274
951
894
904
0 0
