4 5 2
1 10 1
1 10 2
1 10 3
1 20 4
1 100 5

3 4 3
1 3 1
2 4 4
2 3 3
2 2 2

1 1 1
1 100 1

1 1 1
1 1 1

1 2 1
1 100 1
9999999999999900 10000000000000000 1

2 2 1
1 100 1
9999999999999900 10000000000000000 1

2 2 1
1 100 1
101 102 1

2 2 1
1 100 1
101 102 2

2 2 1
1 101 1
101 102 2

2 2 1
1 101 2
101 102 1

2 2 1
1 102 2
101 102 1

2 2 2
1 102 2
101 102 1

2 2 2
1 102 2
100 102 1

6 8 2
50 60 100
70 75 4
1 10 1
1 100 5
1 100 9
1 100 16
2 15 2
40 40 3

1 2 45
4482310075710635 4482310075710675 46
2247330046269716 2247330046269754 37
