1 4 4 4
2 2 2
8 4 4 4
1 1 1
1 1 3
1 3 1
1 3 3
3 1 1
3 1 3
3 3 1
3 3 4
8 1 1 1
0 0 0
0 0 1
0 1 0
0 1 1
1 0 0
1 0 1
1 1 0
1 1 1
8 1 2 3
0 0 0
0 0 3
0 2 0
0 2 3
1 0 0
1 0 3
1 2 0
1 2 3
8 2 2 2
0 0 0
0 0 2
0 2 0
0 2 2
2 0 0
2 0 2
2 2 0
2 2 2
8 2 4 6
0 0 0
0 0 6
0 4 0
0 4 6
2 0 0
2 0 6
2 4 0
2 4 6
8 3 3 3
0 0 0
0 0 3
0 3 0
0 3 3
3 0 0
3 0 3
3 3 0
3 3 3
8 3 6 9
0 0 0
0 0 9
0 6 0
0 6 9
3 0 0
3 0 9
3 6 0
3 6 9
8 12 5 7
0 0 0
0 0 7
0 5 0
0 5 7
12 0 0
12 0 7
12 5 0
12 5 7
1 30 40 50
0 0 0
1 30 40 50
0 0 50
1 30 40 50
0 40 0
1 30 40 50
0 40 50
1 30 40 50
30 0 0
1 30 40 50
30 0 50
1 30 40 50
30 40 0
1 30 40 50
30 40 50
1 20000 20000 20000
0 0 0
1 20000 20000 20000
1000 1000 1000
1 20000 20000 20000
2000 2000 2000
1 20000 20000 20000
3000 3000 3000
1 20000 20000 20000
4000 4000 4000
1 20000 20000 20000
5000 5000 5000
1 20000 20000 20000
6000 6000 6000
1 20000 20000 20000
7000 7000 7000
1 20000 20000 20000
8000 8000 8000
1 20000 20000 20000
9000 9000 9000
1 20000 20000 20000
10000 10000 10000
1 20000 20000 20000
11000 11000 11000
1 20000 20000 20000
12000 12000 12000
1 20000 20000 20000
13000 13000 13000
1 20000 20000 20000
14000 14000 14000
1 20000 20000 20000
15000 15000 15000
1 20000 20000 20000
16000 16000 16000
1 20000 20000 20000
17000 17000 17000
1 20000 20000 20000
18000 18000 18000
1 20000 20000 20000
19000 19000 19000
1 20000 20000 20000
20000 20000 20000
4 84 22 30
36 13 6
72 14 8
44 18 14
1 3 19
6 45 76 53
31 70 15
28 31 28
27 11 16
12 50 10
29 66 9
7 22 40
10 54 87 16
5 29 4
44 3 2
13 44 5
33 35 7
4 7 16
3 23 14
26 53 8
13 62 13
11 37 4
15 57 6
9 28 78 40
17 32 38
2 67 2
26 52 29
1 74 26
14 19 23
17 76 21
18 32 7
7 38 33
9 75 26
5 60 9 48
17 6 38
38 1 2
5 4 32
37 8 4
46 4 38
5 97 87 42
77 45 29
21 43 25
84 55 9
68 62 13
97 20 28
1 4 6 83
3 4 73
2 21 75 54
9 35 44
2 28 33
4 60 100 63
8 63 4
29 92 8
41 98 19
18 22 24
5 77 86 66
76 29 11
41 50 29
43 16 2
54 51 5
49 18 66
48 124280470 213048114 669131732
70008041 179679444 549449895
5038503 173644989 565205903
51626321 111260337 645990772
24308300 157475149 464228620
18416854 16095505 270929309
102658827 109013549 34366385
24531023 152831677 381376651
23791550 52179743 276613367
109169979 173674024 575598484
34143341 58204018 388755584
75921855 6441901 376689149
37846279 206597322 607209756
92271617 78661709 479160009
82903352 108489365 562891729
13991216 82003832 72136440
53918005 162856164 82325581
37316570 59572703 658839100
26122690 120945481 42287999
53926061 151823673 323893594
55153838 166581127 547104025
71077392 181853098 97097746
34196329 180916644 466218383
12077652 159109158 472719791
86183851 25129675 600334407
89065912 130863908 301651302
40822007 100447010 623916288
58565949 1721806 377562985
122496523 177843970 446422509
48919950 17536869 581188481
94306762 117170424 411381444
111713797 203736690 110124265
80578956 98985357 564892210
93298993 137067820 440428864
50968947 159085231 627601348
19343712 38075832 122397359
45901727 181130059 233060699
79242858 201220259 259785358
10683599 196285533 524200560
39869946 46456450 491641029
81336823 6405386 610375291
109655578 63014332 45852229
73185379 104745683 250776114
7035256 47662903 59166539
46753877 175726531 271162737
38174588 197811442 38699416
124109546 102268635 53352986
37331120 6895848 226807863
101454574 174404399 316343718
30 681034392 475749438 880025540
124570283 329179162 419635477
374800453 311684045 782949843
385073033 304402682 96498408
509361943 6271826 826417805
652141973 175736090 470108439
286709574 380451688 757984843
51958128 199973365 441313254
363317472 140235657 281280660
523410614 283070469 349809558
622493554 143943102 738898563
657489777 98503623 812573898
274858853 142139966 219077672
599370229 26754645 718814823
525680182 448222136 564193202
32641472 379660231 668863711
151997452 374200366 89219486
284323148 103745746 57198916
265210901 27124582 246172568
470442749 160319392 841051428
3890875 111126378 134605511
307182620 276906952 450026947
128936149 320235368 294866202
559274478 101051013 111025064
533329117 184539305 306112459
531669920 89627424 671046838
261322235 231483443 702021963
131407892 33365660 174759411
633895225 147117872 254576231
488529724 392522032 721821233
331102991 186498548 597962953
16 548471608 505691091 651645605
309168160 203632642 566653988
361245155 282758122 622001103
268443351 357687638 141533958
352449364 18124505 89347581
89604107 403509812 162200123
327347109 391009175 133618108
186099217 403040445 394050997
409582701 459584377 51944144
466033216 394799292 591203058
345877535 40162746 614825931
365558848 364675839 145870572
223779578 55056219 464858896
231058445 115855690 529655585
376494052 51543292 198757671
404856987 227778724 278988140
358848114 31432687 261826138
1 162438998 757748330 144810979
95288063 521244284 37401888
3 390853698 432766579 795429294
384708771 194178565 622868716
301614014 65501857 332170225
156592641 361113918 632422534
9 210755117 155637168 619924655
91324812 10862551 489181945
33695448 143557678 199138279
184814113 24146675 71470510
31938378 141204137 463587821
65076377 100140932 116323485
169486432 56159595 427811853
40201617 148476748 512917565
101681882 70781833 3342
66974629 17091712 170729129
10 96013198 925410746 513613823
49964285 168421110 369536750
44365073 432988547 239461573
39888793 797263104 48533721
61544661 887402025 431401606
95076115 67319598 156474638
72846097 582608257 47550361
88618909 641828446 35553935
54338085 42070323 283518307
26932247 15924813 486930914
60983798 459928192 16165896
47 788360471 834907510 133295359
233600028 128052263 13373133
670770132 454891956 124538698
107426408 178744764 29713343
409977996 235405962 67563115
259342952 641108713 69042626
548050738 802428291 32836979
514711196 490885383 124285538
598645119 393034850 60180422
323669083 442307805 13756558
390259649 207414181 961901
12841638 311127911 75196279
302077600 758971651 80659500
237885841 455677753 67916322
485440219 799826938 51657920
570376544 747589202 52724196
71636790 703348389 88539221
536438403 216835085 73166776
222125634 148973669 71967568
214364754 477461828 96598551
533295534 32097806 23385187
426958749 662042331 45903682
16494871 601418064 6197245
571107539 10234475 67463726
560443645 534109129 9737952
259524569 143249077 2815878
597325920 426667514 36980628
242350292 619676753 112006683
779170184 83272264 85583762
600414647 234645798 82271208
605591228 625625599 110917720
775039353 525825135 73130990
65828557 832676642 29293843
282058782 763260650 61033761
296714002 583336824 38822497
222756529 673526843 90188067
752006067 544235645 90251314
445585260 330714496 19340777
22691909 141962385 20926924
294781998 552314821 29468355
553145937 777064973 72179326
97998516 819667857 75256314
187333024 636562468 13552826
293991326 306384626 90194918
302657152 379426915 71855115
696978519 440265975 120990776
653540145 659296269 64294614
219545751 317466023 18208550
7 561668105 341193501 706163730
469819889 219591737 686660066
295038664 173779903 449228702
239962726 228531602 548650448
504016124 138164136 255037325
322905404 225120313 424974075
531593279 164145572 67296703
362884001 178810984 579546212
17 991548112 431654408 734413357
411159739 28545897 402627701
115156700 187163913 605592869
375943808 245865087 82321058
731766988 82057397 225984659
907910979 72426103 26280333
222496280 161004520 13528811
385747610 88469432 483863481
535833051 94039322 80737954
644762924 70729935 573326436
759813494 261680401 208054216
113121618 315368961 249632635
976808898 74763077 404629567
251790878 350678841 624512780
740841467 384776154 583526974
641486285 325281587 527721868
134358640 259603649 458509586
694295550 64508026 137324402
20 854366209 261061022 284651051
473629628 99304399 41601489
7920345 113451928 40715549
323133227 31618945 170216539
226099450 70007710 281920573
20731442 85788257 266624225
511738888 61078869 65401709
36333777 224789057 274440938
17301052 1433397 177752553
648454504 50883947 2341697
62614086 47678623 209350382
461053589 233816963 65189607
760807812 195960085 142874785
772201219 27811917 123324482
669796436 230680100 212133209
4927065 101861656 176300612
190275982 127500993 73695535
209102256 258239014 25169518
170481383 45491991 94181291
579667164 167259936 94265689
273574240 38614913 78064260
27 367280913 334900561 216569910
249830785 245039470 1188846
176445173 14170524 9353551
49997290 1787612 25577547
128208238 193308334 49804144
94264119 152968361 6044920
75547710 157457224 80782969
50054531 184064867 139404194
166798766 151931377 24545143
239683177 159572337 198959891
38509999 246227086 45979588
192392462 181525735 181259670
93243135 276640940 73503577
198531467 256601071 700713
12418039 210638574 123345398
84329293 46876419 62466831
166387412 82125834 85213301
166294952 302549031 28009500
252221303 272700977 107460954
165852830 111337315 126146049
15204355 57552849 86508684
58243695 67538113 192103371
94527724 171423672 153414986
103319431 46774841 41906831
179704103 310603482 105746467
221904154 331921657 196425849
28955131 115062539 158487439
25842301 147957731 46134262
33 141559132 892758880 717179247
17593719 256132428 404743734
101350233 589205080 153441367
27235675 192079093 40446086
48702258 45200548 109144694
84995840 98786045 251895273
61275273 187885159 699968375
89515004 362176937 505137806
46633886 124366222 302818646
50637819 30109610 697558482
17723911 626784829 13862599
116667034 562556962 54243091
140338609 402681435 589947209
111070630 9703457 465260882
82021991 766656201 314642920
53003513 750597455 209172574
69413070 755729178 78320277
48955654 391318448 644577637
18795729 866836480 231038952
85485010 214835175 456099291
124069906 176110979 31160277
128369452 243707741 451902247
139385551 817944815 133830835
93376643 477469553 333579966
90869947 218592997 471911515
123648607 66575877 113234704
77432976 761289452 35998492
20313894 468052050 439926844
17539949 592629385 312440076
19659973 352276518 179650441
116895243 52368282 294582658
106614134 605012473 599664686
30921519 286317870 375252439
7002465 452558014 560602793
15 388756860 3967823 199131543
120295573 2456544 99585841
298784650 2491238 33023750
54474775 3566822 142015999
64871178 3611259 54113786
225031734 3202918 113415618
353056271 1428769 99783665
245020077 3138030 43738491
7599767 1463259 76689896
274715458 3869582 54210166
187654311 1988415 33905508
297594960 605660 162055048
73585204 2159172 44671826
225019639 1099911 69058493
253255461 3875031 195015798
209993155 1226784 150293203
13 462255373 262670746 276286034
308800911 18497024 85949339
101143119 110491798 20968371
304966952 97480135 220595067
189936517 236810354 8517207
412307265 149924924 27569373
42791569 216430119 28002787
302926952 9155414 276201658
120279598 214007685 183209861
220581970 176187110 35787721
299084338 9994003 168390856
421668898 158125856 218263825
193579039 197368971 195715664
76119339 110854212 123319891
32 987840660 632526045 299796945
834027820 565262159 148055862
562042739 112731207 219086224
856739897 10010089 6423229
755989215 310099641 276031207
198819879 268100361 50999855
619778295 154408445 12070936
48053485 425707334 166240469
562625344 237428113 246806910
574243551 326389038 108352272
869605568 37120698 115410442
840559339 607980578 289473578
802989531 469828541 15959469
922693561 98883598 97136466
45641903 288075780 218158095
922065403 71310125 114499880
52943423 421124041 78858701
891795700 317809963 44044777
133533877 243862488 113208681
753804245 378817063 64823053
104476949 70773141 164497823
46010175 292706094 256861511
336912544 418998793 262237007
606169375 437075251 7149437
698819881 616919715 145345466
885330200 72594974 86721657
877843065 563235020 136489359
338281684 212966306 198298978
499285445 430310464 140329508
470110289 442599374 266217965
837966962 223539545 122698218
786762241 226747428 152750762
824306108 152285269 139614966
45 431996154 694627288 196643601
56870290 640717212 163639903
228919972 379642097 163451824
357321210 65332838 17491136
89063530 687552583 100891288
347237471 431722446 32008826
205736959 472527908 163676792
64673842 434807382 43419463
204616554 232619202 128737590
332386383 8561232 111321378
251343612 662397148 148516332
138345316 28625209 84839827
39909571 102741127 108464110
217510816 216004746 79187171
71469415 33663278 50292291
129799257 413809928 132182084
358339402 295454425 177946565
398248441 575942163 177319390
46656673 632087845 176065121
252883411 408802830 141000383
179923319 549909670 11001315
215354457 50571737 54139119
381479013 213191906 65414038
174423480 37243378 51047823
267769530 503280478 122575214
359089191 41323711 82134882
238253238 507876002 133659201
192311953 691672425 7335853
301208450 390242169 133507716
887955 33108893 144753261
317792293 152227207 124613912
408080900 363867490 127253711
371842462 520356273 48875246
138746498 627827819 106993510
382525618 315112695 158892452
376182955 566462313 4504377
415844746 509395728 154356069
380518321 492520183 83510712
126334313 605104440 165892978
420013616 186588933 87270025
241179384 657713302 189600934
335153766 643312590 8555713
125224565 321697564 75327581
233053930 321380219 85827888
338358736 320788219 138475170
376603845 356069361 10970013
46 514769324 833915680 935704755
341118901 17129703 99220504
62106042 580785812 580760167
397029530 8673566 878808344
346683857 30743190 225089595
284688308 356605698 926472522
139414828 814343821 593952611
247905882 422715919 776379124
249095378 405424187 686501024
353252060 582420217 758057665
332807673 115583754 501510210
488799590 256298226 269284221
443803953 521920596 396090245
397724382 359219793 23941622
231029018 602070781 932795787
27026897 537849621 523946119
469905703 804809917 370645558
218121556 344751413 576471097
143433058 53385185 826400835
70599987 505074872 458009032
8879920 266185067 401767364
149075285 780336272 118655286
140496542 437300794 929706901
388856645 154648009 285252888
122743201 325711583 61472639
362598041 177923614 338097160
300752000 366666419 69923351
356311154 374154387 784380799
412836306 128661251 189745007
499566520 510659576 740395361
117553145 387863880 526059429
284590707 105639290 422229636
368401433 89988357 184449563
139964040 160435383 119993053
155215239 84859701 811887975
172564848 4438777 343256820
253096161 320245538 487068815
469603006 432548489 208758468
329692107 161194388 929556903
469433571 460669504 351177500
220071656 4549516 133102066
61526404 599111833 487748966
84064452 4015199 759615788
99761543 360587914 925845675
509138446 158240769 34385687
26952051 311959878 664092258
199868191 141504624 464173127
47 845589427 80999384 519582327
489574506 43655516 455993517
50075650 76365358 509020117
259379354 26932285 342794723
11076318 66924692 401776711
494003846 55345048 450885405
107444660 10361627 320546511
397795600 38931346 58265253
512595535 34967906 332381255
584967764 13917534 202691009
644539007 15533413 11614528
677143108 14487009 394384112
414320054 48209765 461290624
489357902 17807172 221139527
252560860 2317709 320745904
666176529 33795330 287653320
690315156 79945025 422571398
194510683 18014163 450342779
333265679 77712349 2035847
386080779 17630799 510718090
220137720 16931096 167962648
793847394 79102542 153909768
703390158 80958462 150960535
435065219 30222913 373937930
38470165 57188816 121918830
86424728 6259506 128759683
418546626 3735487 101171638
69143242 65089411 405251043
297545869 78026823 207820578
86689720 6643156 47355488
361016697 20638847 449731713
40637050 47435654 14950964
624410118 2406013 366272765
238676482 9050695 347103977
721313665 30280395 244493319
309594132 16681794 81927885
293170433 77160290 3270717
72332849 58270908 331073075
502678170 52763803 409265387
593992115 54722455 459462172
743920933 8309226 362191092
714845572 9478499 81248840
384888019 9574906 173574830
693134790 66653327 48727590
567862587 48730206 414529443
378386809 16558667 25248717
765102324 47017503 491522986
730065324 28922695 496468198
29 147149524 278182248 195768742
42555057 266604336 140711969
78658821 56392749 71811019
23975073 196217790 180562917
65871069 198362953 125966154
136445206 58102413 32487590
63835495 182976510 53606431
110164100 218428243 69709555
37000402 102894996 183155219
139437136 32834352 168415092
44433626 140898808 118942295
121373832 104557951 27554916
82620369 114384690 65605861
66480781 117981182 99715296
87461798 21580098 114908278
94442955 13390396 41303279
12091265 21462885 14527530
58963198 57164576 99080427
67662492 107977534 1693644
140664268 80351695 41366968
35766090 135453182 95077229
46392555 72199426 120333815
22037154 264125066 112136232
48838295 9698962 137502642
41907441 18349612 103234461
92360334 91163533 176427369
38378066 13639249 104761048
135307892 18833954 155875713
129350019 158169784 61178968
47244309 228327946 108374301
39 869711991 615493980 867063737
160697193 397800718 505083381
191604066 64362370 600961085
703158225 197436657 446312841
29074802 298434297 131663174
409339579 293379199 85441872
569039976 259984140 318739740
862682096 605221191 439357326
416128686 238755161 711690769
645988324 115158692 724615958
51378368 267977427 55026739
152033053 332832957 214492601
864921492 330808486 380575096
295890947 11014161 532531250
253980645 432580546 92432886
340679615 412568193 250270232
215808434 517160812 817959204
751239407 182759482 497318277
559392520 327525775 210476741
292217617 290703281 648985377
638829711 171870484 81454092
222874646 570351692 333674960
399237419 488723777 843883398
52193445 353613671 523045048
683981688 547396633 258069226
643009129 612609636 658740662
829310481 578354367 342973826
80577915 194478935 289002844
489501345 440758052 663770134
514947314 442167025 855825309
213866249 132955142 330958576
118094287 599962727 453575537
715063455 274306720 637231668
495993788 511628203 696793620
843732763 412729145 759148090
314726095 517540766 339654437
229478648 329924227 743463380
802321070 346268937 287524209
609516213 291978819 111294183
33687446 225028160 824372665
15 664056515 816159944 460145833
279657837 64509795 429268039
249310391 675031867 347687297
427886341 448284821 100690063
88171845 644803806 452473646
148751966 91628864 202318035
477906452 241998971 421516917
70569464 793880809 89023288
369103643 435687484 254430173
56695090 377057790 236875297
296946970 227156031 183480404
330616311 11585333 217944607
433386219 476780058 290489510
310703549 508482204 403623399
520692259 167100522 168464569
34567691 433071842 60082920
18 440338964 990136047 876634229
285897506 878619195 7635787
173213642 122629359 117491673
191555303 788323687 504859626
219204536 498977276 304215491
365875256 182733470 587364167
84725920 693885886 568645480
378105050 699017030 200147567
16781191 505602818 475771145
118713292 900684368 862009740
353030140 424797743 70779205
370932953 15619554 521453943
306455594 325059635 33940630
370286424 326353542 713862740
125526297 255634275 192859488
170033141 189754612 313670950
236415031 760499362 190329976
21589774 911312937 610730047
76155396 827570702 348724888
25 188072306 799694016 184293296
14639278 119581591 25775184
151205238 562219249 6037731
99163674 343688399 10097706
25877100 236627013 61525942
129716347 703714850 99948832
162584736 567781309 83738608
100379572 336868424 135903698
71093983 347671746 89756432
80290819 524536996 47121725
168078010 528036863 11841211
18154729 118014195 46064590
157893668 172993979 151448730
84849235 705977720 35396257
138023020 666442243 81094662
84300594 696631389 17099486
19573135 588482701 147324683
37944444 718564583 132545788
112487367 708394059 27654595
129393428 159678084 146462519
156653807 444514950 70224796
167569579 63582815 133990559
104099069 414690375 108469078
22346867 742137463 61401427
138538731 488959135 109717024
146200305 238634552 85662957
28 65373329 817327685 788496965
48061393 577380717 655611143
64103962 539912277 346719099
23337094 132437006 309515683
5261693 211122886 18852072
8756946 150021254 310246233
11648651 752525723 488465307
46586150 46546953 443277516
8370534 661627948 504559444
12286713 543130652 613273478
52750810 411525019 699495000
39757270 743898451 103859686
29195164 635288345 188713726
14569893 681890444 98889453
27069323 696931636 331883025
39087715 309784357 470135950
63738267 763156951 473115265
4228198 318163130 729109820
17254815 100360217 443303655
28792119 629346024 762457525
25059120 13257321 447146560
15463131 451994544 342997861
28721261 699320561 418843025
26135389 548863724 282868322
16573334 72723827 107153145
2601544 310833566 90380034
15288512 312638730 591487890
10620577 653007126 693833777
26080582 312727783 410858604
27 974691733 421178237 187950987
13538628 265030904 156978937
54675024 328695082 94144136
504825891 404820671 16432723
696231583 284446840 67145984
282669500 176976750 158326779
326076342 234089362 145081399
393386506 339690098 99441632
871632181 39187686 90378153
362944028 352881678 185507847
908450210 18462304 43618392
560868976 33390009 118611068
829580418 252688394 120254951
53190135 248089703 90264779
658450924 201689117 75925224
307744442 75797041 61084371
619882625 271888284 143400747
842807775 307100435 70985048
860074098 419061330 149518664
542529212 313466361 176923420
630981937 391252725 178073792
310004882 376358709 110488555
179849036 78575222 84066900
321399020 347969132 93103462
315463393 311718218 2894760
545862508 387860224 82865953
951269390 19817267 13424736
368102579 253003684 49287048
2 502698590 26162072 412888186
99312591 18802976 340005983
458439777 23671113 201491294
32 723254484 626125361 83224989
437474782 130705992 17643393
42171565 376948990 77571333
243346396 95213041 42841375
286882087 4605143 41770259
675379368 471450744 25469939
536180268 240760541 7961459
472210290 177111054 3628050
65225529 502179148 70395499
59178472 198715915 38037199
57843533 140715436 75362847
628724617 598262652 71394546
528814601 19841225 36965917
14541261 446346251 9337600
650017507 580408985 41386958
423757480 284108284 20278873
102339003 74060869 59647145
136774353 146156415 52334209
720441706 434261870 21625966
87644283 201690817 21198679
673277690 503719636 46172180
608875423 376251497 62457126
684886781 114560587 73829826
601195717 395077893 2986943
58450300 604948369 52629668
428797753 607704750 63932271
128936950 624119646 20958790
380186851 166191627 4803037
567704988 51216838 56544470
470075487 364082791 48293192
662389250 590369176 45631715
169810725 466042165 47662930
505462342 156376152 39719177
5 754493988 770262909 357924355
448602641 616055029 97292508
653748857 45346351 333749765
85807268 120847063 119883657
491973596 57551609 101989722
515181015 54092111 202420590
19 713465212 892276111 870248233
211251567 317249743 452504981
147352001 232265019 625190329
396493658 548874061 628817732
143817572 401947007 599970452
228292610 863675654 26574954
669378038 550853356 822576225
116569942 123781527 342484083
606250286 783097331 331648156
579668980 300527677 730805106
450701045 501128212 238177682
148378118 490933580 695628918
216545881 475799459 855612939
386773403 288607618 485776520
19588058 842932127 204511571
339768541 719800731 677353043
243515006 407369830 119732059
211048110 57210771 13549142
53389443 524238983 201975291
85548236 820517801 416950541
3 744126412 651175840 998018218
15551679 634145946 898159149
331938482 288075518 643246086
384562800 100690565 948202583
47 515435318 70116266 381769956
160633857 46535275 160638194
335244436 46286330 108017587
437420760 55243602 217683908
452523911 39007244 65545706
84795120 4495646 81705682
28082115 3767023 337991742
309333385 63666620 215972839
11604948 14539292 292344503
289455764 40795023 128333564
362213642 58165533 46102733
267573849 57936196 99302467
165905617 33088226 255144570
385722667 17916262 57393007
343863980 3131232 185923291
468251793 35501340 221399148
194771683 13911977 167368772
323979653 56607826 278919734
186849837 2865117 75115129
268777426 24421960 67086697
81889077 55825530 191806487
306680852 21952877 108775110
288098463 38084737 308832162
27647763 24006680 87406671
454813925 45196607 114119043
231829089 23332416 368933163
320255906 10931851 58517449
35952424 7223452 52649231
347135641 47199872 285685776
71672265 33643317 23072659
174734185 24126619 26171964
393433195 42851723 143588925
337669270 18422239 164831576
332597623 57149768 303688338
196440495 9567108 253470177
121638961 31196525 189747754
49797573 65857500 37806136
305125916 14165573 143467944
479447310 37168752 131473767
189760364 5452580 203670198
288508507 52360210 77984611
475140302 59964482 108047310
209471122 64059780 273947110
427244413 32537752 346854437
329453961 48721238 34785860
210297034 52688308 164750409
205969653 52991210 274613806
178294135 43339016 166408710
45 278725872 215600766 752206156
99320904 85755804 732241772
92481872 184969574 14973043
61638371 9551054 692598980
213397417 87410767 458433452
68094191 144442945 299472161
105201796 83060608 171175979
129326515 109835307 131345426
204116031 131161550 45483583
183918094 148240780 77501480
75845883 97689176 383047077
97430302 155183202 182493175
61703300 189776714 622086876
245767598 76093394 165807181
183787550 195855600 589750132
150451028 181156362 426725775
240197230 108854111 672112966
113897096 152644527 386075466
86748098 68800903 206887342
149309242 36208736 304020180
103352038 26627952 120603067
135362666 123026975 562294638
149550875 22570597 497229366
146888703 107483953 622124093
5332913 125021035 232912214
93808529 26228199 511236605
145161773 58581330 149404171
178259952 94902242 9249584
250736720 185688864 161314583
182315166 156028504 589260400
185230716 48293562 662181892
151579634 69827376 588276905
53775280 6656067 725304129
120853099 137261084 480488747
73333202 92865320 81674098
130257092 35477016 362915271
19575427 88031222 690241697
30916523 166511745 411675713
205511530 84759932 658261546
160573509 113574196 533904276
114586832 98883822 92885446
51733490 43519536 317693035
24590197 75700384 27836537
127513671 30651858 136273816
42212812 193710860 734005369
20392802 171352529 251177177
16 516118284 977695159 46517122
367633862 167731020 37272923
216198116 84245938 38993275
65584393 252747944 4113967
157385202 714295129 36855582
264193304 399522680 23025518
83017697 67939490 33076355
334763466 589036408 25913976
41991538 515540993 7391051
93428726 127976445 39595396
339190638 238832713 41120635
23745346 906275943 14656327
148925490 693812613 32396095
239428132 167457324 43169607
195521382 144905841 1138111
401278862 6775973 39455141
296692787 15679508 42050981
31 429739539 662561310 288800620
112946298 146772922 257048275
388743692 75148762 167239047
179627481 619033211 211618095
405175060 251127074 265292149
184030614 470522166 131805384
55410879 575400322 129556681
404375533 572356518 141336707
406927683 159570606 125639328
46959105 455148481 84001540
81090159 318803625 264137597
110338895 508824472 101101253
371161517 599549450 278369172
407790443 559237532 5333494
397574484 508592540 243602119
120474669 133297819 248273282
5592305 75805362 22541683
392430494 600092953 23000005
401287358 533873906 179645698
234169323 587840676 111977896
33237869 356296206 243629743
340868472 299961164 247315486
64747028 441315875 148982987
327337973 311797411 88282684
389284986 547123657 42042111
380922172 440371479 231373719
124444461 388450335 77157549
300661170 48822520 193974483
65954991 410048171 54630578
140790724 197655400 69559374
116178202 198155686 192613671
146227513 91699465 61320570
26 87824982 87455525 784372133
22248996 35894374 59721992
87392565 56916892 140761717
53616458 60948761 624862584
47257760 26955521 52957692
39618729 21873597 486078701
67829449 54606965 435358535
83233274 61012730 314150692
56936389 39851554 501176803
41625521 49856841 143831040
33806373 19727170 771097872
61426048 19635503 227400145
4072677 35974613 17762744
41628166 30793508 648736251
57916975 50308260 534222521
45274761 70732795 91641273
13623550 21826078 583008597
23619736 18913585 652082898
8517642 22492315 585853773
34873755 25397010 292324529
49167943 50608569 493252578
25733819 37915916 595188693
80958897 69901400 663273762
70119112 73385097 103404762
49700697 3316275 93418532
14531974 27217062 61381090
15368588 26661123 575950879
42 606968441 501809042 122882656
365995138 311715497 9616903
193048419 250487191 46824246
62084356 263958964 38566343
529216889 456279072 109893975
72689830 475237397 121190952
576811095 106748472 103385716
512664602 130107766 87761497
356808949 348920527 116560269
58302481 227808302 87154927
40450539 63583891 89080122
241711766 49048807 31159208
550010482 91604450 41332431
142915352 346430820 64585286
146736163 460241467 103261788
66899327 169684581 49017708
289022380 204737132 86522126
300425502 61868768 79762975
366279149 149941256 34030474
388248017 175647325 107612464
103185215 46530303 8575809
358064867 447853827 17233006
380311824 170055290 514643
288485365 306764910 2033547
186256585 69178709 117933687
519013826 249542860 37064371
279036797 454660661 1240205
331105697 68948251 99879829
289551357 446906 33068429
121137984 441076263 55771993
338249610 228696606 79534293
577595584 415969146 52862200
414877536 357785014 57550018
343868640 255859459 21589426
412077728 154697955 65785023
501126093 293551312 22325283
443888678 24669095 15926452
500659187 423703428 76763902
426563592 187165088 79104024
380661821 222257335 3983514
364328692 229712405 23898233
231004863 413102830 52953024
106859742 458627196 5554467
43 515549301 632830372 936132506
409589833 596877766 936035982
27904843 553989753 91565992
225801160 186584468 110892952
50739089 407221672 738492484
354581639 164736750 358649363
419940465 398086696 88174803
59004368 280277618 907433605
8365754 458944580 292415091
252321181 328398178 862420256
73541137 148431452 846908851
159670377 215265128 338314868
34993248 14055338 301661016
119917995 143379487 750281433
511733588 484206400 890179160
430640641 87136583 856139566
161344664 166869371 357315167
430145726 311026036 193975094
380049992 435720862 660314127
190491149 455243656 294520975
474471625 475519811 424734105
482440017 238260303 731727154
102813222 571326773 578514586
111238009 149790797 9499184
191035284 307204407 112488161
141711586 196233786 739042608
458149790 122567330 460427820
56661074 594464337 374320166
499652997 322613096 864661558
170652502 582739586 489139251
104550880 625119835 399728696
92098830 71949332 107800951
456963008 147185275 503281290
87227647 602075301 420329337
20464104 156570065 723468654
200268997 96441254 705265101
150176570 627544136 199585717
486672199 184579552 377866462
275703519 420254560 883748826
465041698 370491843 479323553
307055777 314585554 270012400
205797840 410642055 709338783
262962487 612381854 434965828
352022402 190263248 573549497
19 986434157 475832031 918944055
930329347 472841103 626660863
164247187 98172106 417838639
173623210 88377123 51525754
962134948 80432990 229464314
179482904 208243957 671263521
868189803 230455080 674715226
920212693 196399310 540513708
374586678 60516794 844708412
322606063 36123415 902990563
606274192 220659283 98122895
196659463 91960328 303838177
511463147 289145365 579155080
510472642 189988315 647671508
850216739 101310371 198499093
540783545 197995831 288884906
86216228 153988696 460391973
948386002 36802925 769070644
277656765 341838097 71323226
632341527 34599712 215912932
31 501844059 963073302 847246737
487368174 415476478 797809193
123911642 301995452 485628405
477135438 40264094 156362568
406501981 394415580 643645413
270451966 81187421 560830096
303614297 705268432 58485232
246518222 66278292 251525262
4553760 300743954 265613825
41098109 254224066 766392594
53104413 339959606 276782491
291284655 921148003 628008678
435185345 478588913 32769811
257254523 631109677 351174899
203245411 470794716 46236466
291545887 961980817 77740317
73334510 556349148 818773034
204125146 425963643 764285469
408382876 832667308 490624536
391971825 26020456 107048484
170325011 203086070 740027204
11428853 820247423 424354288
119294627 912421115 705920252
332374932 491849553 789307693
151817596 797513790 631747479
371511463 263467371 436392671
262571745 691895063 474816630
475804298 218174646 670726542
488142306 821826090 607266267
490831065 829500322 82851452
361891889 3516650 158042439
152418384 576320159 110881683
2 97919622 529790928 106936357
68010014 513927787 64019712
21373974 277323063 86464150
34 797517248 544024858 58725322
359824682 93007203 21301338
83669659 351150738 56239403
618412128 498888314 35783835
665921897 363553950 13006492
435245380 201856734 11459373
364842180 450662430 17089066
172943246 305764743 41436727
472242520 278592480 11182145
232858489 136809587 19108746
257767657 246197383 51695486
322675738 183830876 53571232
455757166 434353196 31076104
543786129 194933129 19602261
599151410 371032633 9263807
697113572 176959368 15719744
642795086 92592741 35533902
166252111 441546567 21168100
500927992 306688769 43958404
757390418 49130064 47370327
630534093 219078431 28174841
396481495 408130476 19104922
461833079 425542344 7283472
457462793 382969725 563620
58348465 289154431 57786246
623674249 526437033 13392432
567416761 462237976 6569826
739073529 154702782 20057843
425010484 170347962 32473825
773666344 143099515 25334221
352637043 4416520 22028171
60085009 308123045 2002479
112703490 232479055 10599145
533280194 41668825 20920820
172898997 426774668 17674976
47 346844671 961235974 609544229
144951656 938716265 170364197
303004991 129179119 508526813
311714995 878198259 298456353
118974857 239777595 476702108
190341758 271750049 51302359
164302126 458831367 208234794
26977607 423745393 275858539
11575049 140594735 568667452
182781586 107927376 97950341
35690178 312301910 35844953
95040678 24985604 233789733
147852675 623974379 160514353
143019842 808598073 597053479
127631652 708208169 141208693
286869915 749526173 437676181
146271100 449562796 538836182
345193984 552342258 384023763
214961254 945401762 56900302
83951424 879092605 109833746
171536170 55280375 241137872
166418799 442304539 502896374
97775605 846206093 451424339
167809214 92376257 410763183
289717549 694337871 519756727
159285052 391150896 73382587
234504505 83913400 122428982
3334147 366977107 583107634
289614948 129002904 252096092
316666921 193827168 104143683
233260670 360402855 231573213
60986027 186921846 126169759
310810043 64555928 206525236
101502278 854363589 195736055
46994131 693239149 144270663
57167795 676506665 606931527
343015488 654068674 125054956
240645813 482942166 244849886
215202640 546519926 324883406
62223641 723716553 99808186
54245518 308242441 152099412
220581696 768269342 161418863
37008787 601110607 518574706
121143030 76311392 425064548
102182430 519159738 395779266
31242766 530444584 215857751
250950543 235269528 157013970
202432686 31852901 531038487
1 849407658 280506347 106059893
177903442 127468360 47104720
33 33951814 487952219 291682699
23924812 73531015 186235947
2532342 340358207 96469739
24246513 283865162 51702354
8521866 214878221 62776621
4911976 400021367 206318269
17564720 263897465 37877280
2487545 305760183 264461386
24040166 485408437 136752256
11903504 37011162 277671722
3400090 262798237 221720048
12323855 249084377 157526163
27232059 459801389 107503541
410386 243515356 276014417
21863210 187672264 170770378
19393937 378880750 123149184
10474284 303400799 23556335
26490541 433077856 131584446
12586319 462694744 192257820
3030927 179686193 81253870
27311153 206250589 93610138
21585377 454566142 77363386
13399506 278012679 275209565
5765211 405212327 237954896
18975731 424409172 162866688
12038324 280545185 90628421
32168726 111091705 134486950
11387919 310477873 232515929
5252954 106915747 273366341
5498513 485108270 121504190
4644575 487832195 165692059
2692887 60641955 55393390
30113520 62805839 50239029
6482928 336660909 271021439
19 295824019 887409576 896149990
40271261 504642925 99359444
205527749 505431312 428902914
27238714 32956629 645535005
292730643 111182975 421951467
267052084 123469827 161836446
285610728 50823656 847589757
97769557 488743698 561369874
242486229 25105926 660751998
6593060 462678691 388585204
283941310 613042255 100322286
124085810 729645214 879584054
79371680 101379387 444744852
152804629 709744251 747252192
67204752 461599690 174905537
11988372 473221233 552899112
163770161 469606097 316149200
277053720 273989716 346149127
25492925 863204467 665104819
116050382 186531147 481166426
21 446688322 899111539 318189496
79876436 253063088 279350684
7308464 16381069 63834918
247574793 674749977 276184002
371981029 294389303 146599836
365204731 824127009 273065526
143267774 61948543 303213960
444941365 678867166 232089739
67326288 8211985 164922549
108321083 424008558 234525869
193513051 575083142 233469483
133458709 726014896 222149185
301579223 21805461 80980536
232258360 535150138 112256541
280177509 5970934 221299652
242004815 37462005 64290203
233233283 147429274 163612903
221331620 877328503 170754792
252871949 212112545 63685836
188347270 232673999 125241476
127759271 506731464 163892399
234272281 120775407 283714336
13 441027809 11357768 500950132
364364185 7670573 149201123
375037034 5136868 15351014
302280145 10977402 462956893
115363859 6879880 414330334
253613985 2249338 496638951
225908994 7330771 216503571
247745584 1798373 255893691
11467869 7995246 113587801
390396740 6412925 338386662
47739894 412311 140254909
129591839 7093096 126440219
396940966 5657169 279916247
126231257 3873395 84506517
48 267874561 352874005 373540311
140291081 221125883 281126461
206808983 98805709 332649084
250836379 89517363 369982903
225787724 334330999 5060436
10750703 143602002 185004622
46696546 297587760 299608240
260200678 265722398 312270560
259693945 242367699 89743323
233663345 190054 100757222
83256749 249188421 118739294
107768993 76476271 45334882
175767776 301298068 84895006
50715567 165861937 25939861
20127168 28276823 95587021
110555389 262567253 309800897
111518227 186310551 33805375
126577683 253572883 70030573
195498725 352436018 38570758
112330701 119412617 241601392
156232328 237934751 8461822
45175117 85228093 105309160
184588526 289515347 329753900
126515744 145663067 1735794
193727014 279985113 241435259
183295088 216611579 314995106
197475301 323723923 255410824
228154611 221893336 44434561
257754258 281909068 302339045
253554135 174231479 162605785
145035456 10173135 259414343
209617773 55376216 40082870
57702914 153628570 274387109
146236969 132630689 97707573
211406068 204079671 115537823
241137472 246524432 40634943
86931524 281257887 174889452
96401195 220973670 143378574
24572227 59915854 172696037
108913770 72330046 105001219
259668775 120044045 354151018
143245893 166663973 107354588
255657106 171335819 284730682
201950944 58137456 219952196
247265935 76074409 272982257
207211393 214207714 167958338
164584291 322079145 100900110
50402220 217850105 160815798
205975338 272068769 180006472
3 894423801 124201181 391647491
375799588 108231346 223463294
601084997 47168593 230390637
618598378 91927657 27894754
17 702379276 386504594 497987661
104350519 222542006 141618424
447437072 140660696 228273565
152642182 140034054 491977928
531416781 344457316 177499905
321273010 247455012 176635310
142858704 356886905 303916760
695437301 346020559 412589960
145868906 292523019 28445810
388457907 348784449 433231922
208635423 64863888 346201949
266481610 85612077 438817059
694205965 68806062 409378173
418455520 323951992 404453175
94830373 39044338 392413706
65890990 117300296 408019566
70115652 355899471 214278773
489203629 135477241 448443957
45 780968784 40829394 341069808
130493519 11116300 26002265
723584103 15142404 114221723
564099556 37698654 169997546
603332747 37216875 27236326
204010208 30050653 199266819
370982264 11176289 340680013
65096549 18293462 208618074
762597963 20020426 135995319
260119140 23957915 64771195
535883240 3504044 87049327
687977506 2992387 169233028
665330106 29133562 56525167
496789709 4712466 76790459
59349671 20428031 56371317
212936215 4363798 30452481
27470300 8737903 202330790
305237042 31357377 60958264
130360225 11447311 172781595
301151423 25203484 40351147
145281389 4697093 70757114
479544845 36267176 42270022
606911821 14134487 223159248
2699338 8697037 62102669
442419619 9090870 307138634
564574950 8621119 128108221
455875919 33318482 71729080
355639375 26760695 41721356
291138390 33275654 93741252
549696588 6342397 287754273
678052714 24752518 186909850
223607019 20638546 153308518
157765569 23041537 124932547
88467559 24637026 142746514
7483162 28755500 123760642
536710842 18083069 43531570
186837347 2363080 17560863
585089660 14059161 63198162
227780594 33963667 29308190
513533657 27719915 223928389
623392156 37064956 2966591
388460458 27831422 109197349
730962364 37175615 214115908
358182936 393771 39955870
578584487 22841995 2986431
480171855 36082913 58232882
48 533248658 374095599 97861089
280726584 249573964 3477659
329643278 210751013 55278412
90243521 99545726 47974958
281731594 244095413 34975628
433991664 332653668 28788550
437925764 206873307 45635675
416272916 313801660 53450525
362646598 11722302 24445675
331797182 150688071 53810390
362828890 147792918 25196670
215387280 326238425 872637
395628690 298116490 72852409
268429272 94555577 78704867
167578761 222642266 79266995
394084486 265259013 56697849
22707229 293398420 16119328
396098096 293648932 96281828
40447511 56171049 44626786
223111040 329483757 89672355
130391458 153480214 78770469
58286928 3200094 87947025
139907300 90536210 69675716
376249166 7091710 88669851
88990551 102105192 5814736
254135348 309951537 58156931
249304105 364340578 38996103
258793027 197691308 10527014
16535150 16213522 67827410
131184043 3659102 12729988
3088290 208887077 84549628
522209463 33776739 83706792
14330970 216373137 79578260
384172866 114129054 29582905
159705654 137407162 60939169
207073335 23336435 27919813
390612879 86864543 61318222
75623602 315963169 15500281
93448838 224166560 40472725
145031471 160814350 65911452
344494367 87751318 18151627
6900857 240597448 31655450
355084411 2584066 46636797
496508711 51895136 92897076
485840089 277109169 3450003
306341671 349371403 17142214
83786238 60312319 71185765
189898744 157185706 5428630
123669706 275189742 96398563
46 984058937 764115336 554876131
101133759 373233360 247399236
80846090 755021220 545083256
392070593 92013438 19838075
85692512 62059099 321969760
937586367 385814854 103772658
694060355 646917897 342055775
787870559 512352451 446499034
552048502 627094211 179373475
116101945 107957703 173790414
233448355 55216620 379559627
905284359 328315586 387977785
795944283 137120733 446478973
129662407 695816130 352783341
617865531 182928883 24882958
893116558 86556622 18392671
806219638 358385842 281362619
909642596 643940576 418899120
877828856 227507213 143499252
338278825 231431829 8680622
885716800 301583060 356635514
403726666 491424820 122038632
317024534 29575380 336358371
844280700 384370164 542645709
930927937 596120792 179520412
707122961 103008666 228429352
496717784 595513174 425931155
960313356 225279378 5586837
143295458 215514026 440324832
172659376 83010456 259882171
313942690 626957563 470930209
377892760 478608180 336235815
715203997 190433839 260839703
268197116 333003965 259029151
209926646 109352752 114301000
960357037 710566281 335578570
129968556 256553377 399731999
320680117 89327936 447965489
755884026 44112306 206759393
59320572 763308336 414599418
883417890 591842571 42030364
337416570 655136186 182438215
845283149 89241212 185454503
956534246 301426304 301023270
480619618 275050280 528389784
760022687 586681171 57859065
622708779 410947110 246084062
2 581791587 861540372 410529591
100763649 784300726 128556954
517768076 114629103 1610442
34 396243687 341341357 22022037
290819492 31578987 20114614
15751630 273974965 9826641
101478666 158088747 14224010
364235612 107663443 1364772
93405026 95139537 8149836
82072198 134249554 22005906
228163609 229965691 8550680
55921336 14593443 14911142
41171320 12505121 1970291
255864820 259206094 2060396
181738368 205756192 7447699
13262477 239662578 20444524
320831111 315048479 14250420
279007424 324474130 9405459
333254369 274683188 1643922
323557827 47364959 8655906
103135429 134675313 3165406
198641380 249153227 3819542
17494004 319069790 19366242
328328102 168975434 18120603
32341545 62615272 12974990
301105133 271727121 16276492
250595055 214105499 15506058
20594571 134152093 19142370
221907398 28528554 16079101
82273383 67593725 22019686
9220382 178145128 14726202
111359506 212259255 19761513
313430680 142396036 13517745
257115191 170985523 20101847
226766791 158631270 5594968
316745115 198093356 15043505
157067946 124371239 16693020
45091338 292184555 7616231
36 747448782 728326500 412049138
648161916 114674684 135407019
260450536 160929083 161561309
50055054 6262599 197279322
507840714 47727217 308957057
295943789 235073801 322077313
576521178 95774574 309682139
20087697 364109878 51981042
606221116 494562455 381933643
180906241 16472564 30068566
441136067 254731938 300152376
392605662 522063578 116757236
557008032 509345447 368161280
75126623 287834017 226414834
386314896 643098246 229599565
295824258 138037347 367445407
512619959 201536292 72285135
561551853 425309050 42137530
3079108 349009756 33872877
214785347 235778767 247324652
506572801 352621268 58281121
215237526 448674977 309583446
494914410 336783419 354779965
747079645 27756258 16011838
666623199 607570616 196443939
52932886 210959009 404257130
237690497 261521464 260485608
241599202 648024632 86258100
226219010 149853971 72826804
308308912 317460012 29158975
446734577 141392047 154450278
503643862 345758524 343942710
517013842 74853364 41823009
669811885 28199417 235349614
499023319 370054947 345215626
366354480 496895751 397526164
68918186 463689277 392794402
49 409004149 330352643 626298744
66675567 217476738 255198172
107866808 142513748 352716526
178848742 150032054 610133686
373614746 21555260 614847502
354149597 9256912 367418726
64025420 294056826 344895425
349849637 168463356 258260781
269847405 137077716 433286160
16981555 97153873 189321087
29686932 55701387 34530684
130587736 82140741 50150713
12760857 229083264 236430294
96364649 299960105 598772015
11312911 156240212 237568634
226798296 6095893 223072171
21328809 61391367 342107705
253360231 248594564 55392718
305056776 222927429 238954320
230027913 237898550 282004316
100406174 264694117 617065551
165172733 29549307 446758967
92420796 138510558 564233678
321848641 76749978 269912369
375464707 69342247 562665515
19723099 58266359 246915543
83123730 50718269 225036821
316602866 54837959 271985713
277194882 82030456 544509480
30471705 330311110 576214366
318862309 125785240 297350614
347245481 249590443 592118487
183798958 124858864 211166003
24993687 187008118 137493741
53030085 162345055 341679582
367239398 118563056 235638565
126462877 108171327 604032842
1441433 256446599 176024503
374957034 137270741 552747630
102561366 263721260 208729998
45207392 243316352 45105170
278733718 31629560 195419778
358040494 24793644 425509179
372517142 206463604 619026556
46711699 215648939 121183548
397137626 329944374 117615209
380620737 64360591 573143883
397244421 111800037 515952181
276012521 35470165 491063945
73866328 178598276 247846484
12 452722454 784194306 999422331
285270584 570813092 464579653
324410014 147025544 477154346
167273619 142481219 599727027
98229610 502857744 448908914
387407374 757181763 741982308
144289533 102316573 296376615
21064197 353473390 17285890
103452656 419754188 789178610
75714246 736344956 787231768
28805192 214116480 300897314
313502727 127435941 209116768
244689011 69328680 7504908
3 889700101 843578737 122774050
618469794 823679715 88569568
439101785 498984716 101275993
666332895 382623179 59863112
39 702990698 282751163 646832374
212752328 214838171 592164072
322242780 225617143 204624144
465080625 75072697 291143135
340188875 34905451 277396591
107565454 220502989 360314157
561715096 240276 63454705
540215844 273991555 90938489
89197574 74753828 585109567
80525877 282592873 505599740
569244142 142070132 73466286
358235322 105836689 405245703
517522675 81607411 563760264
223658176 62434400 530230314
651858255 74103706 265131523
317265788 46436945 149193820
47047154 119762764 221545301
422587497 280036158 352835953
42717507 256857846 515893179
109031554 159082225 535390571
164930047 246323855 452829417
635522109 76072739 53615767
454381587 155556864 97649389
241726270 147563220 206615330
64381755 236826242 452367659
159322082 56737682 558907185
132167931 265265145 549125259
604850558 45785518 634839760
476086631 229874023 254709665
516347454 17183215 29303583
58095866 239543214 618212157
191046858 91501728 594979290
494948714 140636383 166102672
504568550 156421087 525321907
530447194 264743260 232996270
267267365 101385180 354272561
134491709 270361218 39967646
40783581 85956993 48264541
313390551 164803546 196149543
458717044 178105388 329727636
6 122113350 466279247 657278908
82515744 171161164 278645729
32198817 246869655 443457594
78703112 392604633 110295265
77619602 337615579 607187315
109170173 197949015 576923706
119724491 325340365 115751886
14 358617634 46195186 235823444
186602465 41383407 221546482
325652799 17254213 233968823
243665661 43951432 43672125
109632648 19400024 112554360
211494779 42180477 168469187
34814020 20385280 171815114
343914013 6129753 52637831
76360499 38839585 107479002
192284256 42412297 151542825
19313960 30040365 50096002
191092552 33950365 123185622
218698070 35649905 112287876
45047114 22508624 24579116
286617379 19234852 145157368
24 211607219 771475400 852507338
130915411 147587723 229895069
116497289 728172586 352040087
161296691 552807761 616809089
193304570 215970360 621511756
91282136 523462459 816292087
98216978 556842731 590760643
68161734 9734197 459682051
178971548 376465284 664148813
95125015 156498991 449760067
136922127 309674279 60435963
10130187 51243680 660618646
203643710 610091657 317739904
159933631 32658056 765524670
81451873 605783055 757157232
70303774 264997790 66671332
90106566 642614595 467909383
207051620 555345220 593444127
135363676 171955528 757485083
130606866 239540475 21924507
167659362 626854766 349311336
55224025 231535050 547848232
165596812 710353576 747902722
491986 714497697 390422515
202745862 627067294 435920273
30 67136954 53748143 90614695
39073406 50288648 82200782
57753133 12539669 83653266
50354791 9337851 89165012
60333271 49924540 55655183
6639098 19432340 43175298
55330170 7602270 89795284
12821554 51870168 25480314
67067490 42253234 57312724
40738323 34075118 13046030
19327955 44902142 84383316
3558488 42209546 50048856
22796505 10703598 33402787
26104737 8977372 53599317
39878213 18947707 80012657
3458793 53377091 77989910
12737591 46831703 84613055
60128153 23342459 23221295
3865674 5408263 33514178
47420540 47213963 51237338
33230772 3357755 55370244
34380197 10794856 49540627
4379472 4592672 66909808
50905699 26299897 88526162
38989168 13600203 52164523
44691738 5434234 2802873
30287858 34825752 55506685
65871072 19729119 13108360
48525179 5191565 88487351
28548967 34713453 5165225
36260679 3616630 52795325
31 137385755 183537979 532284489
133284038 179422386 473869450
127739114 101953346 106791270
9091775 58311618 460315991
19157079 138822704 455241120
107723577 160395098 219576770
115891875 28904344 26234559
72703620 110740508 362692446
48658784 24808144 521667452
21999888 139028118 15648963
64572222 43953436 313615461
84264392 85177534 445751673
112121623 121917892 205268478
85914642 75635069 222935751
77507816 14224435 293145556
122505121 97367927 427614473
63104787 80924943 24122302
14382250 30176102 111856854
79662379 175834855 16964649
31150276 28728458 486189969
131733843 113060573 227101102
99083281 56925470 321173064
84254361 156368347 110725672
98861177 88051408 243398953
80045986 164867823 424742689
101016309 86120839 511723957
121544925 20283843 212004096
44523170 119457756 61354104
50431000 113755489 141260692
50616847 147409398 183464311
133829865 107932953 71945684
75834486 153019661 77135825
4 88586458 121634641 266737002
39939814 104473406 257479945
56454441 71608512 33653300
26344583 97122124 92890995
81171871 71586274 122946266
41 177067566 934859314 555264455
43286657 432583876 546978279
109010083 380441019 313361373
155861747 819692252 202365740
121524826 793670274 159584903
22202239 450241337 195487938
87590285 92955008 278449674
124374327 691428370 467817451
68993465 841307740 286825155
14905880 427185538 8662151
141229396 840782768 60437178
147844408 560534800 15681617
171193149 587524937 377839718
136469930 396366589 474558410
33920874 548091920 447323428
56984160 171942822 285983670
47387371 780413831 538051143
142139039 55188375 352978749
82916167 617071126 443425394
1960323 795495566 508554136
172089952 264003849 530449377
76879118 880587632 12809371
38491855 520212546 213348884
133170011 82319748 279654655
36637468 507875719 117398950
110872507 652062144 532152288
169504472 585188560 471407198
82109071 237080651 217034182
99487929 20343171 27042844
155725539 647681173 479239478
26168456 536679843 403253035
95333792 574638281 210592143
32269155 211872079 226188078
85961937 693972294 517517591
75164869 598076202 263065472
113661071 636109755 260928203
82195975 688503274 498052636
175975726 598289690 523427830
71420715 198107943 296905891
160561293 812682972 404789307
53002285 22261520 33871291
120550483 280602431 281010146
26 850407647 238645848 799944416
580939229 179427243 675732193
311603066 24685143 504860148
718363827 126515322 364343825
670249707 20515164 456559270
670283282 85843219 329247223
409639435 137099597 575077895
104411303 203807491 298471753
803907301 152629554 124367028
616479425 95184823 221839759
230419639 206386910 232273622
759286358 130158758 646863570
241772998 124624653 582389412
325425176 141044692 25400549
131829379 191887467 568463069
199426048 54311332 392821828
829746246 211477924 594675946
752566228 73188058 374136610
783538145 47571047 113274406
583850037 5588517 141804821
281545149 43765944 257263423
113164675 214665490 15237758
667434443 186958410 772394761
113762666 63670526 504554952
669346258 28825461 131919659
809876586 203016093 269216613
416935994 183671193 128506596
30 39147542 524718908 398871882
13057042 466423820 229350551
16666168 405190746 301133353
1251129 351504976 269041867
32873912 480705763 126262742
21674638 357214884 31108580
33053571 166607523 64740306
33022567 201744602 41484839
11480497 463192269 231233512
34733485 301182864 148002365
4139347 476915434 309298891
4549078 411771238 391973122
28828239 501906297 107067480
9572194 182676600 160335954
23359289 511986545 95828408
7258863 288129295 285225164
31620267 62561886 238204841
38822196 66325772 163910548
17187625 347378982 395839074
14953684 289355428 5468360
30958002 186064106 371043431
20014409 78773766 129457826
8070611 158470661 147937451
36068523 326088751 149493912
16853522 37884158 371446634
22297257 504350597 292332387
6047191 248377237 388292087
1005016 126201333 241570113
10009545 69961265 56037350
7679034 166494695 135155048
18653090 151351378 185385918
34 987086868 864409208 98765872
708785324 168091012 17638510
596388519 267544035 28222686
508231543 231612388 91090201
30660025 116177433 49763044
863734549 579318371 26662405
286654443 512510154 9120420
632497890 115899377 48227147
301583268 95594783 5868994
288277581 126767932 78305167
95714843 856388310 41346382
117023542 424306100 86758716
155366399 108822439 37575362
607316113 457803781 49816950
23095602 518204988 92927652
723525311 624816950 40196972
290973354 853598529 49059938
522058158 850897312 35712013
182946667 127210870 11957294
340209898 112757320 22529598
700289702 372251109 77085092
774514583 831757587 19124779
568735950 658002137 70722310
157603193 219281851 62090057
944487209 283474538 26245097
435841023 684674552 24785269
361279397 697326242 80827304
167246546 456253863 92774505
714446535 705851973 27221760
732047459 118729799 15314249
193551768 543870445 19006102
485104112 748157798 64356214
5863468 107255569 67260470
302178577 252195673 91251899
113809758 282814850 61720963
2 728470991 649482007 451987589
62077174 561565235 311415753
585240179 318138813 152539973
4 805265894 89254338 565991583
708898841 45622126 83793044
450852951 68806471 157148052
373775563 78041374 508403269
720067542 58328051 87442894
15 942946401 66921308 171674845
16314174 27650339 143155311
300436972 47548666 72695653
77819528 24985319 87490526
14299588 31658170 166397275
242593325 24947818 137190497
579909475 27805669 85645393
529663283 19874616 46397185
307435197 6724145 114426298
347033331 32353579 13641538
532658222 31728875 77624779
817673166 11487460 124658814
604371714 41857850 64449011
66828144 66528396 124963021
56793999 34764672 17629427
437093618 58735641 40006064
22 852657703 731179739 959516198
170384127 583601839 612118190
753270087 476617097 698868051
727883835 380400901 909490051
296860436 106640925 854552092
565231667 79903065 848323086
718783149 684173854 512379755
152761905 42880385 610217772
497202889 472931664 929393476
451227968 618168574 479383056
460878935 226887972 426250279
490811427 476390000 527022202
175464289 440533792 531243166
40125720 596275874 445880581
647360582 610476513 383023667
420136706 385144465 63880437
179207902 603579729 10567031
299565325 641538155 681238965
48308474 478614015 935703299
168938827 409692471 722398439
436936547 55191101 292086648
317452774 224597227 13915552
148430247 410641564 106927302
45 709044329 555794469 782835510
610351901 7404415 290549673
539038842 282846624 116127058
453344924 330610830 185773827
190558896 409137878 244252271
465578716 514274607 69429154
662816935 90487154 121595597
466197317 326495916 564131961
148354323 543702240 168049541
157124907 10915338 644796734
72824123 544681944 634466307
353617733 37787825 704964015
399976405 9871779 306742977
426826027 232035544 727430894
228610631 174384258 345853013
248953040 133236409 528617743
478876196 477721510 301300722
470108967 403412497 182494033
278146096 414921329 575158543
494633451 406170381 24165897
5161920 132102837 438477964
413004114 83043681 585162342
311096507 197148692 98189711
195915082 434678257 101872845
179305067 218252957 753204593
481574131 435930077 577805008
329879001 499235414 306095421
120716723 321797159 27069342
396785833 281627117 522534668
164619201 356337586 603362210
149931687 299549594 38547966
10339934 244190630 160606859
635160089 138457910 435710047
405319818 95887872 582710504
206586143 54705341 344623284
696183996 399812412 90555947
617440052 465695542 80876964
491303556 223649520 121617526
560009979 342908087 559040938
512531389 23332674 661676430
499645974 456163731 43360925
679088011 93116620 717949982
215203852 39218200 309886488
567535487 439097509 306879920
369495618 234075848 584818604
74480499 273743548 768213437
41 540557469 737455677 358477490
397808445 494393383 254069605
421680563 182645457 284406890
389545625 571057305 269863498
493777428 518269375 292295265
110879501 528692769 272644010
407046025 446381620 87154387
389180568 53420613 99764339
169733418 115429640 94380717
155841966 396457360 272617599
51357530 69136500 83869128
148094787 289921939 293791682
510511423 480151385 354841364
177828802 207020883 192966692
477314312 453434744 267398242
351088080 205752724 321894813
441326435 88259720 42356763
118529677 9582444 165086201
478295824 180402575 325602138
169058820 730322181 165151071
10510121 584682205 280744365
505847600 233292548 310100830
156028887 252504168 229424881
451445469 80875752 356575286
362026064 559166793 190033976
130080565 150676864 100666001
407829530 491829523 153832722
105867953 287424087 80322449
286400046 575052509 261780926
302621696 356292941 287352470
75973172 413753995 37969970
511740390 626253504 124372620
257339905 207996142 273666773
395465228 481075773 109036050
266772055 353131308 77044307
31189416 469967180 182797886
283375070 582635590 184620007
319918278 555483859 220893122
524054351 689234266 246113730
382551778 404788653 199226710
540217475 436385756 134976863
125452265 170119502 88865207
14 352604987 946861861 824528579
97204729 9861276 540552553
339127131 401272081 187155511
308423404 856064150 822064269
102096432 365900884 670511886
185554760 757619505 94770656
335201286 735366658 152019771
89280064 653147049 620668610
31296808 222944396 525966784
14406942 290814570 743705460
176793436 299472202 511278058
259323088 674077214 529045375
72483560 342372303 201891641
91934927 80136224 495837431
179542317 902723465 332357545
12 664236234 657970432 218007373
213120656 150335537 216127084
569625098 171504337 83938241
332198407 561364440 44152776
637563182 632824855 197288122
98914787 428703270 179294899
222271551 65156089 158060453
600223937 2858973 6257308
30799617 553875259 160411777
585280824 21757818 72536914
565010687 568879875 178875740
97099237 375868947 56818395
468292437 31442745 146367013
32 713568259 219982006 944811827
577586084 213726669 480788378
552582962 47908835 370883012
599795485 71574373 257765838
69758474 98620420 625371536
157417966 195390913 123860644
279343629 115322815 36253501
445459266 61247762 198122849
469581269 67076877 601209687
541929211 193164703 828700816
148594777 17293208 146209166
275748170 148357871 734839310
43063122 197694440 840031579
369862679 6308792 419352602
314899123 98472733 622287413
267438341 34856476 770077924
245528709 26137781 687841828
502995340 42747801 388144133
498589545 98542591 412964267
348372912 163068394 643088201
538602395 88183340 187046619
149370474 64862493 513128158
450351117 177502452 392936469
535484761 64299589 774774796
417258961 180419731 167506810
711704999 48926754 106585212
432789419 57789361 673012965
692604525 16661488 237538048
164732119 10867790 434070759
217977984 118150554 285317536
368740893 61178834 347681123
195562093 11016133 887050389
445969652 127047119 941042985
50 109377857 891644190 191478070
76390908 148375228 116600479
60158683 852971525 44363697
31819528 809728909 18350816
102680004 380786352 164156089
20361266 127241383 115263338
50729700 562869900 180452127
7215283 799767734 152975153
59381986 783147892 121769498
11953115 525107171 47035156
11537678 422869930 80921895
45263771 270305169 44292384
62398983 435307401 42877351
81825862 578246145 163636669
72417974 612771614 151188001
49548128 246327053 98734893
70385456 14270583 122596178
23908214 871589073 100644624
40538657 299477491 174971822
61804102 286285826 72043558
96357117 843583017 50705390
42168938 380833374 187292817
48953030 842784493 27839240
1240713 791160804 30691291
10498213 387405574 61495563
28319479 244456099 26236801
27941702 241258043 166569728
60731467 590319192 167764792
31969616 725832587 92297684
101722222 169853794 28459457
27050665 305676142 190284497
81459456 723635923 188372843
88944299 330841561 75325710
1249446 803727723 132907745
96049769 512620918 47835331
105493299 534380256 26982359
34774626 749739626 119785254
87048532 299313470 91967418
100300652 668315852 18668692
72612786 518849587 176762880
73834583 579164246 165641324
103169699 14488163 124278921
46940845 73920882 185552604
33904785 849320208 132603765
95274223 313447240 11524633
48622409 428009968 105305373
14105963 249765867 131204183
65490602 502521408 55648677
14852657 873232439 139251858
97601751 579627916 166438797
90616433 499716881 5413081
15 715537873 76712124 681378717
94768043 54483449 487062981
221790203 38280243 221298472
27577818 55194645 466611377
678954725 1536658 505870504
419225253 28242191 680703649
108838197 58836113 191609683
428141967 30724205 237651461
585965472 6717470 673504291
713831217 33630503 574335603
204941922 55611100 315444282
351473993 50941499 619239536
694212788 3414636 584120140
668684969 53128469 567766397
432786242 9066683 59504529
234819215 55256057 85189530
38 4480968 929286317 923116330
4316990 229345480 922697497
1899328 38955804 848242334
4113352 326931801 173332414
2822722 118687692 516444067
792115 852366249 119062821
4287574 288724989 493925762
302548 428257646 60649406
3542381 268071323 817858940
3012751 370922182 199401764
2222883 119940645 596903247
1500679 14489899 883295051
3307474 461023005 239482163
1521920 85418739 227253909
814699 151533249 915637979
1743184 62965468 797526115
2023767 491082628 733427205
4181065 337045934 841527020
2580841 349474848 530660
2220112 343235702 397252183
3334335 736488895 158625741
1614165 397255689 662245317
3419042 193713376 82027460
1572897 56222429 894190717
24688 249282765 135462557
3415136 755161900 768368713
888935 233365322 176691507
2913873 3195924 647890631
366544 189439053 449663042
3685076 581922083 484507324
3062065 690784370 76353112
2980387 824649719 262416018
3405170 583964753 280271559
4273616 576184660 347860633
1626556 900026023 528990230
2250583 24869036 872540605
2876648 150178715 752321216
3660335 109129351 845198593
14879 890459267 498481179
10 416540299 464906423 849183997
45870075 238835388 21231827
133561042 391862881 7031310
352370242 453894545 208492963
39430392 304685280 846732630
184077969 215879200 748439258
122354957 313604512 581665252
306494356 371155286 245421878
78924794 34352014 193877013
386016001 35494016 495490528
17977165 154192966 133386388
4 66490679 529379102 203915815
23038327 411419255 106116002
9879878 269456762 119783243
3008518 32753712 39090106
34583426 224760021 21253198
37 573901212 955158487 279340952
557703447 688915301 237954793
427685122 96765035 258146127
152094135 612842794 87320773
442159605 453550699 245218964
118046669 321505973 269798455
52746908 298529416 185115458
412787570 37454158 255165080
454015573 693232217 279012634
169371783 633881359 116513907
226769938 187626562 83310688
254273614 692132305 85543399
329337187 935093771 14014743
187564372 611542408 150491698
447377632 284208692 122730961
51411694 171865439 163341108
43489686 112826423 27149415
107560818 770072900 50225278
370714292 747661660 64580468
218011178 206673222 67219742
497480949 171881648 876315
99771306 621956584 251853598
232009104 437997040 26667059
176506037 57333802 156145348
419597720 650340948 1750962
528527247 210871213 249674483
230721738 631368826 1223007
34789413 532637161 75664218
363294833 480009768 150206741
46541194 5915376 256358070
253705814 749110288 160215964
485396300 552530647 112880334
107904899 710446496 36960677
410551196 672542592 69678500
350895670 257291259 168741046
285231245 284735300 240058895
518786829 643235291 49187728
271680402 327730420 98840149
16 524105228 392062320 539921163
264494786 164880308 501125656
387719374 380130179 189846376
273725585 342504119 235536689
256051100 61346619 144555782
191475577 267184756 458449037
266231294 64722134 67429040
53989494 181588637 197557478
208072172 122197026 195213346
122131342 290390785 140040223
212127449 23158685 240699974
332060813 14825687 230198822
376491173 12299016 356128846
30412130 186713111 154543298
132500512 190967606 53775279
35482713 55623239 358693887
147231395 240534171 455964445
40 769925441 142355619 773673104
138199605 140783417 746697309
282931350 65251462 159592327
433830423 10981741 696331519
152494805 133334081 407864515
300247827 14822472 256295340
59074611 82788218 377691761
48826835 136289841 323251587
346756938 73703719 108647101
313120408 1116948 438479864
73135096 64273880 664293502
454806548 90966372 574157124
57615293 142225466 120559706
152363648 33166333 506738228
425004082 31314801 760040064
682632337 66286457 45190793
59345839 118600148 309113605
714963275 64412439 554421577
500387360 17381693 11211429
199228775 18323926 578698913
329204995 123438329 337802648
319230307 47985494 313125203
641839847 16341498 110003624
251657126 10772628 629245278
498641518 102350992 338736305
579360341 94755523 234314240
484354157 41069758 706570013
608913759 102221686 117135750
275303451 9029709 491836725
293441367 70571850 402579415
229826739 118730119 717623534
472958655 128747226 59620458
751136537 1825969 382108388
531841479 5691770 42848392
338476127 69465382 646755151
132725603 18645761 712590585
505098668 101936576 582812438
769263648 45950111 167038344
559652684 52004170 428484600
320580944 9530586 614503211
36849819 82679215 505482412
14 718292263 451933587 157772452
658987172 68187691 149734532
119079867 325359787 85528903
107912058 385459656 44558194
62570100 162789435 67220560
305942090 13184315 15138263
305650944 130820533 56326899
456720108 405810897 62843710
317490533 168512325 62590228
689361987 336340113 92832494
534399064 359711946 13314503
301806716 224692049 117926220
630869188 332995741 16234366
59757892 72668083 55326770
569263872 198930986 29754681
26 376247084 81119216 903908823
311797749 18338520 729481316
212898044 8383318 816593476
259762027 33398070 773087365
31281811 73430460 268993357
238064916 53021518 290600540
333163260 4718671 118150368
77138852 7629900 20546101
306347545 25711139 189963786
125926291 35390428 852691273
101914132 71983302 364862847
339085227 5548491 853819763
45125873 29684566 366000135
171150448 23404896 400396427
11255475 32524576 491288438
289197388 2418594 59636321
87798247 5275156 277732634
284688110 56027311 449695277
70550313 77900725 779158707
333908396 9704193 121152831
279149447 25816348 815441655
121855480 53511150 396288481
322090817 48300968 88950412
306655643 72422146 740798187
148429167 1478165 433317034
264236652 29069322 658688548
34462236 6014396 531009438
3 862355353 360452640 226834
340441285 282343164 191428
784359012 257828972 226255
689239565 279816253 156786
22 831641522 635304154 369286171
225834474 496937805 26084991
129797543 329250691 139517991
441850482 373978100 91282159
329981378 460924692 68564227
775236094 316646506 298676167
681347529 407500232 7773008
74789431 300174753 285692962
825262800 12215141 350700185
369354836 199959166 108683029
78174953 375637280 218084243
17956562 210804210 135432555
276546431 3346548 336733362
330585129 235261136 147911653
30278516 40131702 39510205
136655052 121912025 7050049
753821002 612506718 139470740
677007031 190020113 171495000
503266916 381497052 325990629
166435057 630840882 227464972
635196914 360960302 7306233
271658503 86605556 302767138
10200842 550611477 47357350
17 744393263 681375159 356707031
571917341 69959502 31540966
543889779 319983140 47305499
601382808 622454324 117517087
315063131 258776352 184414952
460681260 483323777 281037731
397868267 140392175 276484991
400822391 506651152 166376970
170130720 616958877 287781005
522697765 328485095 16275032
433910273 363392682 115260449
158223814 493576965 138414086
585950967 241042824 349813987
681793557 447353333 343092273
561348653 596498653 285193505
125822677 246227789 287443788
548505934 493294970 50906166
434181379 189355750 238939143
2 783064024 802878178 255366278
343105099 499063804 200426645
667893388 296564569 34692901
23 432839579 447289644 173359070
431731608 200472657 30376173
307943046 383124930 142445862
44515601 1194459 36288264
40729187 329059847 8943091
397292515 310185914 166828159
419193622 138468781 123874263
213815822 365270271 78634371
242440214 139302091 116598093
334655041 129300405 68880743
325587188 175670810 93673942
40995707 277743022 77742852
197989302 124212188 121758823
303124519 56073771 25319046
228141949 79054207 112712395
373409263 189162699 44058235
69148130 197573920 110349979
229011708 307135008 45758597
86273112 33733222 18074479
150870555 90064232 33896719
13709589 18247781 90574946
247971287 401100978 15614934
209216406 363120401 26399365
80868967 146116507 123262588
49 902898027 915258565 258983891
601548615 583109229 140780871
236654415 271893956 157079985
269444408 659553999 57854020
129497577 893365111 143125602
332159326 511414777 43048942
30106538 284995828 159458143
673380530 333221516 177260601
198370823 633267298 29873411
385768982 253243391 211984643
810800136 64317153 206345954
695061050 465255308 79285332
205825189 330472243 250199616
697783914 634709885 38586801
287052521 135998513 71163364
843051379 745745759 96164833
663505000 684554438 22728011
34236569 98325749 199951611
221307230 744940708 101431950
478063715 359118463 256116523
168591760 606067863 242763959
136206449 436066898 146254245
166166526 292395917 241197920
147204683 129453292 201956639
30823921 150926848 46301004
258413314 49928531 46615625
128466783 247014067 103469251
189650180 747402604 45587141
133907885 131263568 41746650
72954087 589848692 13840533
524764041 269511329 223194076
267414027 551679943 192538121
801368551 577255317 184976142
489911089 249612160 218587170
729314215 291382955 48876388
589065132 557754970 135641149
269486584 890301284 187009636
179330981 1431263 2396827
380394388 339965910 63504265
890184096 130028828 148456160
366536480 703327220 174696352
668228457 770904939 17451794
402615886 107817646 153762618
352608252 830942708 168247611
324797586 386235822 251719301
657922924 301918253 11728243
576793123 115111592 170020491
721335745 414990033 95041911
327080199 142563937 47600623
746608990 235252251 168629704
9 328987679 2039247 549295460
39119209 203064 441626089
143165460 1483349 279743628
114454266 1721972 228843981
50479996 987980 442181430
204471625 964524 481427513
313388293 1108071 163343172
91408913 1435175 1833659
132780152 757763 452414662
17582150 872976 67179922
31 298790972 242791643 415479321
243154813 112656423 88370883
104070273 103292644 248142047
175831113 221836841 126865416
133480308 159395565 405609404
241333377 234930952 69700288
112737934 110849736 258020705
298082471 176287499 361439325
33614928 230895333 388296416
63076103 117495832 49696051
249983927 141531897 8423741
66772577 71549734 392880979
78337240 224270663 17532089
100024855 127612465 75203887
40814985 93339541 299591207
105191791 73790057 173684273
280356031 210258616 268044259
197353731 52401887 1294857
43053217 108395272 62637847
152477065 40675051 270481245
155438971 128922711 282690170
285213957 214662597 249802342
63508577 234804591 90501474
80635525 171955993 284393837
293844681 57591671 110238599
67617063 167750016 321965964
128067825 76183849 382910043
176116572 34037635 202164937
296511313 53742625 278016560
187633656 224058339 222702465
252290944 235766771 56266354
254769992 168996811 162913470
19 784865906 175140685 462204294
460543100 161101705 445882452
333441122 65360038 23976231
410542898 174152455 461253286
629924540 71136205 290812889
595555665 19388284 279212331
567996813 80585072 117533938
76884275 172304644 334646691
612703365 16270830 48186595
641804959 168466294 192235481
587591167 172004115 78091755
298701780 131223655 381670177
676727287 2707462 179784335
164328675 128550680 429301423
475806234 32591258 418811447
188102517 170156484 456413462
773607490 165267555 150356809
586980391 37092740 370549847
29057467 113103584 411156679
267711915 166237330 188262340
40 839517676 202361033 664667565
244420867 46094616 201944450
412847812 69612451 458775389
837120420 111164682 615766193
309440024 145510079 441009352
546663551 198722003 457159435
281026391 169080076 242310368
803716627 127120987 515178632
748056741 18934729 87395439
206188538 103889165 319274299
153870615 200796731 439524753
544109818 75470758 159080274
482961623 87350069 260216423
49573679 148625411 140097351
565730104 156975847 609378542
810055484 185051142 298390897
74287545 77136172 306033408
738118103 152858468 529108445
664701159 103266335 419568206
269793897 158249235 42473188
400426183 21993206 133300695
617952938 151350890 225408159
810048188 62516053 166159270
160683725 198468351 389881989
293320882 149052460 11889957
127398647 82469882 289821109
806986749 112747406 12774313
568987639 192277477 475519442
269569825 116506554 247173393
362568475 21668730 52783076
345425615 149046363 490581858
244879295 177423902 607976165
727145436 157536016 209130688
763999944 163099412 377233528
11669736 16115451 652806298
403456256 71042267 78092521
214702396 85059174 50588470
277954833 18572404 161556628
468976230 71832227 310454290
744446079 145451892 542407687
115845190 100548043 234474216
50 1000000000 1000000000 1000000000
427299075 388293268 393923358
829235674 479386851 660044011
860824915 680654223 724739637
533318253 893266160 443187416
203558826 365751816 252366578
208544151 648725832 528650765
386603867 743135594 724447160
583700588 48709556 702630302
502975711 932774704 723287990
424116452 264399839 443070722
302201015 13430991 916405398
300778415 797299211 961817175
74080776 878710481 263870621
323923308 114248175 716803519
523215850 568257519 324469059
809123151 719048490 571564011
603785480 266984273 219958067
870189101 40423083 85022917
888962228 204355801 91095832
175534199 281214135 595367835
17216026 56115990 902219177
681115401 695228216 576635650
261455389 801856483 911448526
853762906 90080223 376099322
776205935 144789006 756445428
435512941 947745369 737178585
609431346 798144074 943267307
56277534 707150432 250821173
932641795 100826165 147359162
284476482 59749473 4404310
5956556 380220225 517066171
990660905 711236623 579350879
311021380 241157245 534100695
87088541 898825178 226880438
758225465 957669127 651872540
867958602 9220825 487538813
406497406 480837759 168101134
803739841 199763442 848155322
271932376 276180447 656142237
903772848 813306911 805332918
390344078 463906297 890336497
741005530 222229693 155019543
730143160 173185889 961646812
190122717 211366949 602554365
14197753 927343721 144998202
546118031 83359826 208118163
237881462 462517323 800043434
317069019 859526847 491908716
197587244 31624165 960404051
896928791 568353754 636646504
50 1000000000 1000000000 1000000000
748682962 764096180 387502548
967827849 22424352 479109748
670182907 517324363 375512325
724852888 340301108 386087858
848160535 267515038 932181939
399573973 976611901 594093848
220858422 16984583 611691645
543641827 182386944 758928558
322161966 434974165 22500061
754361357 676365937 835155116
880072401 664890731 204437190
35931848 211289809 683012303
383391275 509387069 791075599
520565037 558702975 99432317
730241935 304673760 318513970
472365901 899998460 80671947
470403214 397570970 679864226
184974861 435692236 758530849
693203 95599418 572546088
804689753 241437695 494004093
666670463 46289592 656437793
179148278 587193450 367164129
659439452 163147611 895360686
384573916 471207643 747627698
14960783 820516823 349514833
630855951 425937443 665550443
863449816 127957119 226433604
214014431 448405102 399995147
323552157 628642209 783765827
182430557 459406463 552903144
372236960 879438484 256573512
431017644 67909413 47800041
475851132 618439856 199580199
232555382 719259941 69702993
366505508 836333926 882519974
375875180 945679588 205253428
763770418 190474567 842896711
396506606 369090810 630543926
44267295 156229828 620419981
68687045 80523293 480975898
367759513 842220203 603362275
762088654 835086000 797194103
891243326 919504209 888186732
257892664 251462534 119980066
802671749 966517360 965998887
644479791 531704645 773116404
640536861 220417701 825533187
372420470 559234694 666694379
938690450 182097935 922222137
12930601 75775518 536043877
0 0 0 0
