29
28
1
2
3
4
5
6
7
8
9
10
11
12
13
14
15
16
17
18
19
20
21
22
23
24
25
26
27
28
29
30
31
32
33
34
35
36
37
38
39
40
41
42
43
44
45
46
47
48
49
50
51
52
53
54
55
56
57
58
59
60
61
62
63
64
65
66
67
68
69
70
71
72
73
74
75
76
77
78
79
80
81
82
83
84
85
86
87
88
89
90
91
92
93
94
95
96
97
98
99
100
1000000
999999
999998
999997
999996
999995
999994
999993
999992
999991
999990
999989
999988
999987
999986
999985
999984
999983
999982
999981
999980
999979
999978
999977
999976
999975
999974
999973
999972
999971
999970
999969
999968
999967
999966
999965
999964
999963
999962
999961
999960
999959
999958
999957
999956
999955
999954
999953
999952
999951
999950
999949
999948
999947
999946
999945
999944
999943
999942
999941
999940
999939
999938
999937
999936
999935
999934
999933
999932
999931
999930
999929
999928
999927
999926
999925
999924
999923
999922
999921
999920
999919
999918
999917
999916
999915
999914
999913
999912
999911
999910
284739
453598
223575
480696
815930
78864
723777
280788
524889
257617
701624
263994
623261
693844
865104
535480
551150
509908
349290
455685
188504
140872
74334
673986
141327
147217
523154
3391
796732
300937
961893
534330
977917
877667
581850
981487
996573
696398
29100
305907
371315
797134
940202
245313
969203
591004
331448
471290
147747
576565
995035
531923
285942
324778
887223
736098
782977
428721
196100
742113
365999
70275
928109
956836
23574
837452
110316
707456
640243
940315
793550
918995
739498
159185
600335
294643
791927
171420
551081
558423
234810
155288
770985
627141
449981
813643
125775
30557
887153
222676
567739
393971
189906
179274
972269
77621
970265
75809
466461
2149
397459
63077
777096
417293
103936
943234
18410
872267
278918
727792
711273
12739
115666
137112
558249
663047
138800
761647
50124
746590
878942
211810
226361
36439
643952
828940
690043
636093
310833
115125
828838
150252
493329
420170
918081
626106
249212
306052
477839
216824
150332
687712
281491
742116
390845
334743
164602
147664
728693
302725
987391
100133
108941
441672
83949
123201
445214
887349
967077
741900
776730
625628
23115
376767
134839
901265
292671
444724
948476
221537
828044
174479
427378
480416
16226
948153
920676
252929
926491
358715
382748
592558
437509
439996
351295
26993
399625
753539
148785
315257
356242
625536
985111
138073
65285
399033
205076
286059
303882
196628
229198
814487
785989
222370
854046
879938
329639
357966
85165
873135
413434
895689
800577
464260
759702
217710
868646
883334
847229
454860
817113
336327
987279
782908
870341
757882
210233
550595
750250
192350
904811
566962
883626
942787
507339
848435
40059
992921
752467
48741
282471
48724
890962
169276
61480
344971
572342
758519
126187
484772
462372
990007
76418
501602
697389
948233
284220
180448
156787
549840
29589
223377
630549
550179
160528
479316
473493
41846
893735
438537
745799
776360
416407
762304
213586
8465
409346
677223
760238
675967
440613
514004
535539
581152
124800
299158
351967
22990
479976
782177
177313
633302
793091
412022
291063
694771
862901
874870
733448
977781
931148
967033
383773
47910
24819
31353
552202
604639
261537
148629
417784
655009
552995
603521
531719
338948
827188
109582
575981
989728
576005
11475
493574
354616
134129
30586
249624
729445
304391
102280
929311
390756
770200
969654
564296
51275
638495
924593
177821
686485
293825
946652
165645
111271
97580
335823
111029
838470
904044
600226
509978
814365
539176
687276
278734
892290
168511
222061
410083
208617
828646
401418
298548
853282
650071
489692
512513
845399
857918
162185
959022
249604
378692
93710
192047
229012
268969
681086
288070
288603
945047
435341
154406
229912
458782
486295
503080
946963
757121
706282
984111
895618
428920
35321
894989
231310
360115
919755
104391
36352
814593
482390
118279
883119
942674
462916
114132
749683
111896
422194
868551
427745
57265
807577
647676
764980
316639
360577
763277
302176
692704
947272
864002
318576
955214
766706
615456
9884
66218
776550
128409
921639
783792
105850
695921
47582
380255
601325
923677
196974
689506
597655
470567
831267
482287
825792
717075
45918
646320
855047
303118
357025
329265
305629
14091
324916
35649
107659
21635
177605
316416
831995
549621
872752
101342
421886
309984
950530
175018
588730
787031
19677
87519
224759
162913
629384
420531
942839
743661
169122
393234
808296
165170
383706
309570
16991
458414
319194
357608
885962
241861
525075
968946
978376
20837
117995
906182
161023
776786
565096
380489
231199
690118
350734
221981
178184
46117
564631
997820
743404
126465
531082
281448
195804
444098
645876
374901
434768
8255
156482
788905
840544
892562
542325
872719
287410
782465
117137
698074
883497
698358
605091
703433
445353
444706
301014
980508
52816
206129
153444
224935
271696
839899
92019
929481
322706
521464
17841
895583
923740
395153
616435
634009
786354
175301
287422
472331
203972
974132
400682
326048
174690
133454
529589
762961
310948
40608
470662
45899
733014
354287
834976
312677
214740
148712
359071
806989
952335
479762
486865
756373
637570
945123
480713
790212
470308
260856
185290
873735
483597
223206
312043
653078
214148
725039
400621
771436
369622
34935
597670
251906
150985
16163
715910
822935
57911
238518
570041
164235
573428
946633
519528
842617
370319
484897
863802
89222
166636
77715
224844
458901
55331
470242
554613
301788
497174
381281
540384
181446
696809
912591
935621
533820
661964
922795
688874
675552
457277
855852
747404
612516
431579
193458
455201
403556
272905
574993
934389
910099
504686
562410
784952
932972
450538
853478
239762
988545
554454
975228
289243
842645
447925
443184
875736
96116
794682
465526
257196
349936
791449
80110
652284
824497
297305
713131
308836
549605
289128
567353
132216
869040
337234
383566
710566
626877
964443
423591
985798
993156
733984
272519
979841
316214
397732
316435
10542
197480
96566
668083
654070
938139
509505
427579
363776
180610
772042
208389
214443
470202
583331
736835
233809
956267
403197
855475
673988
47059
718100
737006
489133
352143
709124
829383
158351
983462
66128
276794
303128
290780
420516
884716
508591
289729
147774
387779
63844
225197
714997
469007
531180
901091
912246
733331
584581
432247
949420
175004
53822
554829
851125
235622
772675
316661
292469
145486
428680
545179
725930
825758
329945
391587
494533
13445
185316
118099
597129
637382
56189
659537
887085
682462
83199
153648
683671
632188
446030
105518
660843
635716
540522
858734
533834
462567
665293
487014
399699
894050
377909
650670
993080
191829
336882
12745
461569
187347
861606
670335
723554
520377
694035
917185
378253
786556
421824
76736
640253
50625
316207
881401
86676
619987
745956
482419
836553
581238
455911
623636
262993
272623
954275
476263
740567
994972
268689
196337
580681
507038
92148
99817
657389
743916
733645
775764
134857
748491
378938
331754
286870
229479
399156
522107
934078
875502
949137
543825
132550
925285
955030
126363
445666
754393
192978
77858
594442
541960
387753
610583
8229
296730
712915
139594
363182
234211
199024
964403
272645
868801
790379
311374
275662
740627
377079
987853
45484
176631
870566
360324
894067
315527
72524
242984
179494
576788
175132
478658
685889
481316
960718
156962
510250
733847
306937
885286
700036
956278
754067
905116
928716
263672
963311
998317
502668
992126
900755
900586
809075
303898
276886
992046
841974
915845
686117
670856
420494
101797
339119
337164
913419
934405
236220
573276
14186
849684
753244
236569
378390
508164
981308
277146
363424
248830
155249
153978
563566
406851
860917
35481
601020
249201
778575
538072
634037
345880
332418
254971
659268
131829
267030
442727
43747
749965
948830
946359
848525
798756
157942
298835
330630
551939
964507
660754
856697
491145
592582
576843
680862
500684
297590
624240
259654
970822
977972
128070
539315
878269
441276
282428
398002
331008
83987
498427
391573
318435
389222
71456
31359
626007
409128
724889
416927
60924
529205
832251
914937
655420
276392
970237
196977
216897
333980
0
