300 300
1 1
300 300
921639170714824370163511635399078793348773970259098627699613087242061112007184439838153715526646294491939770685598883437552418021269351190552064640217888060998641254094204864547905565118104085904319645695050423596220645886264497813202754528416236847015338985822582697640361385013571617263615491026060
626821368826808891491687847479017643458133266714047118711192408996968870539866200354363011840809330510623129883306331211698604881401433114733744006682560312965566378357210121672168285896478776071554952989208138608049518137950252343751029207705396312044358673457901333739659595278926694798122512468212
765930628911758354980096751299220315915288015248419560090825827097937680778565512859188784544411336632060184732197389334897150194016702084640503431862813634173942361249950783837090144764935070817643143278180232907698017354087670409895854301733665296577065024990270135071064947153351867821901380803800
151632817920692027375130352721775546523000350995005925381596851710893621756967950894233613632693337724502515532364960700860438533178540778758526488627400538487993150959079444498153861901898075526188441133504766223271566784049575735083108327903161947952941278266315167077968690032766188287101498456418
387792350626697180086274546116560523999546213625651542119072406194609864192961801357233700603280113038963262670212788737604566237070404477507243545276287899167347448277088707597705359220826595945521747118870202414794629385979071215048237073411356259065556077949611824627532001072591228801612576838794
190247882941319280545875478991790527629637904287126876432619507312845573121050658940800495134227791235540366003562393831396918210596249910452039549244998962985534575822485212211037447739571880050158896639407441803616603900987103079335779458036605664664428596266506708331456704054515751126478685022641
356070310535796767617422439499126751535222579282024868212370809321449111634033436282930852548608116004121073440185148703107725603139091004785020133581523061812262354359975106354390354619086782733745130602134107964593581761175823825620244866591628450446204497873245455711132745935483590996267038999007
693773195645987240553736954730513198940601910716827943793693552782235874573724638497662778821715174547559671277971713027737107945697132672961895844113179284681614104402631138655411106110880411108861202836972912655172863652202345703455903750761951604562248782000570379868985119034722432596156468463364
506360355804635445094390237110435686487515898925758196236548004606273885966459634816925737700492940632334672509904102178876100519462212317893190037663554215863130572855273168941654351169682248013392936224428135901339763002055107589275635089176340261806433869070836065579331033275606532365989189479495
480326242606462943132911521056174287259926955096663375587086018071982290791906740534945230957841788904295519268129153935507409166409856844024360004086608158091775579120724833234321474550300292500754346014041009476572642154850552681944871294317744620071266313080447490770873836112900042471463414338699
186072219911233383058681404064588463027259310930468452939600806688300530125762555655025142290606369740061881605412359598037649534984163088296920182665518196842372547317589242420352377418648067076068845808615119394214980742287194406518570153628238187350782520643027758075292640269402068182271899533383
416667203983179752027084497709485446102286880459187036051958380270504561920775618046565736737549250906285939586762035637458245816659494962337960439868055536127384251449911525348755057125084709034688250882761998230797888244595744692601076269142924859631333472422922385730982175905344386428246310298481
998224660323391880430973620647091353373363524167658216099993909347321137075137453383157492107836275627183965492602687190818007732537595346539915407538327839684361936445832323948683409702719746040724268319795337544350842073873628597312730853678697686402583797927915267456190768009515380276834278601377
423472605507672304511227314133910111486659658603685391588491280036747469187685349671369312507620684017691245745073798992482985451910299034672455587326753959280652405447903462027516778704627129420018762561462516806482198510125623970914940092993399128791742657192240736093121783830095460179236497563582
711171356008882759634124127136023648354674345155580990217157908736899739649158871297196789435516295092083899567705837742920163002528386843907418815445685719895105423896450181455582212705684536897513421042841665671087713866201910170172538078959135924211573121604116500409221125781282569158099666262876
763807853773764727344850638927331025741105494872838942266333511105764632644754707670214357504891677189060129709377707535521577355717675261936365639674272822041375237950039653116110480784890548208049488967386131321219475956340754406682511005720648763709616578242156628849034325847023623252242156618589
607207493603415079813925432749635150655698239944898837248731890841094519915119471621634762138957596032911547895176233270489773332099533932355287525722893320187607023596282212764916621071461385549877887960222559806321167376096859131926057952515066873533057893077292996924207501444206998807934348005641
707109212664130766632823356065323372625842529885903578074597849164382892076321703603329996774818327126516295056440221466318925538873318868878285005908123852135215309828408292513158746974647888227032579065933734369552444792885371970747006926634863931462738915616638501311160282642001650359692067201642
791912650060018233505922282662901525218445933337134689195346110959262411853343449725149323270161674930055245730504889032028521076804415957317636583486816776766627697052704306913955930893085873867924088998477395670973139967797044648759367048082825495860821080749183265538489460114736183165042606151794
217687583179023111032900785155978957641004908083897056888591721818813354093362586941690918065843290922397803811240646603604194939944999752039518027487905209880614751244220719095106107263677496861218012711983710148242050972723620298240324245187011979523008484605925969519103718394022841068809434675939
141940328495164580792495701216171112583835260651237329566242323104732268641922631306951892746636159451128745192780498743358227357272465668678958331656339260436231033183157608972731296732130795673149439592372464869408216104630825394201931838636262098676455886338817599102323861256983846766659355951458
677228258980638244334970124484851499334380371106058155345487823692368051328555242428919152572233555968018292640147360990233775554031099816075339108753478452245408191140716198141587939024303797660937890026592337599923452196969726329482650150782608757618483398253453187933955500161232201383997244301682
570943709762010827627952688801132266229699044503681059100983804764623119205217438647460093733082680513004392954113690543058158291484996046250692023740708275644701734015476507446396648424310939944807675038903749168614376938435514192293594408731987362666129214473689320875896219925603688027864003244009
196428801019649530646199112335606375853975827356832471623797512090580364724834830602645944825547004370113802919808386682787480730476909512581204282365864085160967951968815788333198710107745671820235734707077329033142382214469019618607392537772767014232273888781397963835352667559491361595587719109768
045350009278663157596385163101718081819811975272025642912695001964249697187340399695801971170104385207602214131103092614910193432121494727290755277442587464494561622590631639957444631024836037659386378981462247399299750930725452194475375957264994401002969294323465893683880747305859308099319368304182
159210099393365496075847922745067516666883456370623800530618392684546386638368404248614103996112118305755034406295490635313680776844527153136192213666465611082769330806232153535111194429946392956146998272669222761215494718011405395193698553720499707673137283564148934284384242252974485935235671422584
765930001420856297587550568506460256069332570000817394056095927228945152301220230518827970138472880880540094616544476201762332163126515642805515822937507738762069318592085071685845553230866671704259576010171143709996929779587802241192165831820125336598490627754395525845466201243716879268551597849325
109659436435736648524784887811648818065263521279296025514990485718202101245333170272051475652988677004220500706207561507656444615264491793720498437003214693587888151025988681603978466278230378933050285290615864952234980985711696970533272216514953924607445350017744145258620054498446221957500040218109
944736650488382710490316378087677030576505051440489915039203870706194535749757489724014644596441762834218314692665160610603986049693682612444334572733812391047198046457990626993160138616795726615512628140103806018786133952209323145603925243780285736329141852638466439915031302409056420896744345478691
502771532562500049336905338327143276592127899754470852317530549936331111074836645540917642974424758828835704656418922224852026813177357976530509200235513193422773311939811661234024546498767870168130978310688294497047751444449842513491209708326213083810724612847899054702072164099123714920521489403083
680492988849868781161715161737421926736688082271548763979116998157792090547085285265044985913553739379650272539658184186124164278100491906682278328226553861542280163382748792916023796417256694316813948091007270665340558911188515491658389623965073305585066443469973983025965165290203635685835108581151
582108470964157443546689555701580833758456753388542332416291264442547770149757915817339199314701819894366094611076990353899511708334011113207985357474847200285831235078172328820030455489335942147214594961580027929217816022865647186088391123458795897072605217979637971200532919585265788930807562434300
911775318565755270834171859974986445922251997323602651329794175601918268903308261558596500088441729044005863539047812323588133268500767717759867853264888923460120213434217188428954113443137711468625030086339013253318097365153125496467033377190123415161541845525337087560143702481288046181807175799906
256915807712014097040842193455744431313886610351438752961606938353410876521488513885467082287178301822079224169500610662869122490195957984897331802252448230185241742196550635371109446007007772049486098380200868003124924358298737038480170040527499614527672911987887619289687587223897493569359861808366
804662441481859441091053649280430120569819943443234594667209417218177839706725979100961089810738683245438384515080689120348765928716293674166057246394761873448269021932395131156911384962031705166998703049409249943678972709928810091385032906500138872380969525538732902112568435598715437749415472377253
226404063469997507208146913521867898401257838552128595455517892611783259740261808009173623608799621668128419807362597529826249728492805907275298548695788703911580626110240212661554062061756176629493809610416282144475467953145549843555711802257687279175330754158461341006463177636633698787201487386161
378019369162784270198477037306043495408765989353349744317340973061696997486776629547696073817222943211034518774487211497510184674281375894427052122936893550036369642310836819513322803923781223901510561531519604490695106238244070878710962429573609107463245483924467823589256053687517681728630948519356
278427289406615521355727270223968535557520529839658221159908269782176451952057005297450169423757308638892637705985222514726742133859556335514138919255304229136775958503831018650277198157053227640915717955276999979985619439902275571189671794479890003503254631745942122194804593463766603413788183562312
484574358779422358864640194363307376709786480724519966487316078415372651257165640708515892374807069297805647950579300670661291939692487373874839098309594314029560191803989554092763314447559202849740902353152655808981605572566271397070592699457122753781680639193179338685559427132310774949293147297587
332097476489178515675412528867791388661196168016952182965254420483365288801359308326479508667275202802150715205761107551112686079356280812287650526038451638904411926529028551537057774020578868233198583125135264325411645420238454016906340203467307681322302995686295743936189639024859104047160389808597
660249351116534663551242844166183216558707988874696278907064551558529194904265351614048573836277307431224470497265135366730178562994524887983696236285181032887923166742876373166263647949960823657516880782579237088324067570331662686683853515200525500378825564387439101842110730228508550300918227803917
884703766400310872876095369087000078584609004572897203286885708001605430248161010663466156616307249713524662415199897927424544172689116275367299756020655515367545788284812000059560639314738268066486435855487385098113116790532085846673776204054104211799152612259256336865765464823480313254912422195457
527354243104287721863726602946557303703975899371307411590130400138718384951287591282512595217432181127551719333198368769284733084963212465161165245649174681861161264120856364479395439981078752705227626783811393655056340535944683011213777197919778291021970013668737462311165791802211718407685182424638
457022072538540641596556821827933609672616288173954745868654760549028402722963867946013923282449810261976564285163602277860481687377191348093192982692658687203553788066766421930565158761945952709080552376759166954365243416235872474584408078460592156470709689915112735384682574263117267789936588942742
623215266989108426638476027998572204496053015331463991154031564762957823292873850154206672158497985728293971622679986469004538954624331115110298415582327105857441860748506215824943523014183998134375562072508909578366016084344048480895750790711654799340335110551481934921116979466126786859756349423867
913127483689815018306412438364167249888939467291456691661759350368857634022632821633701866412040946281367332764044035176949509315917812189152254891708101104949880731067238332993433313624810796586463919201307840799113452272767636026111109021724036853562343700578931009445625983880471144769918568890898
091428381995617829364901970056499674540495948419400258423341902387147700890217240331041494278377666722155109116206187442218243528488623385990565766285183160574400883515499006208893380715993544908754245766596036932604340480018681453628865619280816042894395263526688387494060944892084602432579180178769
523095721966448688215592123161758059922867226058962358939031262443925834460199722195411956127147617657897185172072989326649263828323473549543329653174580932864729420107768410307181436968110764659899595184699215264236295067298839077161570565547247102287025380861347719446897786722267975103256243479067
995017666554270383390607687462398253294659086117682960720481249781599788325669247627413279605717807740298251253928610784079594941753475651264242016473823408287963854200467008408365591347770136827726512919092087873998268560769222934481650988495478959926957027525386518221237846866776211202553953656236
557846334427530893757760342487641023004298113123760807478858084133478108376685544033154406215271531945580609559985377991337041922373603069643242001191973034793623905734578207776242906720683615968506043342667943863830668665109307644006534005669822841898564591319097852338412707756591726198098343089999
846346277639362724604789020133680682269997593433957556422356658472858056137620828551258329511663763060147019890953698161547681729566294007620303579733731450441363143467773927893465884335717480568532617884303260944017418383590629709389772808309272407575721646543990332519973019251513638716380883475885
184831927401613172577210693852089984889784370780745572680810770419447028899727097753382653651787512320209656600321865787195263953593846786332226591068890374431718717923541213210056976601097384842083884956395878375579582573359148183331583406015756367308623849551600859623550619992540323685609433359323
566509107677091984688321688715984533244720749377136868828786898972719033864620805441169552961777735915565089832284973244871682593017628402849338372565130252109346546146712186602221867872465086517459155148350829239155958545017503091494847973963733593531191553149344266145140304075406449902500958596342
905947870462129847407882902051858347602557328728855122129582850551135888920726407794007305412345228487128825556671794079002581847357692184652483668444579539970281368968754832036096154714613991507790829681149778847757605726542755889479385257359156441841128760556482938483955016629065033172529031002516
694708155141097117984795076410907419091636288361388119147946897585144274771943298043858178192614889942394074077591300371861060549264189737818307744772369722452970567536328272330148880411534979325259054752069016334707562964878869157518448292209558902386883611937225087846394516954652093275256891156506
849847902784758524718450118419668780385102081687574476969851035043930836777180672285399457489735914277509344173993579958378632248540315908077829774217599980066477066929494392324027176796643331734937480585622262454706250937310049155829332139688017738218711846943332164289340701732420210781960393789093
211157713287688956196391826094858138709846331557129314219489700697750477353470982395990017435445974347632930197250356906714024354015356244108986870500180909085230461569921245270061209741768161199209672030365791360589761565303921243736321341642157487775019466058291320805279790131904908084714505726852
284258934156153669095824394952527909003882953585396869837662055725273745675892565279787602242174655191954185064835908153168142945883975679767798793088828342548264940270274183963524912927758985008454085474426260698939846260965932527299536174067636136529272069693052167472178603548884956296515700631853
599613814416245191820378616579468412163511116026305056927702125019953401717560805489489103215384091963441929871509197650388482987076247767309780954741306159923500225874992588110683579435992915112858385692547260494592920846195924476812313593855110854314610665023942839412741701073286968175492795652110
310103825523056817858973049088394760255928991088959491211319440385538986459388608874753337815983701292399096613509345447231956995107420447848673617577665217532982264721968910464122101224663203188385351591263595126453984794986236544469814980726792518981017597856449000359998071562857727671865597287539
879569377747856390900540363911983598839140139171594013728305013111104033757027640307353418322149261435755070770733700095052016323008968158416728092423438277328554822295048114849906080780262533515594617853861911368018755503702365890867057801977050130988233150662645416965828516638744401775339505255690
886789723040063531359694491727723837627937063013725947975135308005675021171824545971763001439154948923381258097776927909526148343237508912266871172216354891838004303819113862576711461170134142090085747379017746456379485553619599122753563279843609876620433637997363195691836426005949868211461021496833
780422933675655182898524205171804915036258367950304719592957045221399160345863621466157769010465083419440463982687761232027215966740506156605344961106709454823076697223169722354141294372275319436592709007825442990791934418144361832467066065142013855547824485000489799643916111717641602113251186947098
701953561690438195022296407216963338125071342697332055737391439641163690770614778659728019684090205169505743024062904400698143609806362430360568970433720815849505593734128883107947863932657324336230223881749725744553562834785749895377502559926030302047949489791616759448328882564820226529685732019179
859729795114318394680326550573425636709715346439888421267525190255096790189849671079591086086846541636634863777472374785268029365721191393418561576976074983001427495925073090348713976965030963887896187989598415893084776996532098395257604510226216614791165458901391297916721656530865993682098315720493
655692719697380026760369736521405471095659381834241765135246045405575305648253019540590492671055549042667023297895250699915791844952679427832489822522440245788339117327682138940555280166043986680166374760834270137104897445667814235521922839887043064690134795466405138403818943466718413193603774435967
847012043925347559231333854360667903009885532727875503100266335832343908380172063947038328762567943330034379856416205626194347687567891707212904120668510394957103829416544077478589200367093849902467565709729818453225929444959558182212034523415904599270657994942030042678966399833078957776264839267847
601155633291931160519639089513978035813035290193910914477834914855923536593977351632781804524934141878062541206340858753355403482100322240779494987537986524654213152274913215488578687921704762890253247115418144074495365395086808140454550835139373426496548805097677537169966532292898265261290747772137
949675435349929094316685329565925775087391070194492067309981849556083402338553672479838756614086572228050774956025462433377264380514968929084495971042066692830610046227147942810011866128136492568476612667966722316683472100882156427621009705015757760169655135528763519362385825087834718421535365961249
225523453086176127225555631837339526499192142430008015327431466972863243367452682703338771143307728820947396341304284516025426318234729124307180101517241466836443817464697200531124101586351141445663897508552418261471856323776609566678045538849659313434511237858413624788852974377916353622742156372675
845300930091899277531090588675382786920615378425628239964596115714671262562716203821982365224271017503114148901430261431304084887815280692615154763292177697108937777862079975278861372995193129380659053568236155437041925015198687804854008843101012285901969304362860662773683377215964636136705312178144
039873586475951716392957214801605544624506511886020402031114359057152621406126756624692791832324344982908548398920145371203203765185889917912122679714231722454015601078556414046805472145125553930882617007362048481331921451715936428947154480401797758593995452438559476220558151114085769879199018059284
261383455050517968787169058951359242635288908053872795044137451362672288072058318439212960918172045277206528149328629007332376449631010124800920873045186253998301803247951272351426030824320849312337138235264812801334204216583637411647227410078417656226401215556946604764569246322676308267502980625384
433853679188312094554771497167919401015929693945033406219295027828440812873798995109317970530666249942835687228845242234424067059643444650159958482723268934516087814659406131291019810750863795047418392583374280015694171773307839182618226732109806371544728812941402866577420622674773054959898394569963
798573064792486147570319841872547782444195882551216881018726242942520755857298734500129801324615166810792711286892627617160547748764432417689644684340382630083329029429090279722565003983761939169903221220969422704311689105808603077376591496398483711571150159325601033517840193423880742613744367693386
388927867939439333547796059452598250078596023983684926935191935696202974165282753621161500209082132714265520358704023324451691255109789574165151553737929038624775259306564947714095665458381367346335455716965583099626282548893315489052476830436497362664547523831886360344388732718702355761017938039401
105378718537713713138721647903898640791251967119662046836498214642935024659031472275994766046399070916804374883862705807943849467716663799370481665908117751358001300141686886955610090745807156020230481807837692975837722339139383348991194490900737337452069165426381750708678274088579616448327288292709
460493840288538332683576567039317917395035962793179094879200567973823400961569225780693849941945416246436704697481404510193586728416956520300523998562674167155440153822623573233060710588238722447481276328487986062304599278704809583130044447299644636316508209424909796637573468208791462115658062163937
576201789871757787753612888599491244785106937813406091954133777421275273286731976154786437945869004726468445911034827011721245209709927836725776817647918654132324984832009231426076838736302140457216734111964929515537740196726553036411583981737171561009739244399695603915752472088186725033129263791000
535406676242588714639182709179662335238216007464880329546033603118721193533431559836542399025517479065494330295081224259405596258106610817934659682614165460154579302158586884117893102657720087053587752725254784897863449057651418933275535827997329481472710631293497368959515816371622017246075767740961
145767569059676842950135921678103521051414259630110496494033639756161577133646693733597252199730657476074344834849546417365167682511477188587812112666435317739236182628899678112907942204396283664594228818295063497227959673960669662899734627732153113210853515341543943795110795560050419996110896225780
942580274857562280029187257619419972800124670819726257759923684226938724890841460017935909731049049842532299030193542854845997896196347937033814381900580714791292600360474455516485822941190700323038277739364499518127793939703412453906431112527367728184668211392170375470744863140554361766372568826615
876390021196454493175530599898977303198088763070468592789107461853288305753160306118351836707719956823479631627022601145185088816863168619594189676675360728231934885532261342041286574909652967522065734649965020641841637507267884082185014067678591673316582953242526875710248011542349431980887272065836
334033305906274812640180311506650023668799136870543502277603620061062676066990996006224095909063571424792940430761337390878268669037744921908123345275794026664705768780787522887665167109066893808086409710998766417274433858461942250796695551023583388439459075226982274694779172720689260382460272180382
798634807143689208108996554417840734878294494911353590839638532920615597658868828159775551870445676847371046810808724482410233834050669066576167619474637811338480599957030848961227256314442598783423425195215031462221372554806562997982481113171022966528946725441968946239689015847812182470255410793953
546663855289326819973768977083080857258423845488622823560732353306864738308608457670797173766146430212966692905057592731492287279636688090296154005946467635244258669041472154993042449771417406552304394295114506606596131567240256888405846516959551573558017606750817073852690711182985342614167780804555
555059544770161674548585050105508209016858844709811080297128565518592957372645121075320660211840809455639672436471018393860147850421277251506179222341743755753008365242125074791381346062194637994888177269555308198118792765204214040399896396001776107415726173199783437221211787584365739405214183309845
521369052222300286540092016656125520904713221608856813115824122306759938669213415090121015324863061794515200888095677063432548487214088225507231631570132376200452301221520396115195488714027040813070238606594244704672523281727882969753240536858575210224713082187777229825451414231505965820226283865576
778552605625489364593942601196206389593482747272199604288497022156441946031235827680536441229442664646836381340294216990970468823085502266671034894013307559828033114811258262572508186893245686060238939883295014153320516301556093852999246321273730370958849483245295644785381025721799965713906841969569
667026784258189518578791515109020903231473295843469406719375428941257503686381274591073392901676283021851550577953297367758781638904460009135257598206454515742203272820832599980776495379489389434708379243926086103509633551984602485425664107407601348277071775845943989406751422169739741217562683735895
456917793634194333379089491405884135370866530963369716014008254673679533927865522843209176499032752097192617688555648871630536532982231798612147510807981827463711068941914686361216178567446079460005642532885935969124265495683297807564549923668202643527549274344007824472232325274044778141187242231961
815566055307778027247603433732172386810276663855263379010231204671415160696360910898201594503904651609265704195471858153130966259818674016321997352259531407181497234008218196071735461856033708178095593007408159021910743708175738423990325017484152178076103967688604671176871960881185826340145345941725
345927237639257675444117168025178210794626659859124497736251391363480713084711272602453212406878618732578158571406955806383198074100097558404094088909450960098610373585873343473896704435073198127031064361594406699675281945195544952460231384219292760011375478713240534660943939326517122863472703178288
389481506598189455964667213816897075123107997535858989358942321563663959008486453015387125232480124875790131933253698517548910111679820713041485495563985049256808416951702536311924260661422709794484654360251222213211496992974753153965232718251456603877385875300298936098331186151353049392843926741495
049192227108848099423441419567612043215969228274134658356136669442091149072152388338612704717212455978716341789251275898088178149484712485652384473554190274735308644674984113325502067735801093263927665093280858243789631546497812191195456294400065836871817639215517897895118529537298178641131439779824
067249084678464688470272696677651750201309103050990413070128504471177230377377592362148184906105916431914459414191003861059196611274903117993452459248354216577675001659778032093608607155854612380866682547339463165642521129435248367684263868784187403073015554689945568015890064998310212807536737375676
486395261693344418068875021283629145411944719675080871065621067387312016978595845063895523229250765334688917294236694779390532415509683341260922244838515335802119999838073686601499679161704347474617705935228718203434250768978261263567506284581036236674614888508254694321412247639069771031807520200854
182775036904145598809694027716047433337638426600752218657160095958978252301983109866312754525569047005684811334372796172289392182903248322027557357473440838025735058579394933411023385204327008768328143098881231147092432362870421770085799366375661819290882708611229816258535680560152067894368833940668
491558611380203462713067879188682920164958904455530040239271316340033817615783111541767312183179366290180002865076449569909039412755709065947289603143672146535039758068022504655195773293306066186463699819189590602694938477442189033479168538799949033778098960629723139619122210117187617984651196414752
224537494417544325150432577370367830024711167620586847058961148103378874690586072517557929031487162253667184754431970271139268548991854540964857316680773076149949055472951264847146436061799525012710398472371250260997222391716786959052652282291789699500041276840952629821761767956841044691349681994021
067009177590629461077737113372719374830449711155022394212933872987945867974267819696226504533117845016036290769593494778781567060087898463309319545579703306260791448399420843223963383657921255091514281131792103426901267338608886739438668806083863763233608076698282827313382719324545873039425524847334
810011849010200078065414744712011039406565635175661330349064911089460039848704406586230689228600956312807044154155565128037146520282523049361456338279584860504075123061534210165039980247860831403010593011652889763639557701545847325711886753255957694418491271500872111816100823488613166943652926306235
668509645725532771015384236552918892517786049502246423002363606994073375758830780339228730343000309252923821999974487059178723717893520373173220890575767144340526681039610058209745807346126906172075910216166013527171393573492081306722603550990415895299246189703246890340550420085374971606343335337985
314050780564293213721108346655836545020265698465932271935062150643712211721696177398367218848181605051637514490181061704310893968119682879567716044440445461756731232128650167239168517464809554504762422615688183543360458302282996024687087403191850600801164241347178601802069920273022713939580321599059
600784379873371817355442680518564957037129011259809564419036312263423524803782664900242237793429013857059857802120861719560453169608033929211965657932472723770386749410141496695885453772953963139025017720600499322398318232372859837324978988795750244264371001367393547990227212062442983157847813070520
782713367871497272463903982603756479677315557390852950147731626951432115394108450347730069901212536859617152768769745051954463140999968148567336221848284196659194364417317637249847256438442799612196518577651718566122202903113359256219774226179847261584052622969380052335028424492807099681811051053262
289564903603701355085565922201635023191544532705404861864887971269647466640036989048127049381133339842870598848009904450609377744896000927931622223262981265769640291191816599118577116707258541955079559882616533076690705557419693837062639985836098058195872935485525496589968356857361292630488955849019
614249937029483978971621017481705352927653705993349760893908934476170380848227108134828066645459243320089507144905380550903724538991061854770034140459275618136416547310000908253919627985981040546040547963246000306763714315014916938734793194682416010394094065815926602659757429726591287773982083268259
521716460440493158729789176759217251013846849858384285454725519850294981041901980816946762328921859540505397846952736099821500314735210003411062160546803358807278189547907382988823927047711257068656285845532914462872061176436597392643324230858254514648398742949567518804546338215859505593357371742536
517037531910802234921469526885044416042855412732671483843577598682094955523404588828761254163839704580601928056142534603567059748321330658192475831351777073805927260147447516422168590999505258117481955771795007068686784611795103242421435175891718109316399409137340454720980869045269278217293428998897
891624629659878327722508027906652017828276884600747230859385584344695305067327458979360541825509388051454656756958923410373158814357996242077251133947491195328962825040192589626918073449186215870589067733653277482121933866474531035668307279290320416113371768186750143018082539650781471023127016732974
460423400135916828673331902496974616182053722816022422701825194313536676904160169484174101212434180960177277418817318250612115460505441032555164548881467160683567303653016778811410101387252212163083128505290442031293456219832496464369621204620252637263652938152310477129974548503753112060578547050157
369082669511284326928159141802179942989528125726329031607396634907318239390600992480807092099865743237500331829482965116503591642830750595985468822847538203160207267124991120725886398928770023732270298344387852878169163900430534122889482634925454386178906183995340290599895547236626769262810130720427
260703223388877903713590234356049154660705139584035027041971595722924998937812679096479529919122165180861625818212289933047658172361969844215886064038129754854993747173315378890467589700807064060679474307949993567799940517381759664400189932287772905019561270849162539308795205834020912156027296989012
270715710250432693605087769541324961445883013180584313026188668020357162722350443615823969772432747000040156613969065149470851870195132396326365755073078711265283388671025936976566477615920856496350456714544089352048233836733194251761690194108857175754979045157608144220768701744155908770893384610898
323797416013492821036562588790495706991766450646993818854599221915103141397508724930203013974413932768313616318355813585098164736319728572928203508077859236189732859323136146903606461671443318690670306227251917519050096151120027699340795854339686479021024128115950601029349020443077617296841473556953
424585018859451607296360793227608221309010843571765882883121853093565650560694703137401006130494362892152529205272619352223615421406710677534066898920144916334952785056585519129840183101460890731591040425920317984020143763050339635041874868719633163410602741921608016229117447350960132307378544261958
845576738370140542056944496927775815458802541429676043113393950972652944433778690345420691589477571467830124000794247636472321491223831817629905794848753326903124927546773553755958633161998050211691636602267244964277049627548410376083648230235934935616875128894310153065868440359452927712274370085932
719453421288794583814015521621862394368519553693026206809970446857790964220968874124064445562951171109422270472013954392148783475552588989637830236502789783138467968166780233998744261538365513449109606202740608892785451780393454539227855343266124260444394127580002851545785367186001578384434742627313
706175253854432705184447745583256440522555335844086735148376877320417723133876102250646076640969036544022793935044560770549853436381531148112596033676220578633865399991713851322497335632538857209859869755176448095985862830146332654852315753655572179465876159865687016467621468203169179708474978318568
575628166165951532597621973735271349547745654959478154098976645334423370205814685851141213714792661234555727193971841537719292962745911400816544720441919349422991014561221753540707040611304483080065964848052858895144296856185570330711595072542178480430662996201402092653457914166368973501599764254085
436061491642022977121047666320919351521442505360433981497624810359279849210384449854846412186167400942345886441349662427476896746718169124784390741875242935719317650639129950084265056537131463779622575337894515356138377985568845923340814287873164880390408602392471695966143038369104794143128139877509
909687625063088047247910815709998052762698050234925316372808791757345511143374004662483887387617377489426113634049466169313978516967573529227485679386616850555951852738610275881931567889530685246382180015314163743570681434534189513330763917892358998854498548010423319372814927794243827764113729207686
797907595318509142040941586143935398781796743863750581307367587553477837772819535100650966139959716172859527179796383040402934100270154610302814504563135450491499570631110942148758643432193188206132237749605956904611288498790016375639291252003075078586682510138822560726276979400067481338031901672800
721477113255319687585452868546438369154410085445256794335427682259515515281932183924628107604468605094015362786623440470481674360648632727715339415131011949343149602272464842834956725318777917385674688277209462440852972881636815742213852853483064351927032469498930849185265684723362101844962338190583
277565803541699177046494005066796351227682738457264461156441938662896877702027242401484232868487436669778057372413620365558318748207684446724814814297437846631092909545977004140632576433334570577940568173171695021886694414677111268130267725660520705277360978635531182454696177348482063310292644069346
447473339412222114944487824690356841290866442540073060604604579978089332265447791822550003247515687361500271663215241960654451308719589981584888721393641190197828462866833586928225274365133685635299693096933655922858038655749131009996058541378370534592732976823799197498611210969975332100292307310282
185540810503684822279042762639369894511715255004614888468117000735673868172421692899964355405729433897488635014950543201241070222602906997503230123830871160594839806616192829046486852597970924844282494572987071591689250976519061384213705149031651287022429296920736402962114937350839125725826617217794
717317263281074875188177267505081700111921656682571990650127453992456883845579902586702920671141497632562639290967885629105562129197649888470092410079250848518155062842763439884556266389144728703012199672183994704714224387498061581715861988922699414960981936759589372881705190418127658813580373964010
039701419996902214206541236794088996105750513002619135430033332676449916809509993808698627567335990610853342233178044530445204147116267286634118456256392462337737585217127969735000890048078487323555510171451838388135055693652487422679253885483746386292995804745730264565536793996320814770241643649965
400433768607228265390422869269308814512283274884282920059212540071138839220653618869083462059411012467299864685633550065756799824838970849143384842749698150725883299874206919952924722921712236649529914833260647447502990829582356487754629262157514487675936916608184731405896684146516222946537802925313
499245577541041051555974390027721172483246809565923124069997771619671482447797832981018518616713425445256171420966440933995747286598035156961561748809205507987873610043176768791605924314048060594609450404671249924430519149788194989308481602688982553841870846913195302449776496484711081266570478513427
960064319476317505613958916521665569964123761571294133364943828185861163128191581420530577969828720886503546126761152049952320521647531867021585310058905035094451012162169631493019053909053323251528674190291721490183944867325395445102050479571400755443969159272417142280920096816816257159958363548821
363980706602060789776717091358781391999282437075982988328804367678714132048254598333765906597329201325726279543619406414604620776990650183881970856275718337339894057370229943165655504249995926112247044629580820331045387179802224806110015846327691178551677627128836854009480606205038203240121016769828
367298392568996606278695993935600559420586646388861769485039411940080278193824375575748714440721816955242589419604310875072606737260413326610852157997472052077444751182694036557130984669629490997018615137965820028212920394706986601459026227965796858151469106291048629543196725233115986046140699085292
545349941801483993977679207006675081071568118618518456526205984126021363776301653949737016169049716569546036578657630891976245624675273616518916824222372554577381868709215159478180548405803195119944877847000358328400009670853947901309832175284593685539068099409709783967337294230339361958924971715044
355199516861764652056483504248111314929123324742754238284452367774705357346007168221483946882651422735930873052757029069083004359914794876266294769607582418754228491475540882357107779172025427323273032298665982810251022229221191774853644198066319114723526802675199837466610159031761461852236613512880
484505095627162101843014528636612372376832914291237796729500636482083966362247656054952444705760208599655426052677473587223857838487871046072768904730792162795989223375030631837449243205248198806935225960152562954164334291447566795761367807096665419048357079890719150775068315438426501257114776889075
461521285787684664003215776423502014599055817534390321915780624955489122189494875362643246427872435215590414648496831889090258377318757110240223926592076815272281281206718858836895070401034062206894789138933626206267549036862786969822126685287418813941481387037742175740990881110858645235258236401099
680136670883689331793939966793160503259542697193045058251394222717266305335469163102821980242566796960576261976489945700461864395656568447273687646103200042098136388500135094192781045721819924177686492291388468937129370454123084674610553296811404919341327483415685001100146388590354026056374883143883
790744269381830455284345907693305580003979084325798673899077670948810440232816891313783567917346709029895847333021815624535204142733857676986124545859086621789429865811771347717209631202144298301065218944940734601417718967478309344239547222850241773013563286813534295966487329042957380021613162668709
955718219032942217571873781197285673090480263980462164184992452904225398997416684371818640925096103606421845941698068747343132694315135209696351214712761885404137405623219961275652406340598904733500099170581296400074212448662888418298406260214875019579284694746225497449302871030638598500044476286847
609692601986889854883677016758068110797115446391498988672118263536396046044702519821122709641581699183145863878860926402533398236469734606723597481739725383659132659453730631315426331095273184178576521499702631796367332969167731887146575865537934754909868204070022290644615126816189006129180462041209
587085686168088600407246691239684601247712884853309052747843926314192509090211846199202097545953050684830153321153468644381934347377131851765022064230111315426289170514843529155831092191371152171645372659767944331762776375760349438174419378063596429768824058135242533915166175686691311489944761752448
086668691920724072679252661188255568913729661606540492286413227831913726284914627415282501637036846536216591854832744202746391901052549998548183640123185857306820126498619565063618293010300515014789050338622739861947329124661124718980751187992176096345067241619431732353339223835859868709585368010804
799494498897366886910618040797628818474718312483840068625911080502037803779763483827403079350848282591740942007952969748448853809945208260981798936921424269142235635959304888165387403430344902210160844889630114992153314074879124905530197633221482116929028253073750994532146055030290569903234525536822
531944825281405897824937881152882504489109382646540338034477621456316789626747438290806552660459843368575835453939101254493201810188997065549028314279766903440794135053404807979990289733711526359417146262145781461655569787623693631640028477331689873420743411066592142236502660745274432965981733303998
284625532647738086998257371375870936540154666515696331713904408969210810417408984740150980352424241757131672454336631621138894996435967587300575692818417817469801163721176962607854736769155982341863914990195238962684499605077530859219275878821849747881683703279903651300545487304401265772517361184285
399327488472757208240421082976575093600992201860309245248370004828443425982987405904928612198749875550215911957147317824122975318731287185300746723582472398678245532522241232773332653398516349854033855385832114735047698039557245167784885959441413042545310295310456805426801859295273956331397127798654
739933609738430668461164340951384398117422315734921883062194140273134385813674077602007111452322860973331608587967590023331517663407357530998387247893170636948284582181380541148073496439529662130113813587943801872049241133373536023842822063386689267676259703982454714541653653380166039576595397052161
762016678126261537179216610632109389179604880128299246084417288432269534377981857407338363707750604939150989252727433807188101141605669990159926288201368343112682200745526525294850813684407384431125404721921317381084278896197336849195848821652099577646371838039108836074757440471223564300515133442581
709519230201296574613446914699024933401741890811699094509800697150547578712158602212069179678728037634661936168075711779158063952125111258689015967834156806762359903182357532786406151503476262946942108445763507914109417569106142755326710045314092969496585428311337240982661756868119112030740105156375
929668308576956833821963285124326906843036962301540149980645072347581956414066858331266614572974047879281865110176863096402587143842237739499968030174606054422481630861689602424396122733722301248550567894630450915584904045225588093100003325021628051742223582713653826425136718485021204125378817736740
862301148681106133741273742530311284950142546965174564691958073100978397871900821047973447252560373445632226466878004572787869300413039039605446048108384732033680955926675210926989365459580925336289219016805898850258435773696030436081055565784382001931597836633042343702953104684308218668840788686137
376808115491507858059736311721420999228604209556857707548240246095625032806958438331577305580172359949624670548467900843596552776285034817350125375653929279564664383127341908982631510650337894641813787018248549078295831970557351215591224032843477475614010186423589603655251341825235128827999909774358
946249756380754714425338741508702353621894028628383194223820416905228454693774564601462906154673138473112387960487303541798915921050639914672221710795918317899743829781113516583821633775016832801753612140021622264923031380837835421533396293012419709724331272037142780190797064992864296956315025861253
628549123799110357373651051564010798710820330050252349006330055721807346365398396515075012817578921026946730708187910988623275554563713499950910973904188734198325880074766074333238537546211647809368224449048570664758338508793730825210260105354312616901876684238904900498239552694585156437452344508600
641604453139617381366714412328770239013660713306071510864785808115985679504082268471515285021550372703978089768164029788227527006745629070895197492495049747220569764570070815576859021368146690510436124855604189614415960955479745544096812051834806805831135423115758643808008722780781750304005875297011
487004012656305277020059469195277443340380338142893656831880280482907846239669430481357608254591288797009126351433627543406853778196942461113830201697325643202843884836449347805011948238295471069122548737236199656910949430317849471779717049979087286646890239345928926531672732216151168187891157839788
299391824230132644113568202750126166520766207052841549096829876512917153268840523683856972406536547641046712571373721634726342311439110021549693815973776202819439565755639979749860528059012129887534521920602787801023547372134484165776188528661373046763289582054724948447737414857590842866026065449770
849962829433759502883197461394539964169437152356767680148396679795448531163591942453743112918257941834255716871610498096136802784068646126611320868294830123541838649642816783594165817419987899020447922398324075617045954422571255796120800101826488335864070284454318122156925098229222547373927684273372
031857712010171618231649232695373959064367741368029359066187507048071330186541321851096556896900153054764438097990363063314318498768511292038729812310601334531436343824563329471629059671823091638019498335736510769410209647310570773362713463074623022359372195057678581012673243681876381024008242621835
921301581173307754520755319769054187368380492206459976637108891832357336630025077518006113949196904024020745925064652178217716621387983872625934216697280937018062768520801769647864745627340764136110312672030081028741319432125607625269283001128561714888132712736812553723737196278118695794225133245533
745353929632589337645060410235499804629437928907066565771930194110551659375436261348812388492227997915796281153304887372510396686016174001237536668389229550466690960194239982554072329508542973067677658384239461247768913473227201311826530140649254611949921768361139983002794538459083429942908497287470
157741740330208928054167683631506797015275837437593775188263120624418077033926935898651289961649165195478853058555929625439354946516005853298418426097425086768187141409943934995288317094397547275938255628154471745379495022654968734529340670078123881408474941819265721520405889668885808882927481268495
205608569323167264814249697148552765041104820804872660233980187778103058143819689482615874906963982386375783907074726734419015463939169364780379159800764355723272832220052202610679735056177287309465065401257347200792355629629912977010461573362662054123187590049778832848693506793969309532715758647271
197062628528186930363455674603405586463432151036477915096905409673157145317604307493988896657806437758840103753612253864458451234221644458268653939391501001380778931860124228819989742323985142492517227513889146909015838763754590094843316604421624457039536366389559152597842985458685902311105326147599
827848930189132218828653299677089633594679068346490408517112032840834495744464423521368682022773984949171144369685649589735126758112389283083058546950224180225094837636624054856172718533039745640273191751441198472700005555074234094359651080420944961045561006388281615294191653832224739504430636506428
093890946279390214339447632457451731431254838879259102936869062968913682668618346461544341534072425460536456745633673062801872160778422302918566848267779074470292281553353239324804021778360830191858348886678797553212905337903080852849062084190972079717014545792138859350187636035207585932767951730044
664570696442121828697230364083940705763199565598551119956197104492944036959858122247473288865864364304520957861250185875148104684018601781505879854512881471488369154695100019799536727065248045799931575549180400694725980203389305554977308724515597794976413150547490737033382615577347613630232344006021
400353848015943246898736130743862806533372352427699706639634282291910378223695494578172533354873427533052770010578703138603466423581676717011373478691245137033099916708041891162458345570870027755354586841924743947674830607766088095901707529456174503270279019018230644338343571375202024936584135464161
887591845442098648265027346094627419349078835110695041202470890225101678178843306822396364495734860229769847343394177048024046904492929238215272104351235277434040861719704962379186245999816519928405231939760690099598077331831590072815283755417746616303324246728057494517824113010604787659902413624782
633537881127408336344744226103467879566404519473681300504635691430512517905239626849972037707195053389909918789988663825597432974091179953339403939243267833486983731378483336284922014517708828220862879285957502341489467301668354413734663700821259040932728032633403726679863702941388222492335292264461
505864463783677569473207464899453915864126237930526666049106987453567376421783759822314308633105560592352792211269423585063519962958342262035057348490829075260389843999364651423187487468588325245116602290100843985286916280708955567634004833389330302402888510928150138208664874342750671446121523309495
383790702015668700219755367276740288502377963615220487936238161344482997779623842125091388427321268931660571147998251116681754754373268172546022016118471657210879269519650618058737883264347316984542038759204067700204870707308604703758096362719175760524635952779786077834190679713857335679846982770000
842380186557569582555724949665605091486650425308558276964918588858604783914393209752986038888485478130004771469248680898841127632641953651252782456314020409643890086550858902521289514915481616106634809650034116633997867204030536684199094669041094066488676444611166051592302552404491427374918259313560
997590862620565667135758595221138968138948770645770905954945304916010576612823747746870295826776121225771075383824947426554273276623163354609599987075711973659102137589101544089484856678367408644534071243601437555712128756472005305681998861932146170390007520930906592014121274297269781984901719043007
508245956010306568013079444999947448565886398445945597284640423578300799640816187195998148803018002178744750746384153214023948556733991892051848382841830786133820599603658842315224256082347475299888796102387903469435071723970516290923071772437967375761437669256615446277607553865063954243298388710510
842610260370983188648306521740809078879277124155399188641616749173722335762857678574840192552855399588495078576449552723021415589129139839810153670951783229783797065282659504357527754210980397813433995846419805073301704163632046280430212995694192614750323229500577686857432021174491969268128083861807
753534938777348419471863687810378665835425511848974435456764793041376710993083826326134213164960749904865665609077440765309779747457040899666557421715361300200809945434038020890505384334983276824572576540913874171959153747768130581791395859782623683362923865263378340017468746750461167351953100106989
378161688538416174323310573131283008840986302476050706385134776244282019901087468832913052382060928578898555239649414969040118453793841837934162605845179587669293437530175412063884294052566117499112464932580735206451532254193768982792339463556247170086243324381297230049684520297393901901581118972586
282654000174581406359439598623952802887064149201568439547814514118659699094217174882479384328818903094893693659591172001102786846121719246553285290164486462058898935313122730239798953925753703390795265464298647828091203341786433460331029284953197092043316940641645999869858773446190593976577993408809
261715348349905441610496041223338124946707636909171748683006936990310613748867224881175441645480200598666207288468226611444841381787832117572696151054017557432801056732854071400119669847851585600795668377983374775940862892975289194480554788582102540549214555786552784495447185108697864218783925233800
476764396758807970729109759211254962132834636280905024365632796992101294441642070959893646165339527310891942729906785083802463610386380504367877002280041390647657212689757226410113377714255984285581018926566976058168741343158153856952932605862588806144665660390734569674011570861726646343646751764642
193813977035465058263894505038848339532342358049573363407556336452883544360925968699703310760977553938329441231511660552052216925486733066343779233653409118195522255660531212757642857739216221312394828959530750928852377828013228916868073168215887444497737394046705384830251186861059049400852498340753
836697891668541302015812460837852126737420569228431498302233363205889172199833964222494314167364009055619671883972143169692864918125010561278208326421967403512300408748855040193559265974569351766918770057045623283254609898603623726704181748493988712089297495758325356917088541731717783223487177811102
161365153160925893930798826745647022416287906856966409095919031829146186370822567665154792559491308000307691383461343284234281073593408755621574287941917691129556662887494220432657691709241077397965570660501524861622472161569292806759430230522297251674673526036234680224598174654160752894014821655133
598589185302830580493583229920902617009499034120382040585001032790399665422575486601165414797146320823695450427015525309513062907433257021796480787504833339975011300501115789539694592581108749358619663357359118938237665303063242475367835552362541736753337850099459323055241518242417305010311152208603
989314485492987450807089069258226218269445570565277933585215857047567851058267193348570001209104848568938487732493394905824345188852011176767612291485421388726771866242038200696811004555340118582424373683529948556406958109795974380199197542459839359147508385523530665646026280566211256927165823121629
145317846239386578371369317006102648337201763595572039278273261363849382051126740607029866069745573940284470646831928445572655584704537399287767194604989235342734996098776642478442866685143978846150545850839771775481830478559453755756794572590858856749266800625109858507836549726803799037327252622247
795865563002363783536240969934400334465446781089987292198445753100669222671281533525270918057332788211332307108921569729367594645508612076950209223977762271471895602519083645218033066114134358066885646347064147227722639380311233472688400861546283712750883213621097718756799129249798658239701513812284
836915367394685308090521189447555699752923281702299502671393615167142042478188762849781653331841195017221062895967424606187755116751329110944066217134571861971970103407427079288267932758289887498645272528046232280503386730038857951994113358491112381548666698083841949006929195610351286483488659500289
846673388648752676513106928288352733090141943476603470098549896391275683581852976246664784655673718283824184402642377554636732027927496722186907137284094961762551289537693462892102283374379261838193049984949506027379103887360508881768879066676477346982424629568945927917983144275499550095151693062967
494936262914747880724403114184478545399492001201874966014365533792293881379186826716615800533042165183745284187445969716790547942033800790573645202228028912748906422694653029656619035357454445989137738777021442244858716450909903035057300729783913332268544166898294640797391648562811897997734328051258
800719143579833208802946962378211189526857268540154645944499754212719763260867989705125224479055808162644634082573834373401978982876496923558809272179471030964946690529131185611319888988671268806757456996656449331150088579790966552705486868251046493700148816226160695865799456694087197446618941793523
868846163472581012976571748425566481752235045348405587579976030358545536445608513167036140486608017359273053964140266071399658699939873428945749265716107783114511070412929519951644988328309724037635262061441371604168713938260324214999891795153090661329277063562904511970363932492408716428441143316906
300284634569717129501424743630216331666202276262684275777064708553281154942459531127609681306843331714075150728990884027798438036129019185250568584071764179761333448357712437886149572261988924298959353522063173495066307468438307013559293784187651020955153371857607418343912281470353553138812556822954
994240316661134015394813497754527496822772114361465562840251246802586209060424006964499286062132560988673057608723352265292105140332169316137545306112029841806193777787744444527185696962101443594353025902010431192200900714354747749997329517936301898531200770258487998393842888225494493225507589309448
984602124094456520316356826437844534045399263575125135329537369790608731703045871374790186765096047604675250386231774789277611744948620812400776085084120814571353238581832482091815598239249924606800442763843089349103772608749280839269680470457536732058200110895806156437063979254834250806543557340975
782029280970291901142616145509414639677567037376523156263000623073000014705199415400121035685207201565791394290020243395088163096027328295301781847763298217496512936681326671345128162449862019959683835550175032442662749954076910952555623564620581297800614701271901722912372644114262610019900891595152
680316284315410117303337801953823384118171289019800173803913394152382252771612922826744137921656349282224427694761118503433795023535288699294058607626898368911738806609045794230693510060983022696771018449622771734870966613141238120845690103731636424513512436875489712437644788775179938736455214792536
479735187141196282983840950143090450950090615178081390043700460075384350928222004694558763720909298735099424695037309187143764569048234990500338723279825170739083508002570549118494675431271193358900297834317385313190969082978523110098412478108275495309745416787953900582693277790875910987486078412269
410686690513057901781097499499418949011798863630202105179468493815673783040729369931187823740066730467961187067006124458723016585176010977325423230644475318232947933744889296116032326716947828739827929704729339224110283551462647270862585942857412251541420128229003034463466895986403246110617644351274
848606052241749357539573104803359995551470839228902546138776026239588368110774856183486557102864824534106879803909117545833013378488172246846816771610199960495937778056324380167021459801552964009575639379826892272030784802313894829941796504765080032590182573688541459779944201346038282677098069352895
114700772457880064555995348112402073669601067094568587368013141197624379290231470307424985937683166351558115204891216305098241875824607659375414517664615181491987633685268863906031726923046468308681352574243053032812858221059687104476903645135237034186809643336709772322429030289319610676160511493527
054363254098480749312433016305805459726849775244480269097873753495537140205217224826116925335277454158684418517461830749820939282354636446000280886932424218448435957318594642488412222443582629394052841324050724084669977399555818027977108875079976785692223824468167369699102595938118785604448267126992
065907839151764812156943457963324058516669002897886405669938190823315564846045055978378787171556206391783036966067599497951060028048694461123929801159853364639710824893347665226450979724301134539008806322472911137936560773750318588889487072428878631057275310249727909335468345945337274288098041996064
439626217097048433796728673897735589537417415880550139081761927845614834115755039355590464368891428582491340266057179229828077569376074639751357409830083789971880364720002906624351734086625253184610864635009921202576612044633139302849419366819652359855146573977907888426509466168246183279774152625149
383743549036309290919200872591883019103318404460204658160658964341576336445844860208681257502469753210538502567525473967882288207714463569196708012254570499700213248321836576071605543705065131613760345361819758343406117421653964281674771407757645454894077252811028711586757061115984365488241261657463
115221672792999814912817386960933297263324269875262967111353787820522977321671295538887405063229132256576371103174906042371870142600851178644821620937842904654958346774752428733333509244491610762544306193445026589142766979114384546967710720814904281205137370011750116913837616571166240670308155893810
062522850350441891552587330607032776568592905742068866386776058724718085385171172605540635397546322719265964279630937706713172454278666445623159442206592379559583645815791983101862457758017416641182438021085573939657321560475797111534631203575317745338804305553317701118526627780743722494329927225557
562258366678344165757611947007911386779407055344997947080510655572591125668592386864986691650446394642090037615831398121182916886968312052427607538769648761255733737813598919645038434831347548023699139950307038575274559520387394970575382588338393440672251943618181967487984032405540480850312509099782
642674799480764253805105401153698840472979473534425656074876332278761717693106654234391591819923129326866879466821446021167310759359896269981599662638708104710145609379102438614097017112509039347146440781381552978163877169107470100634731655158238047217692354609458972141145349145783796402424760066188
063933446433521223449151079776294476618160675469755213917246849065840182557141361622965795458948843689341457218131114571250181145227924244718252002480334715500859462477069973782584216756940070987387891870888038420652750646845366617795733967157259892192009892081858006692096758365361515265339421562654
311480017358419909811889201570998714599465602053201702712438243065024328124733940531212552241392114469204087900283114814758235500086524674307672964480687693989563152046999279279300669499321041425504113908133114993319894603901622957773949399381517904067185326578234930668104893359764558783481674040323
761076474297993557877685890676854322988109596503434258279893361291934592093305427772527248046449332386601670633840827364380351469413219953843563759349232717680998523528673627305569241915670031779579796303820517050231297719207352070658598424920046509456607087205438858035490704923227578392467078736973
070886448597159046624644182976286860869906116380576489111946420318786803221300044164749262314575037095893675369488759117016436834868779206116865695123332523454723768334039273627766894768337170629083382556994021751369988409435603918344912181020452760758309277257705201180061673031981466778722882913209
557448974345898679326207861654216529523095601734561179343408431721821872143985831558757058428080287165360377611543057345504900081471552656644744127201951674687394776944023254592568094921948432431214528262662018006560218599442409320770627907253981876383059228905920818839657748934340538414118608761708
687459495703711481035429979776221234053998062413164192305271595762357736581430550081508655987943428921354163624284111505766732282275026528583356037357327707703978129742262520864662673449179995225096849107900857224838584192180149437360522626596747649005906149596193251444483891496901178745145638898394
050318972888359917176621709458886434418165273756841367512053832811247779931573988989450504484716495337121569232577653795815638809486412672979960804407977726047796262123385641935228377553833030072785129067576534793034522751138982172300817210424241152440874259540264084218944316568960327911832728566012
371412962646063815547636553944675794395507940806725893443789319048346371490722907265278430567109713027751126225918595148123943867008522827398186894987202403404827735150883645511101027022951396148829488762813714249123204939391132039275114601395815514312068530276199057587303403416270336773542966504960
898371647621796075444300554760078838404206078995404889233262260083881390668930246762015978359975697570257131769732435877118251999286217621283091083266072869530051045556987926917173049135143563504754898384493917903443205744406226186392227237098297023266537543861829004867277165711441081974408235237845
084984597719519391693648257082752084706654546705833131234768153569264962268576813217003413592405398771756740904270256647706662221634476749769932532134512895289134903953584770082515376976720170377820588953096579274133230314512886791352874294198033405574732613071999454380265752989136545959121060404201
256593908970831095883915978868833637453219863386825106168913934499752618257822982532188529232114656274394256498050953960584584836327858030031054709655742362801435393396645242954836763741226083562664243532431727884092382681506757869127240854329663418374997645336518350656339387002443691791153694180808
091003274782502696157836095611292566810732411192909365264212679663392064994304584411086206663562954149679636439864274092404046754193521612148730257100562498187609567022037833851086106615888440134732787111517664772380153401390129553274939922039515642163127253790401548033644212779619936620349031168894
883277947384806809088804417956238127865353524517300437099367443822680556104426368433322624513299095334241220358360365317712778428812447417372169595703672930277402907361722462086342926857530547084717307829278007041188637964742281667289599426005397223272001982885870718669007569080051473598418844378991
664015083798985509344177801341170061697811643064669643813870838718236523705041296163285204234274460224590081235172244298227690905240553844487158899014294404106318209851663372212946738511556814380039966176342724209223053705686592350181795690767440130801583825156029582061038599202536809915406169139640
622789986078871929316819016728399064267737497499230973110440300774296855572031019025044547313191886154210460424491764561202138599115585260161156836784218187006622719822327168314128734669735940086718151522624019812846654132273823089782315544466498902716297711029765602223859945510433211830918433359020
400679918772177761271583307565868402148930853747027528624290952554523350942113719668747237649118004026632798329323180728789382176954576210680094193734231933913342824881859224583057039343938909143136605624251760751557378834899053097917221691503505025661891602701864704118511642152492286385377189792461
007872440077388515680198582955466027667994000206481170031046511751585662273711787167495911867052324452613958122854702904362220776130509692934551401034348557119304840731477353633679130470400618309901361459630464711224295569040568466844284390524742800563388568242926465869992967338474814466921952189312
927229531281778596572509732694238700578692956380727814061852674874038605275287996146069409080903003960460545577975259040904313146708168613767864622359014311123370588000497768404167203373762362950024535365296484137477322780889742780369889594340527193446147837425685452478020806943285109472616589965114
650429668005730925152561473801346657481577778937502918167958060866644175320575682707689930976838641633274381935889141716134713033571303873919336373923472779891035363039260083998609604522442432311497809824005531286692014245117591482196536442228619182154103471242518207775245222661683672398735849607537
455715179796968406391232838059661848912614141833868130683873282531010234268554179199562469131946647552397479715338645288669290907510223440505627549496738864483214547650295430627539195319050108275849757336936141635968639414394494882666743628098427414415385245068536337098724334491901963541031285079057
140657594015024642118606983013214538818663375324226716997294400466334997149670566263306866713149422040853465131115025865753896288547381402765356738972422360930710094420696006641372020942774731181987635028246151384080980814181389848171410189516202369630985668565642850921641275700747537341282359780606
928299354119615212560443583012996074648321679212655911233143736560556450667740830012565304356515223760925638327283940433802665449622590001763188089975246581194045185419489587529832149112814280523970492793883963172249860639731394375716804917449646873723319921737680311766144331394747612329161216987687
334396826565675979922914846214128397834299980575203002138589214656236712107507893326347841444565917421002559832382052453855924215270379393697950309330327831728736334704246325922739982115824809361073729156639756067992632740040041790521237478259707982441865215680633974446759850119633145665097130340298
134826769182992626965633838592441402139639482135201166654968089085975096894026294508694451353139181587913400581891235622532548749941976929073642266687183602301156656375681582514642996937501549851343147325143117941577752480817027128382572641047428431330513713041745578324193966230019664064330421381189
515348743844868149874751037764378544093610404099100152883348825233513643408359666040907532300737689617214110234107864856244403623260392030894356187184862360494180882207111203733208620191253358148796528399668182230861322005374824139087313751277838430312117355135145585445087354409528970723482605334598
053995789375446822833194013274245561947761696660342061524766365372558804824817977125396123208840382080111735301075090096912939694522046459237902923841375807869134371168680033894470934856846303795195310783159622972686359627833112162388879120267805636325083601855304251046918099395784300449202634136702
945038488336034527175135161596053034001688597407452066979717440116104783168507127509745899634131921461971045047809805563716297227140167181190542905683047925448633142405862450881154947794424087254963271405227013428046301204637349290212948778505404979446289262960338556495440734286179366635652955776772
204704263207971178649283372902967874879264255564497610315631463192190692646968292571482415072074429094700985430564218358687992423899750059194795846440076008172942946530262095848924216633587874364267157818787218667565010916645245725645447684440900548956126155911417078000034539347161837752499187933112
654952483945921473491005852271959797099083974504132377422747439715115921857023973491912006073800490048667174653316069069327909041311677350507109901177013731147416579517559574897824649486701850694393505141202372795313373935921687566049713514650139454478874139028842136681182030601279081163423530328836
618321767972037213149930544651343543229551496870982682936616663990285104724383014500724902532237519517003603078234715660604707813991093244776757495444928720667699028936623663114387552503838760239001110620842756320848309058709823902496731856661599701833217334995831660889805169840675697396330121474679
124615273422567016329916501755589483308441995124954795281765091911434982253024829737851161783278566768233035253005474799782112124858796985415494095879507928799040408686582523187475436609729221778401092658694115195850720261323839032506807403759056174540002069159483938756303120158706393332617930878347
992501202938718046333340250387875772000364684440861718205361516557499096305491990792277866133133610183364790471690714675435942844524564764423832209896607221096381603272295301970688768305107895230225709607512067572584527830109236842518986355532186379961885772307038427672072190819967664567908068085498
606203964304863388482375994157354432551815464286787376195286973075698859409415281723976619867901668634753753059570013321718129419210503471962531941526286396202395906184383835194807310838649769281074951905510587685739850564219840722653127789891240777478773412013753730261726153990640504523052996839609
521204394954183168336736938494096457856046705760258797109880186965476340360550869284184557020745956502412881731405718733407198398679499351248794308485969492484192278096170895492299742071662690950207626933482200875713317214455460069373382121522299978843276365591991506530693279472444287246502071221875
321796408864887051437273366442889225724927426476057717647163112877906331077552896449816825925189065555944497308032157481060688810612162893475226502742934359956539762673317547912947692690008846543089597254518923213369350346568883668135439795988461584841084756975522935918917239115785914175094122343758
874662041797139636604338652150235220197841483085351177583829133198814321116747384310569814142984855146824032775792387383913744573614132028651905523313434756414320434020831464295317035794494313619936535765542203039786808185897440942346253675979908688316742580205678472889743565637488129626151399618485
301455516967137292743115368544620662075601437647215902171481867535081964894959020285943190023151681074436496741780617024739471609425246427422623530218781536877648497737952295291075602169453991151285384965573782421614384122846924228575067058027471282131450775415799508136617984350483742444803746259381
653584922113204838765994633539156898416908726700025721560479470947063550470619972241330355936102524501996944374166231341269734158820838756934633970966102071459490665399718705580899358381203902922284123038887867304144191151843752324415626070638441272314069263674231922514933687776724774489769491712245
190707413249142834383949998769001035147109374264713028866163336735289410554654313631429571236620696448359583105574569848461866572940389884794649436897220033186754454474461713632683189977870971352003680297711130078534601555885076272099097647265557435111914616211244388280141363121664875656889166837736
710230415408705006938551658243070027973735312013662308208513086979225591466128636921021916620213226909609196194549562055495501429589545871658281445546860466224532442725292000121446685867213974575696882617949715812242155853940041800663377756205787162726701486353065245806661932237459533148038917848872
892436164130188815400942507687325174735712057045982575207741656275636973092643489539336021969270214686409118840561525443151253056557079479658360892160064402229716056364050680342473317185379534184775311228951206187706505184903677469245850808244793393406435615782420288245742428890318737332233754657422
087058487225716386248744864737794284349852988055302982280012667043293608773200307953071848300166590145374066327873482725370376885769214821495844800929298175328627071304666787413696607204412386707312496730823172732808460160508342457436024928343528641917513788764856712967498254611660540813976334617216
130253324820095736849945391652151045564229596973970558788318333389601394270217604443532570692738399513606416103353813355512253722302247362821705434367822008180885592319777212128996920833775634828804223211422563493667219246046501085611524961466616036194707641401661656787034336724333840643492774744026
196501104611690491496935203664584203458564139397930648201553189936542021685086448565299657373615621041739578530392884744531865464009260193568831697727050524673262774616124435638906374959809721839270557216490376702623559192390788285058633672674699940264668278635319029741598455514569693836066853027916
717621736371021839896568420534661866285607606913646557520078344561286670084656791656644153370848571607342182332988065347642276342589262139633552644190281981993268283622331478161734615097829306336560796414209306031337413306129303894247157511902636898672904402214905168871338414974477022615193675149040
557576500901808962529701159208490759217556985039565028221110304513565805100352938499015726186963935206497689639810533275582066339341905046212009956453576874146500050580221219069289330263869411701377889228891967262345737713798761615306821838113547940049743565438440386510049805868529280973987237678485
798793422361287997214652475099753520242853751396090352829092719473499011190692621017981671522689991130487445490749379272058707147429356412965033704968642542074991333835121886844224068894039807181229417250571076473547285705847039239612243928233289924499422636190820940342251498066351458827479064653826
363157433248729671851005390418199079914073611613009528955188939116241598950465866206620485251827384128540158661413580439391997179092693113996370816381956318987464059685818216267937143491186423347802846247332936761271195641429524307333423664621947497275282291165947667476729017427896214056745542293852
439504967763052611279499020419910469554234378986943729353242333480909335235646038322102274864152211567818537944642405164033615244258607134676269126062318687124545338667138118601416116565503564289935694419189064780830670323450867584442613127658700511700176440162560647506251274977254235541464390892634
434714124608691874288972051451101321024084157156323598095215901988033100445927202344387595601468567873281725439765041001044014940838057767270614273997889411306016877257659305996901856907377391477283704595233030092356333386330847572092432337852326723153109531108280748867564517930426311051920043373203
068199485968003393681213954619488778738486436266524993836327072523783669433410351590015230976476851588903065438357152013604744739993855517998580092640949681876784737150428171199149438352146699575689164373865960517837007717183983039957607638001187329474761685304507803797107908806086646041957641746390
566195946398994219272842774973720029526878045178321747223674845441155165407607433030591710399374086848486939380267819150336541033284086983291664411802044762073661941444001600214187497310479856065719534418136660501203187265836936802837241850541716495339356947712110520508091295440700464026262025540954
864897790627154337758409855220057337193121399463877206175017499737336705211658703665342091752405259406619297429511710428870124396600445372817462429708349836134569295944516667751168701025618913193627681055697127738654414708313620289765879548919451154200024853008934572247409762733566665421571614774553
780721846304124666409980837776491142570656936495224262414260453970235052932495484620421975963619031287995819009042636250171540537718945992306943576143349035787354777920774089485366402216818374592365666788670096744807699718028847863536530659547465241178339579377049093569768507283369363326105935083479
516453806893093777229676705854209157760584215902268008424109315897316771939769874520126509654131749960195670433060662073291483210339697917014129667660817830832821749198150776693383745158136263134464954782069413554383122590637749446566508556064995087063178802821570474757188605524494151557813057663876
525812449685700743337117909294471313363347044006106739166218586014490158745305675823831696008720599108081128230119354665460984320260735692340944411753844063183325176331610392577098974266760523639054517483372997107114181486995289165576307918265955393765923020216392313154678738821929801744258853641711
975380470754766442066378437486393528239423799835912573524565263959770586256911172536018444130355003752011337840660534592439786136290327740140170545929648598935288071371794433520464352843508249336545392705490078614757830627215073716317122086475949542457601846757721847744711948323543025608651637122922
622943288424439367731685614726975085967715476111036176965191604194152029981473336437446831029605905134288244049170416198756728489730053695727542497953480245374469537655987959322628173962867154159708131949676887740820818668573741954807841355462291456061912111789262702486585650492957718383240560771380
425878202367302344741354348897157559826938203112959090175547660493485993861416469390305962045033869721541621372441259352164494444109365465010805068946391384243550553185571120065779410262769294187114204533938770124125226548108290683817356502002367779588061486551807876628177007958470185472613399191785
324941823726097804986564520627995074825076556310898256739700542710803454785874280556960773024085908617694729722522239100846476371280908657545436066998450482498020049437945238869558898553398087672511559281066024735118681752130107737967878590313285931375895786984983144804298213822151910039406993666959
816641816380795170601132467714592453016688534847446592813387942521767094425911112960833608600445555099685293504299767236102164457761754225253435395817705342655957679594584103520224723977266792254662532357152161100781369637476618809773561994117749438468095902374258512611611121945898588644200954156463
681155112624066267388750868237843730027151172922502943960297283420692503631310245539236007002296059862408362504228215427771071079117094997236894875453276355911994063936654180229540553306714818362956164710195246956161619520171339958405117852286522703399961475291310534566620416886332153695888393716219
668140953807172485665031171690013035170651485256261872995610032539907069493401275988902132347591202737894917453657752458170668364293563433288825785919793396239690132474837545821275688293652285204735008918638668462384776075421985382253607285456639025380121538819046608794250912065960909584187684178085
069701218377096495747026573158988807028718402083063122765386855318978921662201890267134057515457466539485826929323214943419256213257618448361850610716481105250748545300265688084501460513211676639902330101800179937317939626274570210717138009630884739602900639558349859454384723738846876398508447682641
198549833984999632605799850767680843835679969519252262650821193571856855735567105733559019446227925390212821574411548628599497860868496082436423275393225988705491958314031267753125124472216979747118992246813724435149881298762810292938769539781981618414299579305039795527895226347453876556827711228591
540263092235114596468662881442318298338657442491661758775932757605111380536547807563851638297786717587883394161917917626924260945543097785377239719920424393486155819165654980322943118091367342737775814309647937984271512792236564207043595541131418929817388463884012073725789591882286603727525030165009
786790647218549807718938532132393553463343967634018232949045452821128166210522682396409446335056140947901873952265164050414234314951602108554321969728890886953643301017702001154418157930104031056390605266780418986545566969308239185405840887640977997786343229649816779765567132305153532605400160251836
681104010984111975774843362545337348513930783277650968009976202348686335542735814211098175461829630966330593174478997435280977598467468791157221613289895036068831074769262139749574571555060803851371759657197481197112311951380880896294307346619862733983980294701747982672927185151881867404892370818627
219333748198016062565977614616744788366786000661259753988763386384876431771063088456451999359186070367727929361027493732475103321351756202549013616125423071925732676868401193237379890117817641917653081231335070261937636953198301633236290117598306837721539709016891852813047222089587026163744917296032
706794096515089965539917887215747985548978697930610945135033170763807179704813302015288093043625514458464380658775757999844310210357521432273306020203913269084086004758293860620231074772620354727020193481832487853669738823062726606592167365931308872778291739422637816881932310465411437205935331501433
314441355372751285470308577708576207847964773748974816533928295774717571728589700568294244009391699988854909455195506506833641371346956794562434448127820390436562245188826146555577512952306940553008249426551407850644572179720485304481107521016422544937816586534356530836466987251423386942845941648702
793866227440567432316914561876398237953429306041363737947962673841491760133306157514170594291917842173569145706571587340171200653947960903498442342133337651158708024809754126842759891385187017884800014025900448558404352723220905954946844548075518264008984311965597594871351282712046561503106140859945
230489704871174309049098893696493427113922858370948634371085342236738418795526251753086050831185441185993568492247803046084844093656436660566880654564202827910600410195417697859450064159894062390848354595646378947315079256335297100828484336141291605082327569878882962039360787763071548867350920509457
963449262027695269392172543474137249075397153092677554436134990195979383187605528364814671938800191072289823690031446312950317473114383109224749901354738084611513231301953944197124015619599354655234085435095070808588618204024570873351882063839057091053177831688579425264419196120173968434227082310640
804618714056903670701625686769348353119102908795291697326426819634134573542014757533639548676967016475935653237919621454891214451909143386769121345264122514743015131632628774201629037757208893765736023973924464708021329290421394268719936971459835203037112963806857718243659037083278449742474346371842
630058164682178843541970469202456587342049658445168339285345623553649055991204973649472297446758778449862477424633856281228800031553440434761315008756499266463906459897417913422515726505408612121952560751496740542714387283735323740673236441854048663730653251513900177072591419183958326138487344138944
961499481378397728003532822737130008560164093237461317327844651708700692158242252452545510317085359997976079697764452100375390596441772749547903856421053059333929031865456120544152483266836760740484242010361816852192529656400199105050595783718935010303531157525445273082991842348533109806795336517555
278989593097031202570121263903166233419347193470342035843358156625770503574343370388075619074221445239439585178949255465097257871290712413568845715921863291495181190691436297218344389002704598412028861197353255724364232725562801792638009117974039865815081660067710162558007811067367425075450641946663
275980275394084687667805130987681298040029126732155499333834500088839654000354929631621221990217227684883725695181599499395937917849633603722561040908622853768317280800998084823938604701171797096531879243547718318535968472544144759541458264020511564713872035296702580129378956169632578387517497843661
550818936988472600020600344621916303560952623347368324915254430473252484325448834356187392083269756769049857975029311019205937950766779665794315256962185083819190907788020413697236337511786753445971505567003452548920452144677505530285521095148481798898134495750544822728899560534460891733583850768263
499481280444732138416527440027165257652579698912290996406180907202036403260246126173534527145585550108949043395067029440082243979429554310779636680415768934931346189372370195528818981942366004005554256857853340710765085573243974074490801735497963350416922949619898212729720864069125395813432773993463
842062280207620783169672169386905208464576842850910133440689625526906259342477250189398387696969529843361703368195418637161467545531602241321087303987224220159172812599563995282795336830359657636424378008050482871997895925305823128090314399055418540794115771047744867577208361915131590987568578821526
581270515704431001484051143431000552801028642914386591504906348242070916097844097311693000950586502931518726404761142529392058661052767264614051897595269293379563953041630659337139227877452825686408460020836340239358269979387029520461462447737534301072362718301859267203301167257777415100485741592922
242025991598047099319556480807236143033466198619869802370501041292644692447670016234432753487954417981198135052982809311222597262404710077884380796120449185911233388128024077154319101950669254279138948434821601624278706506170447795786247576717439950020868788853405402225646194897866536942060911450450
560838693169203818540999125550305137308282308383323815512610760347873420998331752731472419250397972147308139698960640910841215160276801753568279949541273649622952844248605265997811381028600881088555742678411563014079638984614113828712413469804753919429108156121767491673309316851461790784847242139725
168883696013971402959064077718136792836490531584164487402372873116401104458185623693678810388417833463607691449320663169292950704191780539695010270962421958362328620813621676592141702565842679326260431232022096643807405427841322958471518419888963812685385283354056909437801092268676605470791059180493
533476335246562088743966217857788322206772099067619685709865190569445050633751675454052442001573558106564955618579054794333023006091618339950172131218162484799438670007144266685146481663645352968891551128983021634350163005564201216029162121044081748249994495716748684740666682440758852713629085958520