40 50
23 48
36 2
21471790293633990659762362528437281963687686160634
46455236021610249238659178272233617377974732202562
28162622698437395344975829169553305571019579923829
52977323864481371434339443049918727944775600168508
52544579208453076388321866793334852568800467298029
77271794470361914802356733410503775154883711737816
24323480107063416678827000599643131476207644194169
83601959144475166636779894107371149783344850050188
70316725762175868137016832203715231185686730540318
17325506530539355219477101152276390952921988033674
15625089644283681471493585891945344699445299115096
64276241274473966660662230008323923622443574809125
79075142019652704853099432956084348424230483726169
08194136522731489099387926648060074131166187211746
45506540777381572412095942510218171722559429863264
54410887256444248026450923999466580697299896847542
57470761221467544858822127645290813975121752042279
03051411699419808933710544965641774536114398036238
97844258128487788992270627883482864644001290516458
56957560470065042417513196392950959768831316010876
99620670195394865278275390457789312787188707507906
85598008443334990053826846047338239836959179866723
98947253242133150935237252894304096221146080601247
98484835876532466065479960965556568018939093617732
26129759212119707618997960159995463887336221818186
20462800490041340042432754493541606077257585685073
20375283944704365419393850319445521990072662338157
87083071453236889671527812842759808719376686962575
24367972501579879052521977865571549508252327951845
88475193983243159410656913749990162415066289711596
66575644781139056440447736072748424478404567115688
50673929621784094075932842566422491218290419302804
96050513808323149532935177702089039525448327305760
90498565478621122734621187247617253769590966535545
98366301781578472184786205307620024407568565364094
15404904146840206307322445736627083306448691213578
11874780218950822597228799547773873061508471898820
17502270512993097953567625192277028165444020892206
05092914407980443001947638013427527791023902475234
19741724241768531383676713003840439027897913820522