300 300
246 17
3 41
134364024651165385100956620028977540561181164789711837749134177569271068316646551065409093101204249835172886581550592481784231354068687039675626257370230512340611934622029797687572905646188093957640252692269364735316133073811056777847310893182872443428372428479618639583724709980548931992555237207650
223077959477939752190109035701923191947989885267192196635826095827753289301423526946422347713085685453965824453491294099889074610546544440411056923230096053868388251963555937546811799462981514655237433464780210351113354363065153663401797542146471706884574848060984114198100906932614365290867072927092
077259266097983506088568849763180319117125239799862843169034184382181377720894395020136052737450490396440195465702548916482842446704240594115855879711494420975964991677050992151190649832231597066229201020456589094731126010011137147617280989617079481622732423571800384227544731700893591152920340106972
499277280122887294734439439029056489235347800737622537311227057844054759775415392007612196149919490336147736404851808211279754850620560563433754440656351212425848828831080646856785805839618546006884921905908681203042098959732960640393647323528307585081831320769739735601161956814187418182467731141335
086304166969064330214929412279450237582051878904606565870076043947153208653509196113611674179742338211100524119843513834499903501202684367570049670975595122488944190277379703002961849388192334691600872197437240029077067536827576975413656948901570999146631524323846699563803931011171531117998654457775
513807859129703320459676447315248629313474695714846182158271599685624143759199058015623969832378253198770794046617502439934368350664736887248923461441489735722551658289169918181811809439819460539769396080224757754548663731299719200013531104171208682940553585658580248266529744553589905302400168205431
810245406424316702816463438356567868336257393282485132621650502757068078862017131126898981954165485212211420233827409788614481967510328982185502502234723366637486928676268494880093799729927148958764862533256443951653820636047491553534786926145701453776994445975389735305953671173956950747256892332774
192221337278267607228092531344822241125129242501643921085581481414722172889985339158283548399758960275099261924191561845781887157293306759963401176635966279303995958107325719602750223320644284089912750469437406988883662679643254239244997287220363583785851130087454275166157625653697656613011941166402
379810006010792960883842941958068118937172816311451076571901806780426767352780324349024482154740373191727525641101001372510342085425159477947601272354386867248374604845121017675859894813018525928049005634521019477520931732099655873232946480003118178841736727257775800224757097630943846990240188613124
476184545853945386305537033721165810521594072866216946467166674440647646447379473310172949348331393572829940614845912496735773903474202470396457520999741407592119636822884657567317569716316986792686241229111013239398168885412410291535750494351980228628874479715850929816960037827317096771065753915430
547051240475986069134037637328540370070494750233951223727143532101846117913893801367807987392817714886938724113357459675744127467885249428360784562200782408417332771882330858874271398425054655927748620003924254839889713658693434766006362507962656959246460049083906175970928964193316949097631837776990
547725704803519872705718463460849254049939129562312969376995448454746257714688414606110009044114756985041377063602034546396348733771350139863155880683445815473087894829967369905509795893893545215604082049749098193558211918429838018137466166755043908461847421415517525088943414755923701262436902283450
749784323215942828328451013172395316539572095613159790523786710112530955523219235678154616138268170157469606004801134523413836071038312431519118462633868875988857788200256269976174960287367994925747073902241961323105201474344339018312816748699643736212867138001594226461800868812255803584691994332526
498991412177143600869455372117973402640090371788093009340921741975110536700238944817521631527861097852814920975888869801869519888192864532021963995575159500574236008175472854898701229828380248566476685606255197964393674587500616772364247804522235173777498840630722180005925706920674822406890546556784
113239191890313987756978084758204673839327776359922845677158629377037600199532627758971371172694517691090220910589826954907752260065810098496452643834882844738499214017698834173981507877713305056477793374565986095990218025071278229178880734415721659260258634287801346676355420168984006647091947433197
085451660328493094032573480079430237404878235400427892776444994642264134794819173244266258957944858521967360713415763014810402176755007881045013721449327022006563716184782473837678232646191679672872568060043660315976842306100262721576148978172815989537969160425302765972631295295058090488066538550428
463401241446427084532000543083915096019410891420740997489335590820102603140431677600106070428088904395973273797450630095826381555985259174847992367554787765858754092762122583277662778421510107699591644444182900952265626354368584221916678001857654128063202889010526709966477998182990533241936615542888
250427657890136192909464039341358068951321560943539948752091998138650226091231023619248773809986220498653344241406971034051171773330910643405280934625528789408934738175842764633223056914283226744342664641765182971870659678160269480294569825767008844335154285934998520134415538857497260917232541875137
711004950732851891017794528722969507302460064645803659855606865413102872409222405481981205111471136981706823228171411021533107922135264798723892847660864457581076619616751005682409761258078155640706446300381585699292121337888058537877969656216693042234062128648145670472636071948523557158908261725026
754695360649267440345269553937650866123952329725941927359027424078400060253164192776851626326036481839771480291116392515545428438722647895428197671022877550266364459160222919504778869814302869758390126289228193795551593122305527635833733178305651834864309786536450667084991920461836515118331193842182
319165477412041482590408642027736215057923786497577138221342285664614424350702734319219240131749349431113217894925299809476129999493463740299009977101357205390855924890412984955634152831689742973731189080394544958918995897586665367843831638416954025674272826997940138415878518896577452929939383042453
935882863071638332740852741343196689588209502000979717849334369151397729596195291950812128435549756983938226579173153529364834386567360462759286361527264072738816316214580516848273666685041828773933397299198014796283609081778364039779212757395733950100429979490481858564136491052646871781480810506686
267759604627441528934009946421224348552945866766134959851083961863708454723461170475304819830718455619735240038001190588527245600166772766502395575518310320313918769311141424945830935127687526945854454193680527531308590493831008145712004410435254222385188292100423399748804241865813949246540180420285
031397926607654555030062395983452459576303169393683647355686280182038232922093713531772226470234162162489052895979809765299764405139374288868885080435745093945102378768033241589310924336173996788366429229689018523043421384163607086672687692061604284895954012872630475959355631067716382394350921742652
032539775491539732004145633571568755885486126454428531073143479539075295951100012322252143031415242036054911328130758274246861571637618085960652998900729838829877247212729842261305912752686558479758905262734734651868200247558861806282878659722527109869960248491644552154462490524744124883077999617994
939080472411183524934360674430677821991090271856531646951363327563532935405700222304518853060912359278730409407862361463966850612008222361601280358948796355048511664678157968630097374183161974157638387656627583680651954474493552395773018135895975786888707642792878422383666418913929179745735685826458
179667436956254438464533737743812149944509453370758309365713921492287957679592887780881317588165287083590733553576802835271833938731823725731227179462393567032565560834898564610898144363729087973658567732715563049723543279972421895178894293489443102359253206299856292987884366014198996322658314983082
452906461334748286642692516988047492697553098270576062545883087298330409229686798080399863717235727796018082855672311588793819482594473659768950752776376360696364509422506238235645919220714678004461840812559799901491488608687409376572390854656429589471057259170815612718161831896819845094917009489962
870192179272043239526407914993251172607955140647228917662633574304676138805360873118815376407280968704665935073647455752294620047047443974678278566989354958706094650083599296654029402710835645235827936038666481337519563537096746534475344965972151688987739296616890904684265730528567483157952709551326
804113130294814802221254392611682727508670979400879744844982569416055908570778565159561085318340033360116084200697472219966384616138081080866162701311184036369064267476056495868161824369852947294784597314839475938314109112203378924081461959269256446522268787404671408689768563950546700338539956861532
297346787864268857993523368268245576023338120243723136378888609049179575340379135685916741387399539238876450041053310091202554188989110849133536771771164902593001215567363910920069270157411706933078210162488960730384726391155535372235915333700324770374766520712723464799689152623040029311063675329880
593531041452100355952407081958436196895262528703137174710962249028695339351695625816051827824147496961677730981585681108427025058997285155774047844063527496486152932874005047511843702526890848664924840947815327425475021159745290647397482247009471963402382375600020311100115388619167558534104842311447
074445948833415279920681321397691447664034087724461889327253117133636140519162763246617416178489478328147657293646745382110832523479925814545388863530947370904743854680556727226994995627147228746793890862288778374474671192111224907526871547358882429829214064077656131221284578834874061964605306112287
450423501368788701502046659015824801877679477555961042829419007003233715312751807990408849420560311987266354296163104837039336400857039156722695817932482826950613434692870892843658987751088254508491767947891479936438961163309878607847113386451711189479045233096066493320770348037480187373447974797247
450312664380691194371862747254579743547839088959219768387717700016130898705752940058674373128593070446270206995735820832858692625169793565609532016440908124179788360122005348158805980256966115958209956125800575716787863549283821974511454808373212566503820243278356320871192079565321726094409776846032
505109499751908041716240122259837394631042164881067569085594605303524492599601217416423244133712341944580770648000157747601501388716910512143376455636036906488686927505776319771777683393039415440963417961064480235341734951592005985221840423412962939546780477826828755626791935357501061916072718262969
384949935027161213115087771652584397038453272834492972848322955618137804438090354903171225404042099061243829308733291448836429997049678057884614434822950758333913137668999181791575540328798748262683876420156887407756763442390182882404550690595246867469025242089293590849267538812488948603497904981468
659721700373007592200267630628942388204064396288870650928687783218346513008080575794723871155124681104582255227711102277552757949847261748021554709353036030108472069052444755815173295115485222759474220901437309847865791770453457437406733746554307405324047128599370240721016483247509415511597140356471
764521925278466019961075987641341810431855469749215426577741828500467108992403302514267449942346633858545248638353595500027221917117440650248878975182212038386940316681255796119502576329927350222604144920799085614298276504984571413759771551250281442834341229792182859204587914248456397505740455705620
655855005656301044778653293746082733418004626018312439194787577135415597957159421164064826631257182367232769041417303259609291589992976123869779245501023372859928123864411959308599804151756121269780163247819793142598941083788655907168442780074769778731333233994552526881409991527488537951935413885854
433062968712271381799890493336710512589448607924970809499650119383455253118225249917045216284474513315205482563177556985993778751962608049103877055530447395483243446759569070041035295372970061942909797770995519413308982640292367130116614646621138737160238310355817553715120678721944425231923879856857
044127919612601286294361215350020411297106186325134985522905891628497108971700447470439944714264278635264700890331858549775749399014287727428515171020091585516323576871211160162606769577899616465615020092273653711715869781974681137335036222355943446751372780648248270037678921301966828070294252626148
202968278886129458983522176870238525133150805367970629220060691628826318841272380993452407312585278651392514011824613191093571422468862039025595962784971408863221920745788751191494086018422132165449295910620475321963523510640530585730838501071028770829242009046137786787550714040811128597927454334870
390894580092441492751131342788174450966845209795032764427948125181924852873642200991743312916230719330001467255190876713383279270511881119913843267654796849881839949440848031406655780229335283160618890305742115244589368454271662240067135537080327637274021372591047921230020491867926482875845120404372
067740362021638506885308989950186050294146255497618757235675150052709522774976222982818958561967874324051947032337023786868358133996578108156480177132483063885409103404822075548662276537863097516314072656977698065366973395903498130324020813232453589305834280732290214763105105217195202660630255121739
229096781323242453740566816377678218268634002290468406240128158629694762125729197112484988261568106627401597037941497395956577870831866014324166401837625111317488318095975098618165001175821775170589470736330794387155249187676910112528752944760180614547096988661566563700817129726355264949558525604440
824982996949653209266267189460254926825780385770804409742440003460330652811508815454538974641795725217483550306138236670528958897997428137016470427925700280273764229404791124040988320106709625071716450591331607912469857776174656876321573483235525934643578210685910913456734850263707422598657215549721
816070932056469225963056053427522329557990193849652801502063957589974934831694165808704454997595983060401473287996973156383620774644405654423799827338626649236955497949758040775661464145727272866813773155956561628949910156531840867703317761724434497997711090250341132460008067996840035225864311768946
218116018492812705272561049546932447297710943175632589733302646648105496935125061451590786929895099888428483128376904598013577229166002723660448012628577933420036335517954964377574171874054794287970957203883056496715713402065128934474020110844165055258866881248734311633192588565917088498189324829126
099871498101809378934781459886336922955557536335289066895660085326287790510610130715121486113335040106477472996580583536163303660012869491779585885412717549515215398274146040072555959590232016064438863687353936951730709146844238613231300013099209788690923206243470308193940586630213111696035607559356
837544435620947011325402304459414483273985018047354244323158931383487684747428771147700500056268911627240785889825624788056728483065773938197301879525314287376626109385937921501126511229740646095834118323818195679966424282327926113109299185515645225491771920964025039046451565404454774130983417502013
668735395828249489986248839565329591834497265720248641304168907704648495628947543950319208077641045014230828359234028393484903135063280842494905687674473094733785689617515484183312225768106232424688613032343532472026931010991665632078855127398738289119110243911198788757834714388097252335813510222312
942543396133746008599799068513809889464921814385681346131447579567983730013091104953050061768123210795025739577461606437956568741870032019389207883388243601520287591680896273755218181184190299788745560814938397532135514111730683737310900594061157026667286917268926826778265767366112480229969673019899
567925537532011916078351601400797284119815157898999885929894809658153993296577592659670842099120079422623861096274322559504687050920858544211857303112366701710089066849270161145188939654266836728081550260948810864698620698419730809350309332848283452494892427554704722480781594351825560358297154586470
255480980376822061291038398151349044012169147665604343630121012561446908911410773943234951443108526044139308339127900926659447098793114684120027007458783649328002446339847358993216909690374526754519430090582631322468673653677402587784486676183362514457870350843557516507827332113647565287731435677925
215597551149654081409843292602785359960183566046539221195074484647861742531338306791698667977541602284462447710295083807291441981376711670988769241582716462664565006497904412180640154295679285135677351365649314402304164359459696409916359945380476041697059117585996847681951948803583742830339814209298
137767661718463405325591773059703161015145532031049458039628593738648715888292227491370085669750142576938846967171944411720689343866072872069434882034117776869416748939814609065103598043408218772591170776061762113642682970454458164903504021973815033156702993549578710836328149594207803554805915672552
040847389306928565237340317993019879352412632725557586733984208697343102730149300016719240798253930314289797521525085802383950949568775043943819232662905045826925787443424619994936061540479892305733521363595172600875773327878673221101357293669189087463112502365605032542511710200928714947035221202430
682950279349977265778839183583007707574857129974031750742595109999223865268747062174027931184427315004813069525848813780421713219438739727279026487130830218994474374897114205498032767945977168666324457598785917103077810901966439402223097097998843494665092434905203814708607781921822045618085846068327
345736439462571201311823159306673727363277557147153180604842465681074751562044282359264800060922334389797413561870343257841465805993345788736042933532117044362338459279788190529617569750704165215507697948872009097298956152912773565897770159634870066212006356273601515935540091854844085823246221909836
192354352771416222840226662325981426365891411235015987897546495313125297593488798891155238017051683409910827540581163601366251322192349552099665420035226520985690958674946478294557314712260698972698892903176900552506837836824077877961635048736493536408076471384887367664439831463565946533755456263434
002088300662822229856948305075163926529289628946426039061526022336478428947138177910542328787065855759369546956240635296747681894059370078364187355770918075533626832387020904505554180406108442951401260498378219469798095943639488220849852824189347062562683499712897580884292777968010009604376043953674
035918443007277759556476315972996488558981476673860757237830284466938908315793896773639382161904817759427820132846006799516367177802966506869186414084658503976560886043456344294616914058062174039438439318191311894978084682837327448132667905780199133486348255126604917123828525081878979001622541721438
757620776350731112043830353566371474099703555916695347664624631704628191709393765898772413603225382468830779732154887736733383211711339358417873005387062707951487339870142547274327460472538700170732658112786140050646574771271379195598378966530508502372531105415018384498516101687774554340365206320059
076646259474150927609358372703613868591378259259094679821540587295962335801638960719714190681664228865862079237568256651661614536398354490901465296471341962474523437893461765617670036403841239207039348205284326838388165062382133153914390040674951013608070532145512508745001895264128008565720614784271
934535512068334973228712379077744576019022812979194639185710258500781073148051854084237159467577961152801937310843203910562394985949913873580536684212634718062820319944330940802685403685950296175174424163362941414130590213056083300290051417961809126128279932722953050454844032631226275842596101802335
687336672121760388915678328923809447592166148063039143716020987556941495669784449721414137849947546822099374614076550892829278286646193729166419387131521707641817958002796412536332956455570972018149340772042730251365631208821141356734955702670222252307972071868842695412362781332064655776697203928683
162336546765470356224091309343588074296539805219239864522407840281261888766019776401822805438144107107324643044528514957868800060765660028874948786255184224498546827924301992450381700692617433449597204118015954322617078897643175625007808757801597779421292876263830231913671404293758241763782447982540
014599013000103807912592360932934201044457967950746862989178448521928527012223685310277026332834681561672687174008375756093297020881180537698318067217724840127405346548411642298775982604844025796804992003841863432528414144058649986985794449824740729495390444833992625617345641479230323377734018755338
442815075982619118162997577663086356818430684889317584687551901516565631567740909031100875894775828408342265939865973106225098470488971098508114315523929925619897936370674330653859884519564278867630968335982893792817416159088515516088445883318044175193853630329245434811307943107654159246085034069831
770408187595466543922090544373503506530462439289221431461875534614709101194856561112298259037765488899794198816235770960001715093048940133895916605024975777170722842939050675841996419656126216775645285575877421073045118778462995096239739203903121304056114337165817372991221782154379138239318730123395
616789516511207729652716488091973522866968494973677063914223586474546287933920446650896893775505399588811520681245375375977308744718898121228643267863976991746683357923271368428263105142523003350216731910335882743409371804380690441510055512078116279175659080092010844306080012148465683717405649499040
792682939049686166321812618026480240085879814377004537870109510294012372754647352350096197017781899566442982674743267876952539258368624346545019682035138122740624080248665124736245520555644155684836048711568241790172017515185726539965403091398005481130536660312545769153680825292577987431032155935857
452312031942296111114329998443251552070379360933338714800446619766285815105161958172884297533075314481290445078212407492799083241400499863472734303124125985851333325199845801709856550602669662433573405198662372050245895451253356102595834297175587941558061043199523348940086536260029768217019608958903
946169083553305861928032653508862515300237990159427889719068680669145562657474694748594757075473588373610854365050067249806813523837092421275381755493193993346607481888901646439206069084792005832089644735699635984605658976970266050138136304141099307745855696558115264774162163522996882625297566561799
905394144472353589155239958632223433717526243678494244242347032441347962635456857434119642936325665442386684971529023039756884358674539444860389703890501775886634372095367148055256415681624376590118290179160237498227411345701500577658404366756637098267385368903633528073346555163774294695638656417709
922551848998985789666777613424298449919234197767134491191138618641650655918212699447117552860324155179186477646200035259407152833661349823519419157321318588393154706931909179749804934479953498763993837961557177387884899845216216722632831177733908467450830849544213334511787479245628344773330674745555
884671620948689616632922526982450209305674257396372191234304074456036168641059469993692711634873185078458161297605417768186882413300548117943708118585780380690229430636398875390154213790234424755342635819556642294927116740112040706339649529036825956536195223788147764733228933271899776174830220257074
112378976982786938248398231767302360019949815962885674482560982555555967548592559356050745997798335315818822030025461312851461884589538588089179859698913209316787837102767848039486796830419487710182797197447106519868060903103862173823934821580860413073330756734917985446276077590729587933084747893405
176873380621317120522842874235550420614204626048554219620572974114979936064488321804158076003287730803771259075574722855097916871198692758303757350858296339931847736914339376905879644028148741447343832605466439429929878314620935857302106217415353016531422913935130284280700848805777003325349727549666
595197880149818826356492395070922345622127836096374654835987910311212800842420501712478836372240096922152991008888771011041340337072315873782983470889974478694841599850329134866694931072463807606006504368426343247235596542976259724254530162607842325784167992077156431203497816241193389069980174199702
230308668415740928276421457518581753216532838048516848048797675403113844571727265908247060638292368303587809994160637155576955683844385208284257848608495018662076797980263478813358172828151784370661142065237014514734544068256635436458340948657153458971486257428113651652062809135753237345207868186155
179152954232243696680266046810354943177240517782175206320177735712801423638665103834299077873281035777796136983572735024180286019625970586464403476342078146961790220294664666624882486296071153856217217706359310017417485605457814078327599890534916755491188583836597240499875544637614631361808448759611
055150285732812949232579752253910687764623520555412330286921695965352519971480606807994039635087961963545243001964846032687970174030601336062390673013604976100652520602487190732413413849979243194484525710330984287010762759861389035424494544248091426189747458742380143515894653266036853146010219361080
030381794961247669705750071427147788664815224370759816739432426783212299061890093181881890681293369663073335524605804258362101423130183663872493695509792868883571749354063479611392926228594732939849463449363986302969968863457350578215813641259063781827724555435238053558918425147454108746550001307408
479585734648542532044689140050657648202424481649105173277020099520554243742648493311160977078383401013352885247774046289020939416979191563293583006423314086776823822933320201949282377274049415334013096043711781610657626252346986062446356519067821602595581927809434577226224610445168190417968405304888
525817062449342302958463078927623060345425493605775623704003359233835787015473290954727994092454532389758174674457654426154763343858864415636432458012678974423230476151844918448922915905706857510582403408673239391807050433741391323465261040914704537049221236852134775628652665538724197924212924254162
305014384652733397683364646267692333948655646217899078594886388894223202953773039097935617523725074030895041430609014333549376501599133129206373795858407856308607045574109809210527758962149250169689372231979061189888693768760466544909129334482755865325206957307054482687737230309430037016908022598284
691598370994258706291560038592614786292024763611173274903350474238477263858295848638453734905405251065732026940467848049723230583472399929007817515202875309187882648366083745029587798196091580149072098948993217880705480321209089692558212109926987846712113667671986495000335448522740020373412425291948
455939783444200182472496761222763326612076352968289622050553536797502380040394388683015993836435409597219650111338134811832684666958248035728497061233163893752701657415487003612988044189370519242865560239744290182310466512488544498240210747469631453070842010481708635448680409388071894940824017384842
516395296420189231812510900026765085068673348721923458973633047703097343954581528473065597304975807996215731839517088680607122304538622619989842672471032761378508972404185421675568883933934709832915845143635972422608656146723117458412955558026406309742634290700594620350766232092620204879376180578620
511858248058390524281835012230763906689252830279073078388019805751102023387841124929977414980848735201022310425083671109336454402380831789466598024362200051802014948376172321933180364804012242162301593792416935126338992765702617777288302786233589077994400319624109529836887235406887600376792480073234
134116919048610707134952702391934091156816949598146413097637447774253496495690121712185140114412037843058307603186086985285650314112173665408005781295418183110937994475348742498757556179190402970025200228716951020706813458321656264036167545442553747758121830861836566237540067344822440168116898723463
583807346873540173967776290878618571197439339989694592191097169635233283146271320572252446847479730410212514225966655243169390192636054217662655965690470524288857688095387455556434534244503224795493753279353919874996287126486300274666403465007179237649480376589252246891924951312556876869146721065636
570508344644917911975858341721794062507221258791758678472200686363472849469129636134170704038788329017800443018767298970927690238261588162511281403027909806766593487913129503848230567896824380223290167007554000771105022871104702967426922451173493052805230536568344706232563794278040799798332848212911
346540499489327900562430799356550360502165906860004999667944718361196711273111792897608042494771685277646173279778691937011269433507103468239748978518587526878277560130318977583267266753712023118943474773625388684332847962618714165954030890662764060107633130090958914805298322036893111446509238459033
047136254961079215418494805103800989381536315843298112230102098361853015959087243048098958967251342321236577054382918253712412034854525524576258515642001251329383698740015642509922627853347117987437026748949044425539368372970510246920726820033240768592826281788908146345440209061108747801306416681824
202684329658999855625454181799498935273785004622956593293857113660981850028853033929364825921028366179683930478453899183526152286705099309904054666933377071509401940208488355345619738186540662892811227541987354356749018045660294388902254834389205918838858256042118264589287345954650894514023798713007
662145120307405727119447135929427201190993102642531013629691898511306828735755983123725177756250257769366153055685783477381727398013491627714381015555247916914578216782022833838164008895090020891474378954321601774088816034170778412582917429878578486108584280673546263619761935144638142997641114530852
327975490241486832210413937870461816631535229736951063105432215230455418882954377545192168191348953206495430219028278554778702079043989914304161852487378031361552021714364044349224108523922791895569827662263026711839003441164336695821922926506000747057562239835495188607312379360877647084405728397095
063736116219896113928382258223077616181738380413779176986755565544863674309282588839284046199580002905978087404828234271500566433543048924198250908049574557145511758252141590890016879671113139880514440966871969463852401261479564160295502660869809668503574534493775659866175793953188063408546683116157
895225939585848705615437493079673823459878626312578098454990462407439920061344651167568136385429781555738327478632646029373544534233573198664252568666847795474861513174846061680262161105604529593083800643310830140048723120511712254182385082439852814365822040577186573891100109608155646500235741999185
981625946167693649467958504919039894873930770849885972188549613537853964114259944021658716536626341266395923913077752869820007182311309916469573541058948368570534507789382907173112380843271171839812395491727477990655673538099760366966059045305625206304836264374520658528232966375584786756795717947984
845820074028463265597714039760358377534973325755134766196519745808287137016911087829118785562793446762168767447916040394965869476087199164943206482898728499307315421658137808295499321898739995488959197527080145040565461874692047442733887793078463246314129612875159284975684509374521275937015255488744
185683611274772039900897749449426913581550304073634097657169982976937157659433781756214774790761302631098958498698408694030998319472397893406910832913396160061644347205394624828821462072150768202773646770113251146057618986619073090736080124440612023746981007581583643398270915891402486224901155665018
399600198074217532513803681170633625493390075928320704096636487698824446282656765719022124299051678663160178521672414475248586281272216184317735497546888192983163303505780291397056870322599035451679201465475024874562007106952052863043828640440461470734858549593826540272046973971567709183779244511988
108725124445093973442729205917289316773870932896792550863136622267198332093602202647154219014737911482127923478790865359765116798724321000520277024846252871440263963217644622109192614573636409675127127719424743991854393103452719526717991021229178401816566020842664560699668848343362115258048994711030
892114853386390270898729797105697786132755207086493239789005299433296269215163074202595428551994866104139469099925895910358501293918451711833684921879116298201397974960391341685893118119678221364282335173440193602727333052882083990492926462698886127157844584751254833602746739926223880840152344182139
644469861877160852950975677955938626383112122034154950236418743278265182534687925223479699929752922193143545401895073326963005442235070200044439243473084523568492476224426010594408753486364912462421181197255258522230550604759444319785919677203304095694286971480327125752191119898253366398425478442824
340062747039282136600300516501067766996139326716801909675307580801746993707436755423084271089473177822148893368899398324634481830785857328990116180120945604726420190046874534747267760504702077442420545602939142117568454211214452056018944561933065402056123490016960769544961429743543186380645858626446
197902864224947402247946527701637107534695588616254575400322239470745805977766862680149471317980509441696851397421376917621377383522154928558622184477774357300425158201208006305948824250818438802267408095363964689467389910855035613963302657353132254924948728865351615327782617702846614351751423653325
710379146884090608574734791447348785200275549776668927685690422724523852873653445462563773237385964063758937216225479810183564840251926223612640684430169980277722885472238679675191108805261868909453710631645232895825073759186745089156801363546844843642347062452463119016301155429096478792104557252864
891475861682567058262861534588364554975150410638993307316495908687434547320033673764425358625338819918591443810347258451352447590832355110132948050310791153472163394761080928641057864371219546809973388077812342293956165936369629540670451705505131217080839585352357662407943050235508558173198511743193
065449391535102296774462311261613169676488283301197952348017474033896470560401799911498897675890451334332894278397724935757998605283831928985748907714857701247122660912078859522166366999475981307448425211376955639539327839073083523552496136719819261681904751821745387947444284807386323427633948884565
313733626440084521992745194864715743193437915563142161541374131489818160945344784445573868264329731058556343087759027058178350660386704333970221685199435888033516440446715653095851698794893273364772120732707493349948787228266419992544396899526206851400552337126567710332937359550459801282271793803097
753542141404068615259723567011747414188067620563930768583371141585247350071912104937105534792965809006553310868346575241075681520643695579229228658555563357114313829884426240829584933089922528763743424451414013767834099533260864780499603076705611674167418011752725985199458760191326611834869827406465
756858304897173984573172946120907745726101688559030383374788502235062557212070806020519892159054167464432233771885140809373064332264899665067843072157541315002507661598489036382459624800098924718740252653052082332983834638998818852545351037979473369529747616691859802152957383564644315259039288081996
586100581250120437312130207602517393720722798789637918943315536454928302605827229579169076958699401264220979267972331168749321711027771633945474196812595834468539225107206741957266975274860756316704161362618470137319598598645285605792736330697682219534065577492482193616345468733333102557843534093566
722396777681950372397375333307058895587181423045397112752411197568761949780456424555500841744965335625453451922974779591969062974344323828639027812205504745884919690380863465647796154970180795056276336658022298604235792850036998153239387874601889826060236773698726126928910790377248400175432908416919
018701202704447052325918332966283080044586650449072363635193550866120405531143424415574147931785040835049762880756036765279806190675359434874962424257973914198519212594796639928520044950410894571266375670808234720033356482508187060466923841248424738742516351008425179649454810821709973509702782062836
756299572970205126349005126841780353866577726549449885297724205747254801178276192156026575430289331630383485450971764559754737049756080034231992146512188378475012858179573558214834107897316571763505216327315041854416957584858366079586270089796934514906245847035163923770520952060923362711784106415565
073441321156601456853128530998073226720761282261657142989323549694288643908048152212748765991741803548660590547764653669702660574739244370407892259666281354441898744959869603301276030377799948063540475154494393695218816636612470690104946164544959448459958445561025197520940255184667508482654973086771
660783579728125195545387687809289068579848977898081503457586225751325719232927035529169260874980892748385235588502209610524537856009515508782172672408071629799104077708727053564804383246591883375676886833244697934385218821577670192695489854144857392104701180524850834466660387676229873098092770026953
113920544656438923973659780007044484106185402079249484300931202318716786238032512901597749428079285426637999930317434629979781259540711588760307667423480622036903441362365114104296146059549889949842215262002732625978239494980392469714255195942552554906454941396144298559327227163429669174971120870347
025417641321831444165348627067254418708342363935485052577249974161091544661001785066871195309051846676617196602536922338292176568919707934232506893100163484446947387175576105966900942362000928786221052642165825530860924800575710738999725171731105507107748160403576210234383467386947011453942600149206
664621419477851035430285326641542745004178352526803566749472404200949742131689727680922352588645527780771572220729307035999979050686756274951830816928173836999530359679258750388382223990470457942725935645081789394865466648567599466312128851505719704770754118818780611226128519702730314176412007141423
482332590382696136769618823993682507545541648865881782072774612173619179349640840997004606547966159118364744492437896563780234242955841538565309451241116752696677377296389709789343117897563149612383572120150680722372471515761239608729695094485150721172421750746802561195939461163902439180607809525630
414874577829043218052354798739160421681621249734447051272991239912444828500777109156644105606029604760794296397876137017615898127372704832767703013727770421714080253000956322967117697566170507943868931435841756321035706017795120409946819734351648592742819797077653605497908423351182700263011322544962
218026078434049034608855909299931530323554276056904123046490592858738354672503873486320485155119495366842628924095139079732982980054049755585803386533470106104619223822676126621369859196674240326893381046874324493724081965683357082929508837256263783880261858103513048250939653738781218497490465109921
453321822460650524754611528536015627748007966408357097688547891657908681313228589610670746901260551918031363118448072567669085921644329713644917684683499400943947337722298362011972301575883390194634496405794371546096158683578332996428269992752926662624423244009145194680820979289743664761438434110201
512900703751697426248314365163709292002587821896014739978741934634000416006450871939048335060519332376292212540818364502661138844603652173890312483975339446763371933376934838986599129969351552604059266413432324502912273972643981328316989575901734743053669760342799438924026732647010793846514917320775
015791091507330139755883443570175863484838811766497653535454794034505403564017155235724478990449589656528233910735304572149046760387376418526680616430174892262735628140484965985946522091985462905639710191746633296327611615328113672974836247448188633189223225747026491758073931592171878195047964828005
385833620973041416191832367250950064687592168027436040582693080662137123404298473673813316508763585998298592097633891867186045545651500210640284600529990479259574849427322580968773098254115727819623395732629608773834482688830281509833611142720414811255544547418337176983716489746602339089794861560098
967488429274723575452578944562401523656314895265304451242993562672829979113350396243244323257921070920077004511796227095057139926197076874499305417399265911738338958084909597794699530694603932155918831942313620006055216468566115295464926086586406993711687695028328856568788310475986167463154378095358
297591851511742260336540380126586997433310446295342450917302478968078300065383038643231498109252301584530562667424254282574546853319322657865889721203526948453825819846425151371604994638826016087136909331577252486776908561079693822416120564145772414853194645360542048286061189643474086777064367868665
235107098429994830107205908548463699474656102645732639022455491436209114591973403188207615548266362138538567905119644545047687802588245093433311432006828589580827157602978570695765517418677169800715575341978100758326306968393150613414112036286772834099332726112060053229438779518571174006198178777117
503650139038918636482086173981289953356073789372286831187799274426393318559418934414915742804565288481608649276983892264384668717143462509143276626142582568553562892709785907424343208314872125852437469104058941563371888798168723936088734578205820376364336416443096182254248498693942417063301289417959
530619421137939978926718015950058075050099623050277887626914947621343875108924985461341094061593053340208794012032393491355058030779377035696629820967447249469242645779549301227509336100431315524462578415888330804475998191344050843113975764865216834449248140588768559114901839194163018644723983014538
016893307275433091890928495236880577049263764158075885022567590748119295293592205992381216018098659235176676552426748777141158912645665193927574281727260287998415323565749621199087077834454065595451429566702036068802008417423020342826481515587258574877798317905791346565883966312778028641971387808872
177411971638569030126435497952697365899205974630788637032867701449180982040468328772092915034312665317673845644814725882390404228808350771111895540800236355738728286984041692803484134084433183675857394554512943904768977069902782517550922743018693233710879907944573725551951092501144412019853766458790
634523448899270354056211166385727807883838781466409325022845371568102282270722222073057572399865852137409928552277104741412978800960564515836006939363486324971034106369811703802884891257043472783179020189498562192094387407443755552919602487353528404093769407523297704293783959791894990843864405767653
215854715403272367743277635604384323104867741185420997830596569428239051158950879910074036180589803164149630832149769456190279056581971748760363942903983797478396993757307780196783809481287742212829871054666229597009698103868496513998268973431655484852511262293432059034259418726952687943018027168667
359403133578145586714834948499840174957072225438040357185885040276717915736283576055556990251846859218137841835409116627521705095070167723492098695921827235190377327876321257247871614028457569064944012501195670995921281499994799078734457362056248027787629932449717814400015906112592082860471693403840
585502381940276088697690013516970309327376280936981287074890917100975517561274843187400894644026627347976296853938535975944143290690628412208055886838048197977496065578885852944696905536455644671884970921339069087194941414569347266601569129100590550692436433876132512908011231048971839511391448211459
401116920994238621545016777193647344232950490907386765204001069697618644960547600312554873186750045045671762766653505587623705401879194849931966107064065166250349605697500086225242778882771693759877898291402413889582855121309832462523782941114921871273083724059468019123519600301161488174668836414448
417691087590122267940203055282347447086786452541299445208493267253514271728146563430089784692487413612359974780994889305161419950104406424943901684255798908299446945626131980196559453468081352770470775758324104721116926047222553252703160526798969495226736319156212149790046254973752050388968232347879
527258466572937421347235767823632150545740043198360556579407720683517189831437867083865238369858600872991434698155505062644159992817400251133058694703484302730729579402760636321597010874993907558020132223871403856089055132467372009809469297837703879127652602182705399234312985532246488601203927619102
449947812599148654742248754963015155825570923943250164314302126318076465111240231210851256873082868228065742896063321786128921791378153417506138758851105689776993541708401820365908871729483846176155955606967050825129269374467884388776399889050747982830172557647079602286342733151574241359344027013311
879701255357150417460064272919147763144029241435016102603695832184543321673230014289576897895457980845651912683638288372470991315291915147258724651026943424592928676577839957531229636039917748056430254611330041051121697934884099484386949127836859516810054983973673284886157773688075665528231342672046
369435985399581591072105493991628662553297245692982927436680439887069124301575001966138228486828728435746824765801146932348738400821357968814379129435087581181028664146263422996909420994116745134194991978896608433167887003473688553017470602649840570224844380456470434145800747267503083994241996603710
945730168414540861625316945464292468282776062606529035252406799565251695754620898193666147414956446675058133700035334711394637375183385944057785187438025405266020561813241791101159865392375581526924809613471668438882435561912721110102355971444296712557419288468634311432617748272124971787088708598929
619394709733305055054151095298373934038579114141183695847858653819443236162939624664668161502672023179132783260026330246735206020169440809487886454455992694099787572506457917425919537209946348059872547270437609850217242964050692934554714975596310609520278429709231969701367694889225731264246238662010
049179117512738030500240176751604387336197650284863205650464694352196304453503969086640567061109748536846232994201152135097071500285254698265376165401870204641858024523045843103167055341392204401781056645714592653428890390311080092086263652053595696615050626445872889270110649054236014636480744584021
902822691301253446444889665124436248023492317515085293565463183699749057650400989722380067902801879893047136369446891555669922236932689237986913509803367404548762361516786749213993463201517077837349268339572918061548692127153874964068348442596832509771071107430641925956738143667402590393186026826152
441436491733690511977332961726813039152955349352107433919541874688804586866326210892018975529795715921049014845068206610303591520152733957125809334947780633502165942538979286052947934363645514472516157034651654977479001441890100814598072142622977589378711065808350395621102751192221756643113927924891
754935334135529377132301970627926287184575050245241853552577977673521741186986553164147698298868157215323627148021227208615851842820724952991507169142022719249334010917815632502491489768800613723749820031537534403121379752499930344684581731461075918319723667950181399771479500353113931262261596449792
996466375465550358880714074699700350180950835125566299042478296659997298860934441000195773511708853617518385030842334942586300961048702479507181322810262130483929296401829889865621201538860840563360921412000205079389456683779632637529078353119968553653788096983800406722359545731919220555066308397283
578503386855282176010300728175700109689214538174143595711233046458189634343368637241364795769665570793353543484263239597395567049290906822518941447640996815522690016102142358133372105873685573011229686263788258818931340962603248880390194941724019080194674534051644670967953208247787490528081187312936
628031291651211908016540523053724301238396512034079856646176913363367587340569933623280197131616580159807153810499057870387866327614685697807513098109314834204970497093522927657850083860472483130218261981438581584013428619383948492586465659183935836769663379443072625048399344420727522645343198021556
256048757121314894642065305568091782847911865910995834867510357389089969141265177404468256560610236882553345595525398878644025282522929279608920900565930795388988752770277273149068955078841517058043246889859985425318570196690935502015930335914427397556932677561425710543199119077302121653544049122373
146303912796333722184367930388537994502689932441220779321867938694833331452943247052576184501135428427811057836245507196652429502795332916693405792435061372869138739040067792362685649913499826954787379033641597473484731218866104990046830592902204063487538616825770191118414476437114426266180180315118
642987052583663507028592138167420737497517422886494173047784609630236677592594472430364509994083871862352433061131179407750381115702314831701460094699267832271954333339455886952301137006260435170267189115062932111087569868336071591242309642830326805081090596878815234650846763282433894933630390230459
686436713281486078711413517654051677614209198803697856912002956512676063907698728923900929255052386102540308874742230508097189245722254941832417116056046374639541160408953242356658664325504013791037301947701782408667614257916076059275979137418649088580243296820020199728504433655253333870305649681731
547821268014217266238394854839580072942531727795371483447107098938821347944461802880925986425938292232728011178462295625978773194617771648314018862399779939463104397890382483228986178855127985574953319732945710171018101610339856585867839687971901382866606951262973271791633994614532188720499357921448
139464086659865979274989686373474142555045180105137088399308493145545840204967969520557826059929761486027477192776781482585308064614937351187691441835055574948191752090041523446918673302715178052447690966006895515255340712189638656634136734628822546178155702154946655201329207909491776871879910692027
814164416422787696910665218459965247384321544267390777726968943801609315757867803804258571070320600981053093718116848844619760512117867457575172185124674418298387644995826398628573942576298692892028321325626474809833622882111828864887974877705789172831939266083096812875853201781117121294009656888255
152617352550691915504537488045504929020114512510935402245843547735567492714895747287793962988419957280474082867352372854360929727358637743320753958350062843384119887935464621472879391724828588377347680348494974383309766603937339872942558875896114725075383505405885503021524364485470035569779356611251
114129385245133634695717468326953767720306694110360587332766751363095475629669053602892176084789300782994354118359641977648994255881657807617229982390633426678210116143576386959888766541088647068513222765519858544461247790562732230570476119159916742087174231587262908742861205472044055713466136039896
785946493394135932589100508601343131305582174509783806429000601313138613429503982949318570991625381985524147930569571795729410647202959951354474323391815672395253732394929324616538612544437082299621552607327592100989309314964377429103710776208488884039824233818720897786060196743340049993240913856282
114892277510813955657245217843770209512270495794537222761877730522374331490759551507429211671462965465210712034924631640793145322037795000218249365638175547121628529542171802896038198564538598219213217401043973923203338838394629475374890509946957816092702212699338688911652029940542362187275963791561
725908648038030664893670558902992288316122119806313893862982505437677896142573334818194512162866012640998966379057127034318161091497241352386461414347612491742870713121572040184072955504283128613574658179608017714368053191838880687126349473768482700674488576928983157578877911435813483903235394641644
787591680367133812701678971152774418189717618638625763622260510547602147443896756333688976798584016766303535417663675286859348849276905535909189791977717387387557351747708526028135987857134582192251364327945807459737583991590732563110251596701134106789647533087802642157264901437565429198825225133999
635882930853212154238508610878972501191055517002283569114061199052842196060416636782829326780225908664339864366700237861209476122857564287676283294636488314071422798226243489872935331741555787595782039165274997056673757732316690532533291391175794991566382397392798287979120890169278196437627243470967
362593622117100632282307371187028650800317395854887890886888560876917779769008460575578867643170254624584909848480429228754467980872877024437861662215450589867922661712441330055333345466593224620413244791964820138099034241795359199366413231307982165714037920235008094178931871941153706134504626613311
049390124197610722729793069727842705181239393099884212107672065055498733838238786093717837389326694970389948585279828143818321247139026356892032017398297829053408870209023345214172572522984203004802772360906313670878239929373408303703768499137241703759800575325949469829130335395556604775495188534028
290334592190544289173731084833895790821456237935764910212979779838009281892757758655506164664675733092438754503037657747211751138103829409264827925300477614441642788752519085830553784140405223023417942507341852030169650005313848495756956158968171842336041939293532692473755473447327904390307043076577
016987765991443535124534859066102766882252123188730367675800312672333049922493812131607040940179310060267552888020455862582673397032478118724078810134126700319733542646538944391430306595205855587655931870129589696814402832061919776285796005795649324668264301647497225559648743442006499733612123783500
517091417461651809155778646206129703269548534489363247724816470679640983567304768156790214892667631956389663252204031696592003069204745057357740958708843346568706921136396832970732812504236306415470910453992150401064058837312086496173103666595537530933003060142997887318913676198377861357339774134811
852338013015547089630148629968208082258266935493662801842716492871435836895585449701354887415554547086241508229649870961342524412361445244178945906642736218613738202378322913274883740227529172117576508520328689482628834867983228640732889163771154295613042631249282397224441810930139403039704809072122
329940399776426129675197024246155870858689950042480510118406489863830314582805169617759619476657612815904981988672973849608500636610514947790914042084481738535315738899714554545388432077945687672324706017493120243840420303656891329165693916886688949347347014014044711975415966311157186793743952401466
490782736447256830043997684629052725632188712255410418370932687462431939750873292805799911294271218787569926159356075780430559096814282412753967981664403916466519110583544884971622569120631181925288531742752017817088086315874234042761352945845966395643980137440730078109904306547416537380865470201045
207919547318868541673926765716403815904260648209552481454664763172166876707647551811080438873228089015519060694541999637611097116496876265672906816499895222059881558027947232947298119864666353057354003991068883161237018865062470317413067621542110676176071417217590709233054699232299350305610216487187
957783466715347223805910386190394841269130183135030256739702020346471325867175545551578743332718377755249673488499838777401290927969123604479611738534473588631374414992199968037914055664728733576627881952738773216205568041233137674075138639028452986233447480999023631693876029857706247968255827826102
479114116820738507859246938583951973747791649836954851900944904534359775835411465940333464079544963815252030948091412465198946947510369107187960686563743961932984076459637716044664149900357212271084815395079909973335693593424283951642324696725920845646656133888195539910009342856859153199342794983397
803921488022212457805066016157103037158673952207207867558167304009696426982298340251793832650058295417364663303400145934582094761513030967580346445882064988440933163574386526981325271534872978302742832774500851598288074207069817190021299049481110467256673071222552183795713050487790751309412971169300
043679772139057663762247760249012839970494238041802098143368405743974889608407806564070916074404483054314582842929369398080365853350353999474582255902582910646001586789760690813686501566831077405406371061755547681268130576786513290810824845644888508942073105281407139469945121450795269164692114873290
001265008168747186641210517673605093452401077758162403630820702027021266291071463809892335307617161620705008279708532338079371950937245953665041033264663918301715870647685547414989399129699475787104663761814421542165075815175194173522664340296675005169417289982964139060219168823593412559642652344013
591317320886734538629689236863994893437714679196492737898154561768202565906936816733072239603785502087948518859459549423381855120153038585968217668380212653327561782929933390944242754242841596591755213417834427679794908988144754955527109814526933386794840982356299677465453100569508995311913454173388
172527794828773785826793622534299004782356614993104841483897770440305936340218574175174157949578298192388653165760362176619891848361448569465618505682532526868262950666314731355507306276293217062109623121824035810508208786619580422119943241157040077915001253059491299378741730016961372345207204068313
113654734585063917009490512715887886664092903859015086724063730290902188826405995566728454204148426432153015760301632716005218473397074996398438045427917852001091411358028179212558233145837811332046581186245317979119778914061950495156708602639512046558267442859650328049647278515675607366444159426614
080215908256267445940032769108827746367969303427193697319539839568013911567985630018721374951907014021016984924490386593338891041095102360376063319246108869217799012937179804517303355127401459841852565730917058062036311764445300742263181686943964990103908620204957074276459194008513438098133342669053
070652328349689789679462749839765366429618718023209723673844187741432321263312601264927496931418454142912728982992306125764305064227227638143570718629001826877202396501774373660087220926185654345964158154927016771513175918500676016816626810205033466024858701252011877343177340481346093966581424865167
354562803357662870821691935913838452315509283782083530034816149170247185182135686945531877457194016356751612158631415687285049723345936191214646543210712310534790514037812429513089083803745268494842243725021128081158260992482834046818923430688110919329948722195154342651230739252888605447287686548022
985914679923455703150624448087370486215516269081281935383825590988443773072310421999145057869344653861301470059897064996340585633144392754899608102336534680731045053796961704434270239476284412915845861962336732095855720570963682630617807173239927634174966437866544568788500042406633730257993943122502
417600763120936216930614448387568189484074776548423053807532164549909955380794579213656032394456009048979220747442876980485944979485104852220920779783257067658613927907434516317963298326358870035758338359178397557630398515160912113478292274399123354524233445814712411779511307975540819850025492709274
322996755382705457230093811482216456167873441304742332802092475459820608319013208034723569991743331943900800945644190678390350918300698577201004336738409488149590068217795387830890843136065347111144675406016218421226241338586046371919637697663630546983150954613952769220765180086125858776308266052882
555052740037789544195184861573698844329102799987324305556571547759186608244450770055805222317051775546218277896672239981622138264176813876124709698263227961176027175178117580186687437658002227224719676301112659046650077678200174593625638283583975946508902990728869908119231945317428461741751347382071
975550612051577953648655432240231690198192858028457605465092578932705033445911297574149728769339547909469683682502498771180042228338229385299394406309361967446784135735259214316898531675176946949428926961193486251709565093375786587055382403961200554727544580066984509567122520279823934577077446339157
585231372231874805321196353603745252342760533192125453049739233407411355752644965589581958220822922073959976061211903048747419911787664042123250066638535701196773517481003988624165450805045986003494765142518472047872008243999975609107911298575944909853352495092850466250829408420083460437109057363046
161631194904117752195431691053428154327874784493897797181754010858722743867792520797652809504691128662687490712755598268284486270057955989236219952018414221848215035064084025601564825410743822344277784028094982143569891511316919048955106278199781265869072719111840809007752922659502563791900249061550
908729865867644803366512648549247121665230009194355136814703628182886969706792686102100449237558968019767676247187938448421899794613816252705343538879759988096016654787629454927908186789943173241856020866517733847077088313418710406330913187935330772893567936922298587922823586958551763525916698561641
150095333283077164685197572654354078621426597191537479385092129940161077004144142385157976602897019860655750426165286831352188446419361920229742284548009389342970862982095703696257771019500969408557860767911654162037344757219566224174452577687219253317434534142479395860508112475075160946727041288872
706953514245962472264562234290067258211772334668983009182486648460358640374956966973030260683792487517219743460459931737977746112666275690514710414539663784243738617574366113887077949586392839366176411496413773141280323573176652531598414546458580776559948500042737817960049811377716435656742674647516
276484533829897982074693445803207722174754432776486299203851715124368097125556922951436514826855326572018992159297854370007197143295716676577689351215820096185177388250241851119319049655863489135971123851283184157074496694122418821451904759857306228452721635313451046294704537116227307632635117888886
118397218162059752670551428553848898225300225936685445024779869417597965667944160541142954282123769587228356131838083097213507688131714073151907256453399092861147279448046453873364285262639560541221188048324200348117439087553595831231420830815660431696134794384317907576235881985275221813787353878463
608198287833321733194505229171468594137777523514230983590026980129071969089595576596585911423365271892394065244538949055761970181167025384808572931701683171048781534934761739513521315780453166807457603353924376687009524820631264441197739418132440029284790223693263813241590221456867818277203549043583
372818213301580537443652192424164490155032315805128923394074449130246816588846846980075468038056633554919747769632991973603788718790924688663239447943372816578249332881057643421752815645295845703090545542772250877410422912334077196063343077255724308373226212575672935623576630484919579992607297204799
305874020047455938985117683031005639455224385170893441804284363706313271992329651288371460978789995846131325953250524522177029073654632332784786050423283743270766223106014600458344318185706791140534440350996065516363871661049773147973627098455777857470057532547788126091600862693372521474442813284457
148381085533247487564206211184127421930289276110982016254260746925642783026234390216404534537706075020034443109475860104588882775940754948292093454127155117549127002781201187641054352611246133188585398889106030177893316558974008223201042675506962198354307025776522574282759887162167493842114201865222
912559837421388233211432295378394176946993616696042018344357588535206370606472497191512856901301915169218035061010905955083281895222343880624082498691683630426462962675196536213814992350827839708973875645770838264846233059854629098115867103007236887680224916917575051455745307051094025803513959528072
930555501880723073999611069929028166194747436777401108206514528465831576930266616738120344227002365152557527185699086962669553445257222731588205923002297233063408512627576087315550679078162161938319857304244818418038445843071577387917441254133060964643774865735310711618390235902672985221025340720927
586087371102653495741436981962500720066621998239817733292242719020790121833751777563787802060299849728807486278246090047442550313305554533706130652033522111282910111684448549158687273538756424730783420935081668003624268335374794260077698854978583143978172267851835694565058600673510919865205601706277
390711594666118156513951461339352793171139742733738472612181828803583240129160062945334301629743366915440554512942612315408315200298089424497575547000730221997467039613033279616347440255803815944150290493982771349696010508915745235001421110609630858242564947837647921365135612195018725081423236183132
155503826988595038680638449706233898457030730591134107219819833498162591139974869532988945536884117181868220007102099518830563615699629305293850296227280949867283752119257759237738737045883274987746027354411733072517402657197626380208384754965972309414545711064065039489918200074536803203147376873811
636097340494889411200422429056572348024339267181105896951068931854226528348138605422059546597002329688595508284763732681429311208869423211381442913304953047153304679508310113122622805995074075949100295994124132573327567417240501962768159614897100509393308167039402971238331148903851704894976770025000
768493397945605618691178748968120334881892874183919289416761896965551895910870798609215575097748313404888954865250826271889803386554752578543992581372912279835090657562633647958322124067852623042391674882444470518772042542213056412644497212788469069177856138971503378095545053318704048320154431015661
919252110649261622188615371252746050554052553347390300228599288790821372274046762012885397134187535121740168874590720026490805539496693138739189036692909317046947145055506726983382811589365957357603603545095083745521350760880283034092857305413302614370439017106750102549257431191234372329483822334115
800535358678905828055257954300581350346090256428731616366928972227755414239102808002164679894882634860561029098039494205348752422828829847766392418514717324894102483819474467842882721326308038502590247197522032121624849951378418229590361832565514392550169795983596736887672342668874308384792672564961
174048675689158558495737251623516245782661636799478499161108885892701768172532817615286199377745197767104959602217001293955248934452879427735049898000261293466406697162500402494011256692667972339119977413926741274610176432932496640793982053023862012602351897957222336052026207322509702392858130851722
015891972996353110874686417573783395542237374265900899631482286376832845313474348673045443309863393365113319334090607353001092569584404404596907907424542466027681009203501527234179797772270189470149492899978224184896783131912048590236553016892841979436489979603370353438970438985087352424635992151904
730226052183609544665215966203058437012290472698281776271983929667592952684839128508340513284334976343324313223807285759972773476353018532271322097442920781117151316215774047289558148774324889229280070512065549164230408507719123428894867550031127416896152862348045412198091724077306624900098071139165
055857354238700260192202926952917364676775919652246043422254661499791722605260790064605092196332906779798405643718710327170381051395521171254299843547548602867820423728627678497311543338932456315016000143660159150933340675334575768411335463329282695211319827808161272850509516309701270985406304332630
741863793555691384982207516393495335317026065945263952692529279673674622957301438873048118268386337347295338221004318381066914031016693536264050530297433956811748191549980433855191770813016636042630055146506623746006182579674725881979865416379675754861879129474888723970954723477727610864241388538402
053139807588351246315214652812599278550054209269272497160111485060770311953773241837499359561342130301780740880363592494446225666350337337567641783256872704706037052012884029759099255925703533680426355231182368888623257128105335204436448346395973431099285186036091926937675829714653522685525660650795
572432490456339126740931257591963337888725802918421257965387854043936301622386785299039783618044810146266593277344933393620709067925756442483337820025613261230953571360715168633635361331497160950644105385916662579905690486498391933254943070585265426851996677770203302758653578094064261381827618869790
315864894367037517933188886566364635813391966086525524220984397676636190247698034423888121903232286808777055619238817582784735758192668137277000049191477785680308620026741536856720578811853222689254403967915201139538272421657237319965410228458692177814901985484317931101591115582680375235446750623059
500664638510318635796884069586849615681911554645149949272162452185837059142891666290846537020461102319434481338079653585404440479178220128777856757909038148846522473290326131844422268120536349278269758721244802625183465571627843157281138649786285962526805630143179841003474794615739962151795213534139
193733093308735735421897037700764157416807714501496851023474849268450657683798590975484060858051935490872989677252194629088718051569348463379059469005650054024094040485676509682999425781110045424953115594909564770072852856991039191093345905295647623399906771807756664914624416282650022292485575642814
194906029887475656901392113102745251942229850122980277233999507115205910757457545820646705052543719540782465760738071579973591210930392498052469931612531364972979721722867247963997869140757283720518624767965701399292042093664259136919661766210839325816472787780720076168629296063374193136948179921850
882304915078380550976976030648089985757952624577814145976613962030054318690141922507007885752231542290657055374915502082776344481282185999351456483769447245660576415531436502591949894942672437845885193627393567368251382422049951205333624385424812286916880912077845244734780539440932428881609899363428
329611571499662478723614359119118585056263894746640172846735782101301514375167253028803979914154643563100001179074953143802745718779286827789099188258763659592767834444361951488265321922794645580937471868602027029904745821403120028890012403193492533087498189143083345928663750061312673915140233843859
197559543485612053270969828502331160926230652498491278511981087453485090782514029484312659113443694247129546346388262243491544749280278464681076171647218267747563961073566548470074165274840497695702146023180001816913385323354321353989486766474032384980324143012366085794505333870406113142368368690799
072696200670798291593641992856474372113257189876129250629329204496730149359784889121436808495950907461961619205876175682354476031258424339081552024191138907795856411960543704216771271956914707332179988093734371845548595808921775133981152498260006064455112480004448385980173291057287467395722671871269
005525678539684031999595643033784118616082292344986423935025373115961426903400673186242245369673035070356764714647495550600126880579929541507231173480381994032283235872353707465493206137672124886057936291561179320561194021302441253241102397731466860817289937720992130350103051490813164674062139646963
302947452313258242196051686487200597102749056103756582195574724844747446557364014108810766514531552879344895474995977613396469645316546527765967150148172671385030354220748569473956596441894627279194527734606947301897284942812905674789701319630829100145432538566435198868137755114980100200508622217132
722311773403812002708783003971743488790787434599260759625743575131733595669517543737342062803421999173163575392873774221923334611943235973754482682860321796462491322980865678103554173719010494188095000083263476757711792857021710016940626015103805670784430213903847956399942533390154487687354286017733
370308247229012642089595888218563859970846106820157115977185152458654170004582439186027379740492310115349846011296623268751371073345424202649459648265687635396110385537943506962144089738430058682197618258640363991785712429391568931920326991700883857188386288456480508702355287680536478476956589707220
804186402229955831704715291162295759104624510735106454401109968824660172569334830604519213455513093975682045113396368817923315540390496315243163931160424077950704019748321024306455420242810799773290751857579878100829027318052052878412101276545462377969282530188674607171597957365811505055416083881976
939735995998166415976204921807011836676162290593995976283514098203275509901245988039322937074549865742572832010558084306073254610546665036113660952706497954143820356888310963949306923506577242075868794066013018153198152146978824914147463648907681928815051880326910635190182555030224088076353811064892
320324887196356558316483929429282618809037353262927015737328467959576357682797079145467835005883579682246030717364549259613419804758591412619475460407855495034487233109491576156806463564241261880108703802415311505215062182363333471161065178582401696029710347661679641490253773719657283349257661554456
680645598833548002491457402958877526549460635884087585301739734752884135317889244884816112324022610898919748089108781334097369116730222666764816813940246422087184570848444618649319834642400412801673514235872439301854834934040673783013905815472204740076354204273220952300615242038533423126087804296315
409811797699768107995483933561746724144041692415287315875487941716998227230791894988026228364845488912943929728234877198346806007290169640547006817470403463840233497685860739189568856963050638914817761132893719507241076960473377921620975819304316290950628727775383864142623794949347385825565430482584
455565507880844322898010895571362555518995974276863026666585778054040577987215677061232398684637967567100380267896708212019919452016669067856928816256129431787820304681565150366907629174163269672076238270674465715191617955851178424351744492756354646502045701725765235100110464748004991352710553231466
690252339818688707493952574454504963086867206725476050172633513249163313979821002853140117566954046233633367427017709018014702545593107993549801737916497584064060210020940907081556329114947551587583863254694464314462972059707028593348685728612568390358427041669246130799968598691065565934750557673635
646659088987281190007241556511710019732847727205520497311095363636981811735750560476630845719424706764839578386812514176699004653484447080864125776012537462624894800614660435774696879047361245979673324402231849478914743597696414963325320222266348136523363769619233630445678763163788164270784227885182
836934483050599779916625897554327726315114013075280338568546286992034402032767682591867076817388378838816714802165922000604203254713208303964564628352825381565409557495733434363136198990501101388563035258714689623536321663240589311577824282937939975691063351191590653461859021558608071579261011912132
891155295012115265480586348188520872335000648541523183919680559883718166694225070905672493065908980196611703859686041176192813047683570200834093776180714609879629292577385639003214704902054334031194908382810559481075175008154844757627630163744673352314745547652816740510663076864878771348836378541014
614500809220547973151570076239644500812328410017479998144883745153895636990082387112663467677312107281613587274291925744369895151755307155653789808973792695067578216124258945034902931090835541748520675441897285561203751414099752760724618460976304170028241392569168061733948273081614986686033660843856
781889732233148836696791656483290917159460652699205131502711871070001500088678814814825092815737491757153704138066064196363718032211768137381853045233850984691491395809238930574453238687860960571774908123878467498452743725081787689607573402486685932658183719501589230922429392492261148909302714482242
204037890701435179441146204016414503680580844744981598371103709080239151174004497338241559218050154026377460222706781121410298556003605880789019664043011867037162347575990623357383566859117311765457421897215490262781439231563684349635537938724274109202819746849400278855735296160170672266515651282587
213296592123501414258480736208411510869064611492890958937615396663411923276155534735176006683934994828898394335886601893178371891942247910298335608266209700580263318442124665245593067581208166450096972767143809062011451053219389028550174603704773099023893165567539793949022773390120719935352914441551
041519615146643448224100625920608294843942580667188464519540910712788176773783332663340370061032811862406518402836274211421703231328864036774138235935393079063152382167106372771846416334312139130388412246712978861591900328532575817224280244282742791966931089357673701635812360424741491084250597271135
009102924374920443352469426405839095927363930651931138767341238834047429043687146370803038644699469197446289269819427628515091248763806307222563681461177602221149561287564352201641908146042567619936403898205652428896119951774905600615829144760718008429999102368920546190637998851615206681106001961944
797233683215896109469707923463145181161464091419891545838901569944707092566833213738964460887312957049145458052737712279739794003942832117325295398077600330492555729670336505087062934625487209945686494175596920064264567819911988170303811433381002949720542107673949283102049616292111329306770007577621
893859300533557998657085030908121522977903949131197463226450303691481526039811705098756436313180584148159853184151115683609876260468339443215802538209098048981426093722622919074658300241974493344317187486960829371232324693383750784094031113956999715364049143010956066893686419384180090790973991829699
313693764011551280726906405394559843271030608621025393365332184225436802658145667564375232654239779957659851748281076539682610372307310314671504457855312556754448759194420916765530639114903249994958254119346922027183775069466795560774043418072811260110612887710984780910735710376764383907005147698412
534907072752157509783177177687970964841379363796341896735684733556447500341503957657285934504196621563413025884029141659902899229077633970554902616917805227856604305698571047112054156267938655112981226533805338800315836060315579050057747300234041506787679686577956240764562721422203139295025905948443
182920170733890666648191041529153979108251434997801286604294371052429325815723432539775688759834691447657607530860293597801428093393560905755305885588518790457280033355363611829326222158012751396926270461584108963605788886993991188469061268012362070054298973555639247906656910279199963205843058601435
620642115410102950421357593105623478818653691870017483221267165597789802043146862222813319394182573638740186612205614850041374777748615024420063587522508588264936564254078798934528199452319853863408519085521999252200696421730772521311588693264779221853822957330594029935915350087102391480228010153964
442256010364862774723631385766649295703299851219515409609234903267444770981895208666893395460382824300380601963939965894818454708985117040591164252537457791991517287857053377692097259597415154916281050009701305197276869836425618598062970405025605414207587969699867305421693810745992107183525103752706
738205693370956991032112499533690208022388531897820411495491508454995331262145680414667211357548651713212758462017075003331822454749131686940679031992093675052552245053230884355452362978738749547153997652958496385549270812603143938179914241830223298584314633926534000823482473641690849115197515404071
640779452394423627321758560769832402992890407869466760240054122286467460258589884168744418708315318841752593411395745840166198575718860737727161116462466753229269793757946679261658966393469574880136335730778747427868132392444740884280667677513400969709748594975689961872320539407992324719088529585153
021000446211974828431998669600966644261316313514149454409590971412710254761045199970129870567148501792626042202307299344118064687825434564035368321483925375397410775923794765100290750771043482381851243748678654034702712144188275566023184313971027159678328101467143914866831331461046341179171283442074
907859998651199644898971575786776086042316978044523959032694537290227089205911457605087707395349537172487579215225848676418320973935262239933657921896814157840305210009111230129254797450331363034338560059890648618511042875597653306269246704523639952676327605561193296366961344804728838445417403725518
833927527294053207604934833072365070156271780113550116935689190410679910804151090465918670900554676498569290883323719458865321042190696629596579902488047422681717062792115526092682696600919022457831008281056183410838305212312049281153652128802811607171767411804367706439626116993009030729381161629058
832588879476950515832620772577420305853921326922675126149882262962821294489014322031823083619799650091444413208355958476304234803706405792601347413391990821458362343584874413970154522771142825137842363060704034350108045833925025335814817223377650384721423990733644122353488516275565073398918842125563
179183473787768608060856252442933272980766531683653814470001652760539991552678557056621349026334099427993025240630436720270030476094284836248243797728136413075841138710713326061248484354634469897662219901944593175061552492496064435630957335218707260924635843095142505719722617289532277554900424176931
242351531014267231226374506369807143412751785533554196735049361103461076039799811125259179756422716224973739248946225013861699880339235949756093934203151460996848484728725107661662000626050214910154829150099843436515718649003104248416664971111120047528925312434456810121173015970279451270609605795133
946648456627654131991235197422660492960705783209626123011199742782655672352846116976089860231973560129969263187115812042088803836224337861133864136148861217639584433330516549056376130982899328971803148464677479734579743045631450107795021109414600684654441108347154591246750167751626248371069217618037
478096070494168945664094518420952370970138656423904730657256610263297852590752274559542899158775167176687896027931956343430720332572966777353430919782234903967071283294137022553374319653061863580913465377824499364921828601643991475316338404041158772203435834981346373980819526961608704356207429783197
259503040739704187961172985097852545275109069332027176900229186001606119193947599049451215203173944113615329166838965879134048129018581374476381047550956874790518357959451837827811884224504549799925020038438340629782250644047565821536458414120300318707346066282520538885237603006139614364662442474306
918446184627555946739501377172281968225558770218238970062106885410876890068508888030929020668860269520979730355014147149446210674135469088884686240094396675176628849163802369325581408711599261552857741796324116450174823457329125816052269160528690849859962472092914622565345677131421767330283710015251
870707611431255449748240600314176345501220739315234382282944717407688144995657819196184935845956952849614863052749693726714429377753865657935694569612754691325208907956426298964962465042906311198576238597928926025601016509980811146782155894765298667096006836510859592640811429862370636508808189477704
513950288346890078925239011148108104934385820057869097703023612162945768326856233042955179713451652816928305954016778627556905583187462446747619398274980787033154132840361629653355530602536827083234831209417020069100069963854467876711469027795080295503298340087975431179139110841956494625208386765894
160825465122131400064123058235063700763861980324437591897837875190969778927932776769676318709708474681333437238014742569974494314241552463671212569618387371483491806889699442672338801270921554127189243986270591878695519510567975316613639710011799846429026205389664142393195038289822115286546143588534
146570278683182158810773187802404324629726872489414528325870568639440230457377429951022457235052980645392887723536696392925666014483834398402127297542399415120214016728997808349248561120888063110079440221733819654941821968976272351445665052277025489049989581180323513056875747206896559855276985891479
689556379875200771038649851589354806172661200936661443926184046579045651952298367177681347781043760183542415586593941461178193622337133104006028301760353354620831656295180247732705678860062477001900104583595794119475702114506236889991779130186348184871559316334293090371701964684130690409382413820920
427983970907994670272336262439744473929820714373359363967419560146193813055645280445888417362024812645614901363531575616134808301867654384238867853671118335600544844495336291734531827684679048609424920422252829448785639256641123997136422860963371061707087142313444534596916848044838536444001101812289
818075267292521497473108099911105008665656436406093600169883975342036436828745283149455103911344919980682386461569662560867002096837552364411539492524395611237144146884471573041091053372949363316836238944973870719600088561956816724863612086321452284835671935153944910388170142217828176390242154011101
600339158474421176820758345141305634657186911408562516978133196339374683349456241360971308606469504508188371298548028286772655296086291774925895853753297355806158589336106713404143208342826473249300875443196073997956297322230528293495624979341032625326008461165545475671839334638495186983412998205309
144207552687086827897615474807891801033548856738205863517525283021900643617271382906945594042885434235948683078978033473393418323318136279231600480398245013382155503743752141885318138581926037683600916469439887712214340047790227432748978433501670014021454114306298834043995264997913038227640370701003
787464588338288383137183119444654294809858151950775029677858331487314509120335586237887183541934848905118492048507646403376151308004443343807716884778527705962564172734020908644865141528933275595498410834539106167916079102067283343724777658711041426363998981354402020269700159431551886775224794608957
033123856950027173744715674532409407058613980186898738218834520509592572693977539571803933472509317652557916772724041608361759928292880541151040544653718975136264643570296091613630753882132194955512845104506884859569224977787983985019463211966515893610156852885000283544796639620116494783946569464503
512990288861518092141707957114849739416696974800744163620320568747031523611133971956061969817121115439108660098248645891842020175828177032237854053018526952790745157159268462753344960617591777554217331341043284481762409762931994161372534621659395831999408645779654921695502651693531943174734360377208
959072222982533857695009492885331612386571094669409338274307558700733177056327882451536562097315838942923510993725255276043909607514641887557593471019619786525733435696411358084208219479741865836949525700775457980809289346147005344459715566467998452660987820534613334205202027069099823860492732245549
180399756421629929465062062515787656466348420863540073619334231556298381458319157035558421446442901053887695966048161115993558182799076504338360713599634390906899496111305529623052556916930989272565805435046397976769843699315809270219982945302129424778791031118581699444864821755512462470629675914114
515951038586900080348914936082041469283113813686738579172775002017726966058909257582373401387217384529459843262334496940509080785903809033752482683609273550543960961301942471517511743764220392490885160647210166581395182114669266530407064572580385619779863394519132516973822553888659349253898535747155
949208163399266041531282712655873409251938874115521453674513802946409339025350814242991556995462981670663726900112053881639463945130677102242782477890092981776246228619589163945073577961298639902661387463128919942806522072193088263053054919615078432648971543644566447670964898133536805897200472336657
201827148548235091632624313564954706169680700259135682498674359583712221780421521835099345677338564114336007734390964830082578533382034553054868082265074544653338985646052213716016278945335053429516590711690559022698946505372201068959270318480189789762948420479133966642627385089932503240304140920609
569994506632968893798224621394592127010806947521878694550227961478560857695131897329808466346212533755397799505942132232358722925844143924290590618334106948181958479162734651762777745821577099437948183733408741592786377966153090686780935812706322312203923620106463722380740910035240879668245796085625
110511313579554186592871493035249370788839344480282000945926242441085305414209689490595788134985385176004072506499930674357719914641681636740268712930693816222994535374636944728199106272898514369418960350927363587498015140725540253676052725746922504171948281350601523887257690450280379282973690282520
311961255231543559689760612525284275575370091542368735125934085521758859119043538677010283756687021710309649410810673396666365102476393633769121010167154237353362034387691028477483375815493358633588903840921768618791281769789101403091773986709379667984784296012997331426089672809106188054837942893158
692317815636844792331850386396496904238732936171349897709306254747781762060110584433561546560108816045250565490420604546550215046700147141049000095247714861369745080303633216400634642655575091956611204883537088966211596246592335846932831350062978584403344751849063997949995655802347090143218476716504
761286205924565267163986459690316585028241162973471844484386882249013369573672594925695624401757808424670365643417780242956031482712471404306132888658038908480776369752614814903818158631696978484678657913575953578888136457887259262839261209980163353641224237552073761110489250616712145770712208830170
776564905286229608427115771379886055978766809681038740797711874380173320199595277786116010353110335789238766249706189332882267127065173692194058370789281335184310543890281122886021656481841815437528542335699997393791156239069391540869976063040409576186995788602662898402574582535044184542002265058968
707218378295160845132906939748142314864081735329479429937356627964355178635896341249476986693081776002433834734741884860538114384964254285101301271224575770098168057420968661555393104317663261114552055068493356758206507249268477212975895477533356613366207162839805161085540539151983395504081384185405
386973757118048854368322798424704970371167127406835664663676889033278267470832126050023002439009594378499135701101269049492951615163365499374562603719596178689047784072358330865042646244792726496873652150474834671278448316188201586515904108262350587016785532424417697584871735351991818828568489688886
090125019251210301002030853226123582573799146126316703446722266725698778537108523385354456283489067926218214601067554483937807831174722489856255081702012353095453265799446150376425731770463723202457952617181646806782520550563272109590916497070286662232123526208018838795399617842853725895383323481078
276508578560187137437446039998639701646029914953091453313880523693699306460331770070816285488961429642323281999293052340781628178407822474047032353400576696867210409316442606636290135387801806603361885572890398479983568996666288051529863671193713445508535602633748530640906283440677890910880667897945
200461423141335883862594869302040113993689665386679641127894013675249478634375443226311520828805908053317441550097532643876445470169725183604305312166564825800211951924872017340916139246090592631644473650698518713126726211259911874975391306656468914583057488314492400967622963801010422191405007130632