50 40
21 13
46 2
7323425398746635265879549312311427787962
4102209853188898184380364140626300920744
8017132794680762460146204736359647673170
7916137183333814741074951410693312589985
0148663446165942072551396860615771797971
8319948016306993651414760163863103630309
5459401788804006906864403846869705499210
5198629286365638963358816900061305991035
4969528290505796642231391637764757238574
1703842562506728439643599195307487874045
6050972405733328157736575312762296444763
8890070537894878211241496007175476228178
2934676422845243728908312055574157829585
1868173662301908742152201691774852166967
4930407228106434812614945724892939829516
2070760510914679247929909651287788060617
8642640816024473741007723627850502488070
9566703959251271122120800253057674610920
4324486375366985897737624946529927717553
6920419706135498180280450747566958658138
9779555591453376890508956574064952977283
3613066591766028539543466512326426683287
2954579238452190565031440970220084336869
7784645228753870852673138085412580260316
6923749702838287336493201868549335633392
3883821341177908752069824451104734884965
0430954372985096979550079628483441998371
1206304918949093888956770661626679547404
3668152054947736540824882727175860291508
5203878870575615277004935446815570975920
9364793320714842562105256786035417757354
6454768899446910198468130963994074771815
2738339692793948010664681902418450617593
1659506790022728778262247677349829394681
6385252823997616314602850048884534494361
5921768636016200636411968811468076152284
6550395822111240026666669213238869313542
3929105248166047212416958333850790087075
2041674278621623408627943631209784876520
9967704699839207099965177692294198837699
8818588033741837199309568758615568176994
4291018269565290646964812110789858971383
1415927807310600158719317885988984195168
0342463887696882911712934256108638106921
4197983737877015105505519351008642276885
9231313646548964315769169502781200061138
3489482085754578261524951220320694481858
3953855115350215128150519637746496046369
7544375089283825024962231662605362308852
5565197977398172073349289833930344583734