3 12
LS 1
PC 6
MP 12
1 16 4 2 3 4 5
2 14 4 1 3 4 6
3 14 4 1 2 4 9
4 14 3 1 2 3
5 16 4 1 6 7 8
6 14 4 2 5 7 8
7 14 3 5 6 8
8 18 4 5 6 7 10
9 16 4 3 10 11 12
10 16 4 8 9 11 12
11 14 3 9 10 12
12 14 3 9 10 11

2 6
Tamal 1
Arepa 4
1 12 2 2 3
2 14 2 1 3
3 18 2 1 2
4 20 2 5 6
5 22 2 4 6
6 24 2 4 5


2 12
Arriba 1
Abajo 7
1 1 5 2 3 4 5 6
2 2 5 1 3 4 5 6
3 3 5 1 2 4 5 6
4 4 5 1 2 3 5 6
5 5 5 1 2 3 4 6
6 6 5 1 2 3 4 5

7 7 5 8 9 10 11 12
8 8 5 7 9 10 11 12
9 9 5 7 8 10 11 12
10 10 5 7 8 9 11 12
11 11 5 7 8 9 10 12
12 12 5 7 8 9 10 11

2 12
Arriba 1
Abajo 7
1 1 5 2 3 4 5 6
2 2 5 1 3 4 5 6
3 3 5 1 2 4 5 6
4 4 5 1 2 3 5 6
5 5 5 1 2 3 4 6
6 6 5 1 2 3 4 5

7 7 5 8 9 10 11 12
8 8 5 7 9 10 11 12
9 8 5 7 8 10 11 12
10 10 5 7 8 9 11 12
11 11 5 7 8 9 10 12
12 12 5 7 8 9 10 11

2 12
Arriba 1
Abajo 7
1 1 7 2 3 4 5 6 7 10
2 2 7 1 3 4 5 6 7 12
3 3 7 1 2 4 5 6 8 11
4 4 7 1 2 3 5 6 8 9
5 5 7 1 2 3 4 6 9 10
6 6 7 1 2 3 4 5 11 12

7 7 7 8 9 10 11 12 1 2
8 8 7 7 9 10 11 12 3 4
9 9 7 7 8 10 11 12 4 5
10 10 7 7 8 9 11 12 5 1
11 11 7 7 8 9 10 12 6 3
12 12 7 7 8 9 10 11 6 2

2 12
Abajo 7
Arriba 1
1 1 7 2 3 4 5 6 7 10
2 2 7 1 3 4 5 6 7 12
3 3 7 1 2 4 5 6 8 11
4 4 7 1 2 3 5 6 8 9
5 5 7 1 2 3 4 6 9 10
6 6 7 1 2 3 4 5 11 12

7 7 7 8 9 10 11 12 1 2
8 8 7 7 9 10 11 12 3 4
9 9 7 7 8 10 11 12 4 5
10 10 7 7 8 9 11 12 5 1
11 11 7 7 8 9 10 12 6 3
12 12 7 7 8 9 10 11 6 2

2 12
Abajo 9
Arriba 6
1 1 7 2 3 4 5 6 7 10
2 2 7 1 3 4 5 6 7 12
3 3 7 1 2 4 5 6 8 11
4 4 7 1 2 3 5 6 8 9
5 5 7 1 2 3 4 6 9 10
6 6 7 1 2 3 4 5 11 12

7 7 7 8 9 10 11 12 1 2
8 8 7 7 9 10 11 12 3 4
9 9 7 7 8 10 11 12 4 5
10 10 7 7 8 9 11 12 5 1
11 11 7 7 8 9 10 12 6 3
12 12 7 7 8 9 10 11 6 2



0 0