4
-10 0
10 0
0 3
0 -1
1 
1 2
7
-10 0
10 0
0 -1
9 2
9 1
-9 2
-9 1
1
1 2
750
-6202 7765
-4529 -410
-8573 7139
9624 -644
2200 6926
7025 8363
-8833 -1419
-4395 1190
-5281 8359
-8985 5023
-4360 3196
631 2454
9017 3558
-7692 2924
6957 174
-2123 -9244
-2060 3349
346 -633
488 -30
8724 -7311
-3103 5750
-8948 -1936
-5669 -3342
9254 -950
-4982 -9730
-5927 658
3466 4705
-6887 2483
-1737 -4579
-4593 -4780
5595 3285
-4024 -6464
-3366 6323
2904 7123
-3707 1628
9812 3191
-2622 -9135
-8745 1709
-2476 -9490
-9240 2542
-9220 -5166
-6799 4246
9539 -3686
-3270 -2197
1735 2138
3023 -2669
-4576 9000
867 2059
5323 -6229
-818 -8383
5399 -1005
4808 -7222
-139 6064
4488 7385
6574 5248
-72 7354
-9918 3129
1601 9622
9443 8332
-2575 1179
470 -9551
8510 5895
9449 -622
-2046 4773
3150 7136
6391 -1450
-3868 1200
1328 5993
-2736 -4184
3378 -6162
-8935 -6694
-8807 -8853
6436 2794
-9230 5879
1127 -1805
-2941 -8402
-1356 -4431
7493 -1906
4948 -4553
-7132 -1902
-7416 9260
6648 -1284
460 -2024
-5290 7724
3793 8089
-8437 4858
-8604 -7244
6006 7832
5551 6776
3712 -3322
-5028 -9229
-1723 3617
-3659 -4230
-8289 -8711
1217 -5420
-612 3802
-6160 -3964
-7481 4300
4013 -2771
2025 -2194
-4681 3589
-7336 -3285
6346 8670
-5453 1897
5447 8260
8576 -9581
9031 -3147
4036 -4627
2624 5748
-3338 -6158
-9672 6050
7644 -5831
-7913 -9836
8469 6100
-2606 495
-6094 2713
-5916 -3429
9428 -9570
-4759 -6024
2328 -9312
-7764 905
-8892 -8733
7759 5144
-3359 383
892 3303
4226 1221
-646 1871
5390 1441
2035 3860
-2458 9429
-5645 1449
2142 -1560
8020 1571
-1129 -6738
5547 -8801
-6050 7783
2105 -4941
9051 -135
-9797 -4308
-9751 1095
8996 4475
-7683 -1650
-3654 7707
9792 8382
1567 -2665
7811 5923
8784 -46
-5637 6804
-8475 3234
-9934 7072
4434 -5983
4855 -3460
-924 3906
6405 -721
9599 6654
-9625 8595
1129 -7308
-3055 7476
-9600 -3262
5858 1967
4073 3670
-2110 2857
-6376 2254
-339 -4851
-4511 -272
-7779 9923
3745 7077
-3536 -7179
984 -7131
2100 583
9523 2476
-822 653
5169 6124
-1870 5569
-7138 -6011
-2463 6936
7659 5428
-206 -8717
-2318 9455
-3567 3171
-817 -1345
3095 -7071
-4268 9559
-4250 6717
-7571 7851
-2700 -8047
327 6478
2607 -4504
2603 -9263
-8934 5466
-5274 -1397
2402 -7615
-5969 -7804
-6331 1714
-8348 102
-5114 836
8757 7981
3765 -5510
7541 9515
-8793 9970
7367 -1492
-8077 -2306
-5014 4530
3191 7590
5268 4258
3056 9994
-7139 -4541
-7620 -3107
-2345 -3950
8607 -692
6152 -6507
-9855 4910
-8525 3910
9401 9016
3426 -9391
8987 793
-883 -9089
8488 4104
5441 1680
1694 710
-4062 -5250
705 -1200
210 3085
5693 7865
9135 4300
-2826 5288
7794 -2681
199 9269
-8770 -400
8285 4657
209 7273
-4549 9326
8184 -6061
3431 3626
5620 -4875
-5664 -8442
-124 5041
358 -9914
-1873 -3948
7952 -2737
-9648 -4874
-7448 8146
2446 2751
7416 3677
-7648 5701
-1666 2562
2975 3785
1889 1159
7725 -4680
-5214 3345
445 -878
4904 -9679
-5836 -4737
-9593 2291
1315 8360
9555 1668
-6514 -7893
-186 5933
4858 -2770
-390 7211
-7068 7945
-227 5908
1730 -8338
-2933 -545
-3017 1853
-7199 7428
-9024 7705
7750 -4860
-7032 8158
7432 4283
6518 6987
-4049 -9995
9095 5766
5939 3953
-7003 -4451
1165 -4070
-6505 -9062
-8162 5225
-7399 -1095
-5319 -416
-9241 -2518
-2987 -8264
-4813 -5236
-3124 -1844
-7078 -5691
-7561 9441
-8703 -1609
9447 -9608
-5843 5386
4346 -2846
-9064 -4489
3084 -5569
-3550 4923
9656 -948
-6171 -5662
8637 -5412
1820 -4350
-3675 7008
415 3201
-4836 3338
7511 -2397
2779 8808
5994 2226
9201 -9848
-2387 3547
-2693 -1451
9059 -9608
2980 -4490
5315 2637
4562 9144
6975 3199
-6267 -1204
8850 58
-4196 -735
-6740 968
-7397 -9228
8572 5383
9581 4567
-2390 8782
4719 5223
2330 -7973
-6228 1389
-7581 6753
6899 7735
-609 1462
6879 -3634
-5339 -9387
5162 -6488
672 -9034
2778 3932
1935 5381
4704 507
765 4285
-4925 8375
3068 9795
3599 -4602
-8178 7372
6788 -5759
4126 3688
-8023 -6483
-4849 8856
-117 -188
9470 -4954
3325 142
-3987 -3897
-5925 7948
-8515 8779
-1544 2250
3065 3531
626 -3866
3326 -5774
1533 5149
-8402 -1678
9391 5725
-7989 -8632
9242 -2838
-9775 -875
6975 9695
4172 300
-162 -9815
6403 3913
8134 7889
2693 -3410
139 -4242
-9878 -9234
1893 3449
-5007 -6574
-1402 -3409
1749 -2011
-7684 3760
-643 -8441
-9078 -418
685 7898
-723 -5143
-1802 9115
-4957 -5398
3029 -6823
-7509 -4278
-232 2631
1481 -110
3398 -6626
-6661 8391
-3199 1937
-5017 8550
9927 -2700
2310 -716
-1141 3233
8866 9544
1131 -1856
-5598 9330
-2740 -555
-6068 -9710
2622 -3576
-3988 -7610
9056 7493
2281 2454
-9132 5620
846 -2331
-2442 5829
-3781 -2515
-6870 8530
6770 1989
1763 5637
1534 -7105
-6219 5936
-7775 1042
-4618 -3842
1332 8004
2583 7345
-9605 1639
4838 2676
-5906 5706
-1703 4940
-6624 5856
770 -405
-6659 3900
-1874 -9888
-4110 9890
5749 7425
-7215 9531
3362 -4989
573 8744
1170 -8094
6749 -6247
9252 7145
5393 4090
-178 9487
-203 8119
4428 3173
3975 -4801
-7231 7317
9100 896
7429 -5010
786 3178
-7584 3572
2710 5778
8584 -6717
4523 -246
-4810 1272
3507 -5557
-1582 -1100
8533 8240
-1612 -1669
6360 -7184
-8496 335
-1984 -5726
-2347 -2884
5170 -4917
2107 -4043
8262 4523
9529 972
302 8113
4256 -5175
-2132 9447
6098 -8625
-6110 -5484
276 -7576
-7243 8665
755 9117
-8519 2260
-547 -503
6534 7106
6614 1705
-7810 -1279
7662 -9548
-6755 7192
1424 3547
5306 -4319
8373 -6826
-4872 4471
-5450 -982
8988 4826
1442 -8255
3491 -7803
-9137 4973
4458 316
-5529 993
-2578 -8914
-7302 -387
-193 -9639
65 3052
7553 -8510
-3400 2859
-2829 -5027
6033 2299
9445 -9416
-8682 8433
5410 2761
-9821 -1098
4959 -8958
-6124 -583
1358 -1652
-9590 8781
-566 -6891
-1606 9242
-6530 8460
2294 -8977
9950 8894
3883 -2878
-6132 -83
9422 -6687
501 -9260
-8254 -4088
3501 -8074
4815 -1540
-7032 8692
7877 4327
-2959 8288
3109 6475
-8603 -8497
5718 -5133
9964 -1987
-4109 9914
-3093 9775
-2964 775
-308 -3542
4088 -9806
-2801 5835
-3893 -9299
7762 -9078
-839 -9270
9615 -2961
5058 -3344
-4672 -1833
-6868 -3275
-329 8850
1593 -365
-3137 7485
-450 3771
7260 6587
-5453 -3047
-6954 8636
-2852 245
4472 3255
946 2234
4178 -9892
2965 3793
-2852 -1977
-9550 2476
6191 -6418
9202 -4137
-7568 795
5499 -704
-1720 -4951
-6932 -4459
-8363 -2385
2495 -5317
-3749 9643
4929 -9277
2899 -4124
2958 -2923
-4016 -4077
-9129 3132
3946 -8679
-4391 138
-5097 -5189
6001 -2664
5607 1500
6633 -6112
6550 9701
-571 8187
-2684 -8075
-7130 3568
-8431 7800
4292 4468
-6324 -2750
-8454 -339
3173 -7583
-7207 -2880
-6262 -1597
7259 -1358
3214 3260
5979 -1179
-5239 2612
2709 -8689
2313 -7861
9499 9630
-5935 -7631
3198 -4366
-9830 -2510
-9898 -6154
4741 -8352
3507 -2085
-5934 6301
5035 -2196
-5296 2295
6447 7919
-4444 2426
-3259 317
-4962 9451
1629 7352
-8409 1128
6982 -4344
3498 181
1290 3668
7672 1392
7514 2413
3041 1022
-9672 7107
-2677 5364
-5088 2028
-2341 -8641
-53 3216
3786 6689
-6467 8824
6141 5162
6177 7732
-3709 3159
-6612 9789
-6660 4679
3457 -8988
-3928 972
3426 9113
-8006 3755
6221 -682
-881 -8867
-8654 6779
-7507 1294
-5 6279
-2016 3529
5104 -5875
-1308 1281
-8143 4983
-5559 -4754
4773 -2219
9925 -1770
-1206 -4003
9203 -7780
-4889 -8802
5975 -8667
516 -4905
-7533 1863
-8125 -5040
-6842 1871
-8760 1142
-4599 6344
5267 4093
-2374 7125
-924 2067
-7629 -6151
9849 -7703
2080 -1356
-1705 1284
864 3407
2482 -3160
4740 -7001
1936 7207
4863 3812
-7832 8021
-4317 -6592
-837 1084
9753 -5569
-4822 -2621
-8444 4255
9447 -6072
8104 9297
-3774 185
-2059 4521
-8531 8806
-2071 3952
-4353 -7331
6952 7583
9877 1815
1396 -7955
-164 7079
-4547 9000
-1836 -4794
-6569 3342
2586 -5012
-2403 2034
-1083 -4298
1331 5143
5888 9273
-335 7358
8079 7594
1311 -6274
-9736 -1737
-8690 -9859
-9922 2706
-7814 -85
-214 -2360
-1085 7951
2847 2347
1294 -4566
7336 8892
7469 -3747
-5405 -1200
-8603 -9516
-1926 1062
7842 -3847
-1343 -847
-120 -1078
7417 1191
-936 7496
-6102 1251
-2589 3685
8891 6327
1636 1739
-1325 -7069
7173 -3989
-8176 4642
2265 -3581
-6557 3662
-3096 1517
-5275 -5254
7671 3382
3900 -2448
-7695 1318
8743 1369
-1186 -7359
-7380 6226
6326 -8488
2554 -2037
3251 -8771
895 425
-2759 2719
-4932 9506
9139 -1488
3169 -3957
-9970 7894
790 7701
1277 -5310
-4747 3582
6008 -6003
-5049 -5177
-3362 -2428
-8951 -7035
-916 3604
928 -7664
4834 -8177
2761 -7924
4543 7830
-8418 3682
-3658 4752
9726 -3628
2646 516
-5926 -6077
5207 -672
7505 1215
3325 -7544
6039 9964
29 7089
-7071 9113
693 3858
-8551 -4472
5682 4211
-2396 225
2041 -813
-6092 8384
-6061 -6366
22
1 9
23 15
723 750
1 750
15 400
23 78
78 749
76 176
77 177
137 138
186 196
11 19
213 115
713 740
11 715
151 401
231 718
718 729
716 16
717 17
137 138
186 196
