1

100 500
362
48
363
418
127
252
110
308
218
352
135
453
47
233
3
296
36
149
404
235
325
217
164
465
89
45
284
295
190
350
460
463
18
288
227
421
284
266
69
64
173
254
268
454
360
381
209
262
204
107
329
447
498
424
12
73
474
59
177
444
191
30
396
39
235
214
234
343
356
352
282
269
39
26
307
248
202
424
477
51
327
190
313
176
387
315
196
437
50
239
212
184
316
408
284
399
92
51
73
186
2 4 105
3 4 130
1 4 62
3 5 143
1 5 104
4 5 101
2 6 129
3 6 139
5 6 86
1 7 63
6 7 94
3 7 57
7 8 91
2 8 116
5 8 118
5 9 52
6 9 73
2 9 54
7 10 84
2 10 82
1 10 88
7 11 94
5 11 137
10 11 144
2 12 107
10 12 77
7 12 58
1 13 53
8 13 99
10 13 76
10 14 116
2 14 61
7 14 124
13 15 137
2 15 106
14 15 75
13 16 52
10 16 116
5 16 100
11 17 54
8 17 51
4 17 83
6 18 112
8 18 119
11 18 77
4 19 95
16 19 129
3 19 129
1 20 63
14 20 119
18 20 72
18 21 143
17 21 87
14 21 58
12 22 147
15 22 128
6 22 121
20 23 145
9 23 85
21 23 109
15 24 90
16 24 95
3 24 69
21 25 54
8 25 121
6 25 144
4 26 105
24 26 104
20 26 118
16 27 70
4 27 82
19 27 117
25 28 146
3 28 125
18 28 137
23 29 77
17 29 82
12 29 120
26 30 103
27 30 141
15 30 58
30 31 91
16 31 84
1 31 52
13 32 131
9 32 57
23 32 134
32 33 59
8 33 104
24 33 67
26 34 60
9 34 64
18 34 64
13 35 114
14 35 50
16 35 139
28 36 102
9 36 113
32 36 68
34 37 93
33 37 67
14 37 100
17 38 92
27 38 69
18 38 149
28 39 104
13 39 52
19 39 141
34 40 103
1 40 117
19 40 52
32 41 51
21 41 97
11 41 131
11 42 98
36 42 132
37 42 88
19 43 88
9 43 96
11 43 87
27 44 127
24 44 83
28 44 128
29 45 106
39 45 97
30 45 71
36 46 98
42 46 55
12 46 63
45 47 116
28 47 54
33 47 66
39 48 92
44 48 59
40 48 108
35 49 147
26 49 82
36 49 75
47 50 96
28 50 57
42 50 116
38 51 111
23 51 133
37 51 53
38 52 51
12 52 54
32 52 75
38 53 54
32 53 125
50 53 72
38 54 148
15 54 98
30 54 137
33 55 72
42 55 51
30 55 115
26 56 105
23 56 56
36 56 130
54 57 52
12 57 113
25 57 50
36 58 53
25 58 57
40 58 65
40 59 139
52 59 117
26 59 73
22 60 143
42 60 65
38 60 93
3 61 142
17 61 126
31 61 60
60 62 120
57 62 116
54 62 111
60 63 84
34 63 147
24 63 105
63 64 52
53 64 94
20 64 115
17 65 125
29 65 51
54 65 131
52 66 125
49 66 76
57 66 99
59 67 144
21 67 114
52 67 69
43 68 93
35 68 63
63 68 148
61 69 52
58 69 80
55 69 68
51 70 63
47 70 73
37 70 117
57 71 128
59 71 87
55 71 62
21 72 56
24 72 143
69 72 143
39 73 72
15 73 65
40 73 136
47 74 53
27 74 53
37 74 84
49 75 77
65 75 61
33 75 74
74 76 64
20 76 114
22 76 65
62 77 59
22 77 94
68 77 58
65 78 97
75 78 69
70 78 148
54 79 87
50 79 63
43 79 108
45 80 114
72 80 81
22 80 59
37 81 61
67 81 147
42 81 95
62 82 63
39 82 77
22 82 118
23 83 62
82 83 116
30 83 130
61 84 94
41 84 71
49 84 120
75 85 138
40 85 125
80 85 90
33 86 73
67 86 86
19 86 80
31 87 62
62 87 115
78 87 77
34 88 135
73 88 66
55 88 52
78 89 148
60 89 136
48 89 95
84 90 75
89 90 62
59 90 97
65 91 141
56 91 61
45 91 135
80 92 146
49 92 83
64 92 67
57 93 109
61 93 53
74 93 58
29 94 135
31 94 96
93 94 77
58 95 123
49 95 55
91 95 119
34 96 92
29 96 52
87 96 69
85 97 114
55 97 70
65 97 78
57 98 116
65 98 78
72 98 98
44 99 144
93 99 61
61 99 56
29 100 73
94 100 124
86 100 121
43 101 92
27 101 145
64 101 102
85 102 99
52 102 71
100 102 60
95 103 57
71 103 111
67 103 128
95 104 72
79 104 51
101 104 142
45 105 97
84 105 145
70 105 94
56 106 119
87 106 110
25 106 126
31 107 86
94 107 107
86 107 136
93 108 65
84 108 77
78 108 86
70 109 146
103 109 77
96 109 56
99 110 122
52 110 56
63 110 104
81 111 86
53 111 144
103 111 50
66 112 137
62 112 115
91 112 138
76 113 58
47 113 117
84 113 73
54 114 124
100 114 135
79 114 51
61 115 136
51 115 89
60 115 102
72 116 52
95 116 120
108 116 79
68 117 72
104 117 119
60 117 125
106 118 75
112 118 76
91 118 111
95 119 144
99 119 116
79 119 70
115 120 56
99 120 90
76 120 84
77 121 104
104 121 104
110 121 123
97 122 140
59 122 118
50 122 139
83 123 78
59 123 105
80 123 59
67 124 127
107 124 85
63 124 99
121 125 59
78 125 82
75 125 111
66 126 118
121 126 82
95 126 77
91 127 101
109 127 93
88 127 103
103 128 148
31 128 51
118 128 85
56 129 56
91 129 148
73 129 92
92 130 103
75 130 87
105 130 91
111 131 121
100 131 108
116 131 136
88 132 114
84 132 133
100 132 120
117 133 91
128 133 68
20 133 109
55 134 136
80 134 121
51 134 111
103 135 85
35 135 80
64 135 139
117 136 56
83 136 53
106 136 84
86 137 139
69 137 89
77 137 50
74 138 76
106 138 104
97 138 86
72 139 101
92 139 134
86 139 98
94 140 91
115 140 79
56 140 66
104 141 92
107 141 91
75 141 125
93 142 83
129 142 90
68 142 72
132 143 108
97 143 73
122 143 91
51 144 87
71 144 124
41 144 75
107 145 81
70 145 77
79 145 125
126 146 55
69 146 67
43 146 138
139 147 63
44 147 106
90 147 56
125 148 68
45 148 84
129 148 85
99 149 84
58 149 80
126 149 88
103 150 121
133 150 122
112 150 115
105 151 136
145 151 137
93 151 128
139 152 50
39 152 122
67 152 115
149 153 88
66 153 80
72 153 103
122 154 54
86 154 51
62 154 98
152 155 86
48 155 145
125 155 147
48 156 125
87 156 109
41 156 77
46 157 143
69 157 127
137 157 128
35 158 86
127 158 88
102 158 114
155 159 73
56 159 87
70 159 82
64 160 145
51 160 120
151 160 94
87 161 69
88 161 117
74 161 130
94 162 122
140 162 129
100 162 85
77 163 145
134 163 110
138 163 127
110 164 121
154 164 138
73 164 72
155 165 97
164 165 125
141 165 101
125 166 127
71 166 126
156 166 65
76 167 87
50 167 60
123 167 84
87 168 105
152 168 149
66 168 66
162 169 118
96 169 147
149 169 138
143 170 86
50 170 113
25 170 112
74 171 133
110 171 68
158 171 50
64 172 92
112 172 128
116 172 112
166 173 105
141 173 107
169 173 141
73 174 52
118 174 51
155 174 125
149 175 81
142 175 73
157 175 115
41 176 85
125 176 54
113 176 84
124 177 106
108 177 88
132 177 141
156 178 51
134 178 126
175 178 62
158 179 59
139 179 64
92 179 64
73 180 81
83 180 55
112 180 64
71 181 114
144 181 64
99 181 138
117 182 127
83 182 58
151 182 137
160 183 100
113 183 88
141 183 84
114 184 101
136 184 107
150 184 127
162 185 70
46 185 106
154 185 74
79 186 118
143 186 93
168 186 80
164 187 64
169 187 127
162 187 125
145 188 57
96 188 88
131 188 96
188 189 125
85 189 66
186 189 86
176 190 118
69 190 77
80 190 108
111 191 53
105 191 142
155 191 139
66 192 79
177 192 120
85 192 50
173 193 50
162 193 133
129 193 143
147 194 129
164 194 62
128 194 84
76 195 114
44 195 79
179 195 133
183 196 57
35 196 147
172 196 51
117 197 112
43 197 115
81 197 65
118 198 145
85 198 50
146 198 145
107 199 96
176 199 99
158 199 79
166 200 143
120 200 94
148 200 86
107 201 113
90 201 70
198 201 69
174 202 131
133 202 149
200 202 70
195 203 118
182 203 126
186 203 81
174 204 112
193 204 115
198 204 89
193 205 134
195 205 116
94 205 139
97 206 130
170 206 83
194 206 115
83 207 148
197 207 83
183 207 110
155 208 95
104 208 104
129 208 111
158 209 63
147 209 125
128 209 132
88 210 57
177 210 93
90 210 77
146 211 83
121 211 86
189 211 140
200 212 94
114 212 125
141 212 105
151 213 70
184 213 144
90 213 92
134 214 141
137 214 126
151 214 81
210 215 123
130 215 66
163 215 101
196 216 145
146 216 97
201 216 123
131 217 62
200 217 111
139 217 105
174 218 72
153 218 67
187 218 149
68 219 120
159 219 102
169 219 97
158 220 134
142 220 123
206 220 66
78 221 85
109 221 59
217 221 72
130 222 54
156 222 124
204 222 136
160 223 144
111 223 124
110 223 69
209 224 64
97 224 95
136 224 91
191 225 122
108 225 66
219 225 59
47 226 79
89 226 80
133 226 62
58 227 86
204 227 141
146 227 109
115 228 89
123 228 58
181 228 73
58 229 70
183 229 122
202 229 71
187 230 83
219 230 66
92 230 91
149 231 127
135 231 132
46 231 56
126 232 93
165 232 101
125 232 66
197 233 105
140 233 58
41 233 102
108 234 85
193 234 120
214 234 90
48 235 124
225 235 131
105 235 75
134 236 51
111 236 84
201 236 67
230 237 78
108 237 142
164 237 104
116 238 110
138 238 143
234 238 61
149 239 130
220 239 58
166 239 82
177 240 132
159 240 100
219 240 95
120 241 56
156 241 122
199 241 72
133 242 121
101 242 73
169 242 110
88 243 95
189 243 75
241 243 100
225 244 100
187 244 80
200 244 50
237 245 84
104 245 66
230 245 81
123 246 112
227 246 115
127 246 85
139 247 130
151 247 89
178 247 70
90 248 52
220 248 85
217 248 138
141 249 114
123 249 145
122 249 102
183 250 94
169 250 60
240 250 118
211 251 91
46 251 56
206 251 56
142 252 136
182 252 110
113 252 132
109 253 146
226 253 126
147 253 55
243 254 100
110 254 138
82 254 111
254 255 79
178 255 140
71 255 107
114 256 85
214 256 56
179 256 74
229 257 134
174 257 71
209 257 145
230 258 82
106 258 147
115 258 68
136 259 134
116 259 126
232 259 136
121 260 71
214 260 118
243 260 59
175 261 67
129 261 121
212 261 112
248 262 92
252 262 56
161 262 128
156 263 125
115 263 113
142 263 84
130 264 85
164 264 53
253 264 144
157 265 98
116 265 99
135 265 91
118 266 61
196 266 140
127 266 105
200 267 102
222 267 120
205 267 70
219 268 81
235 268 58
162 268 112
189 269 73
131 269 85
142 269 142
222 270 113
235 270 86
188 270 149
249 271 56
53 271 96
127 271 113
166 272 142
109 272 61
195 272 146
251 273 125
150 273 106
167 273 105
216 274 89
113 274 149
224 274 149
222 275 121
173 275 143
98 275 145
92 276 144
120 276 50
96 276 60
243 277 57
180 277 87
229 277 112
209 278 51
167 278 53
265 278 52
138 279 69
194 279 59
101 279 82
255 280 111
256 280 109
238 280 59
96 281 80
144 281 91
170 281 117
250 282 104
147 282 123
222 282 65
251 283 121
263 283 112
247 283 85
144 284 107
46 284 87
225 284 72
251 285 117
276 285 99
179 285 129
226 286 110
258 286 100
224 286 84
184 287 109
44 287 139
179 287 120
230 288 116
201 288 101
232 288 128
101 289 136
230 289 85
109 289 90
251 290 130
206 290 68
244 290 136
133 291 106
210 291 66
222 291 69
256 292 107
181 292 102
184 292 71
127 293 91
249 293 121
233 293 107
247 294 111
150 294 74
136 294 116
227 295 147
233 295 141
283 295 144
286 296 145
208 296 67
229 296 95
196 297 54
258 297 128
124 297 66
183 298 123
140 298 58
120 298 117
272 299 71
213 299 89
106 299 87
119 300 126
244 300 140
242 300 70
89 301 96
119 301 107
246 301 84
178 302 141
267 302 89
138 302 64
205 303 61
105 303 103
147 303 147
175 304 98
286 304 88
68 304 99
190 305 116
134 305 65
268 305 63
207 306 141
77 306 105
197 306 130
203 307 63
260 307 121
270 307 64
77 308 114
229 308 98
175 308 57
173 309 88
177 309 106
235 309 140
196 310 58
175 310 98
167 310 94
178 311 112
120 311 113
131 311 96
178 312 70
191 312 134
255 312 125
143 313 77
305 313 56
211 313 128
168 314 50
152 314 66
145 314 86
223 315 110
154 315 74
148 315 57
226 316 83
190 316 65
138 316 127
145 317 112
216 317 127
284 317 128
308 318 124
312 318 132
98 318 54
259 319 64
262 319 146
182 319 92
102 320 134
254 320 120
228 320 115
286 321 89
194 321 117
187 321 57
247 322 131
154 322 56
284 322 136
280 323 81
304 323 68
154 323 105
223 324 123
89 324 138
63 324 111
117 325 122
296 325 137
279 325 103
279 326 51
98 326 99
252 326 54
220 327 122
144 327 55
241 327 144
223 328 63
291 328 115
180 328 55
304 329 104
232 329 53
274 329 93
253 330 80
310 330 128
152 330 113
146 331 146
181 331 51
238 331 66
254 332 52
201 332 126
204 332 64
198 333 78
315 333 89
239 333 135
290 334 102
197 334 76
206 334 132
132 335 64
308 335 74
246 335 114
124 336 104
53 336 81
298 336 132
195 337 100
282 337 129
327 337 125
277 338 142
196 338 102
328 338 146
262 339 118
199 339 148
243 339 104
326 340 77
225 340 121
315 340 83
132 341 135
290 341 120
185 341 50
132 342 73
277 342 51
143 342 83
82 343 141
240 343 100
181 343 135
248 344 118
136 344 51
300 344 77
303 345 113
210 345 89
124 345 64
137 346 63
214 346 116
215 346 95
238 347 91
194 347 103
260 347 110
122 348 60
281 348 80
313 348 144
335 349 145
258 349 74
143 349 79
257 350 75
324 350 67
199 350 128
316 351 140
297 351 112
167 351 139
247 352 67
287 352 104
260 352 136
325 353 149
194 353 96
307 353 113
211 354 122
283 354 129
118 354 131
240 355 53
231 355 85
348 355 139
306 356 78
193 356 95
346 356 64
193 357 110
128 357 114
208 357 116
89 358 133
182 358 104
145 358 102
315 359 102
252 359 59
285 359 133
343 360 66
315 360 109
291 360 113
344 361 50
243 361 139
244 361 146
261 362 101
102 362 92
254 362 74
361 363 124
185 363 93
119 363 111
316 364 80
349 364 99
128 364 98
201 365 130
307 365 147
212 365 107
220 366 87
198 366 93
199 366 127
225 367 86
285 367 85
330 367 129
167 368 56
165 368 60
367 368 124
265 369 149
213 369 77
221 369 126
209 370 101
343 370 84
360 370 82
82 371 81
228 371 120
296 371 92
290 372 100
294 372 141
264 372 141
211 373 66
119 373 146
324 373 90
244 374 114
152 374 65
338 374 137
365 375 60
263 375 128
180 375 140
247 376 122
361 376 101
153 376 141
342 377 112
326 377 87
296 377 104
318 378 63
232 378 94
305 378 106
121 379 105
347 379 57
259 379 52
299 380 100
377 380 53
255 380 140
372 381 93
289 381 91
309 381 105
160 382 117
249 382 139
273 382 118
98 383 112
314 383 53
298 383 66
219 384 140
150 384 121
254 384 118
195 385 97
213 385 90
370 385 77
319 386 149
362 386 135
310 386 129
309 387 125
205 387 69
373 387 141
185 388 86
261 388 75
216 388 124
371 389 104
202 389 66
328 389 91
262 390 113
345 390 147
210 390 145
313 391 65
265 391 146
186 391 106
122 392 55
339 392 134
294 392 134
123 393 115
199 393 84
221 393 149
371 394 59
347 394 142
150 394 71
362 395 145
260 395 59
265 395 96
270 396 70
124 396 101
271 396 145
280 397 103
240 397 75
184 397 97
111 398 147
262 398 73
140 398 124
282 399 118
368 399 147
190 399 124
212 400 55
364 400 95
267 400 55
319 401 136
176 401 57
226 401 122
295 402 125
213 402 127
250 402 68
351 403 109
326 403 81
192 403 96
235 404 135
394 404 50
309 404 137
385 405 106
284 405 54
328 405 144
257 406 120
402 406 147
76 406 52
210 407 60
349 407 54
286 407 104
237 408 71
159 408 78
334 408 92
180 409 58
220 409 108
252 409 111
102 410 64
283 410 133
333 410 66
311 411 72
276 411 83
352 411 72
293 412 75
289 412 126
381 412 61
260 413 77
221 413 123
309 413 63
148 414 69
365 414 55
182 414 118
303 415 138
358 415 131
205 415 63
257 416 81
294 416 142
327 416 129
207 417 140
48 417 143
355 417 51
218 418 145
383 418 60
266 418 71
340 419 61
359 419 57
357 419 93
176 420 80
333 420 88
404 420 135
279 421 67
325 421 84
255 421 50
185 422 96
229 422 110
184 422 99
355 423 52
255 423 79
112 423 139
234 424 50
265 424 149
191 424 125
192 425 63
174 425 82
267 425 122
292 426 81
369 426 122
137 426 140
392 427 141
410 427 143
218 427 135
317 428 89
333 428 85
288 428 50
318 429 101
294 429 129
215 429 87
291 430 82
337 430 61
297 430 103
412 431 83
251 431 72
135 431 135
180 432 106
261 432 78
400 432 80
168 433 135
408 433 141
331 433 145
428 434 78
82 434 96
318 434 143
380 435 105
249 435 81
197 435 74
278 436 89
157 436 66
228 436 122
163 437 123
302 437 73
427 437 126
346 438 133
214 438 129
300 438 62
341 439 129
315 439 106
424 439 83
302 440 95
340 440 50
102 440 93
198 441 64
221 441 77
321 441 149
323 442 83
345 442 63
333 442 67
131 443 117
332 443 121
268 443 64
428 444 91
185 444 58
324 444 82
235 445 108
363 445 148
430 445 102
366 446 77
405 446 110
306 446 71
236 447 52
397 447 112
319 447 114
357 448 60
344 448 109
385 448 77
385 449 54
269 449 84
356 449 103
206 450 115
272 450 90
276 450 57
170 451 141
420 451 98
350 451 109
353 452 136
330 452 107
326 452 146
213 453 55
286 453 66
204 453 70
448 454 99
376 454 105
325 454 53
328 455 140
440 455 112
257 455 141
264 456 122
296 456 138
291 456 137
288 457 52
101 457 119
410 457 129
188 458 146
303 458 133
320 458 112
323 459 71
209 459 116
303 459 93
269 460 50
281 460 143
406 460 118
349 461 109
352 461 51
436 461 110
461 462 142
426 462 101
245 462 56
327 463 104
460 463 130
440 463 124
207 464 102
340 464 68
455 464 96
267 465 136
433 465 131
439 465 138
300 466 89
415 466 64
410 466 81
319 467 93
376 467 79
309 467 149
253 468 68
370 468 139
363 468 100
303 469 121
443 469 93
282 469 128
295 470 98
430 470 140
370 470 123
311 471 75
373 471 148
227 471 142
322 472 71
374 472 95
204 472 59
465 473 68
320 473 56
278 473 133
153 474 143
399 474 108
262 474 97
420 475 90
437 475 57
433 475 109
274 476 88
218 476 109
313 476 79
177 477 144
421 477 134
239 477 100
306 478 138
179 478 141
403 478 83
283 479 53
340 479 66
353 479 145
416 480 87
173 480 115
272 480 101
280 481 116
464 481 121
302 481 82
344 482 148
308 482 115
343 482 148
205 483 57
448 483 61
393 483 97
227 484 54
287 484 100
439 484 142
186 485 59
386 485 126
475 485 114
275 486 52
413 486 59
305 486 80
246 487 60
298 487 147
226 487 124
479 488 65
389 488 123
469 488 76
413 489 102
351 489 134
393 489 115
487 490 133
348 490 51
408 490 77
406 491 52
231 491 129
172 491 106
391 492 91
135 492 112
410 492 54
327 493 134
416 493 81
245 493 113
171 494 92
289 494 54
380 494 113
316 495 135
414 495 75
242 495 68
297 496 59
301 496 140
352 496 93
186 497 144
221 497 141
359 497 79
424 498 83
297 498 107
440 498 146
366 499 119
330 499 57
428 499 124
325 500 106
381 500 75
338 500 102
