1

100 500
362
48
363
418
127
252
110
308
218
352
135
453
47
233
3
296
36
149
404
235
325
217
164
465
89
45
284
295
190
350
460
463
18
288
227
421
284
266
69
64
173
254
268
454
360
381
209
262
204
107
329
447
498
424
12
73
474
59
177
444
191
30
396
39
235
214
234
343
356
352
282
269
39
26
307
248
202
424
477
51
327
190
313
176
387
315
196
437
50
239
212
184
316
408
284
399
92
51
73
186
2 4 205
3 4 130
1 4 662
3 5 1043
1 5 304
4 5 901
2 6 329
3 6 539
5 6 86
1 7 963
6 7 894
3 7 957
7 8 191
2 8 416
5 8 718
5 9 252
6 9 273
2 9 554
7 10 884
2 10 282
1 10 688
7 11 694
5 11 537
10 11 744
2 12 807
10 12 177
7 12 258
1 13 353
8 13 299
10 13 976
10 14 316
2 14 461
7 14 624
13 15 837
2 15 106
14 15 375
13 16 452
10 16 916
5 16 600
11 17 354
8 17 751
4 17 883
6 18 912
8 18 219
11 18 177
4 19 195
16 19 929
3 19 129
1 20 863
14 20 819
18 20 172
18 21 743
17 21 687
14 21 58
12 22 547
15 22 1028
6 22 721
20 23 345
9 23 185
21 23 509
15 24 390
16 24 295
3 24 369
21 25 154
8 25 821
6 25 944
4 26 605
24 26 604
20 26 118
16 27 270
4 27 482
19 27 317
25 28 946
3 28 725
18 28 837
23 29 677
17 29 782
12 29 420
26 30 303
27 30 241
15 30 858
30 31 991
16 31 584
1 31 652
13 32 831
9 32 857
23 32 134
32 33 759
8 33 504
24 33 567
26 34 660
9 34 364
18 34 264
13 35 214
14 35 350
16 35 139
28 36 602
9 36 413
32 36 268
34 37 293
33 37 467
14 37 500
17 38 192
27 38 169
18 38 349
28 39 1004
13 39 652
19 39 241
34 40 503
1 40 617
19 40 352
32 41 251
21 41 797
11 41 431
11 42 198
36 42 132
37 42 788
19 43 288
9 43 896
11 43 87
27 44 327
24 44 483
28 44 228
29 45 1006
39 45 497
30 45 371
36 46 998
42 46 755
12 46 363
45 47 516
28 47 554
33 47 166
39 48 792
44 48 459
40 48 708
35 49 947
26 49 582
36 49 675
47 50 896
28 50 457
42 50 916
38 51 111
23 51 633
37 51 553
38 52 751
12 52 754
32 52 875
38 53 454
32 53 225
50 53 772
38 54 848
15 54 198
30 54 237
33 55 72
42 55 251
30 55 615
26 56 905
23 56 456
36 56 430
54 57 652
12 57 113
25 57 250
36 58 453
25 58 957
40 58 65
40 59 839
52 59 1017
26 59 573
22 60 443
42 60 965
38 60 593
3 61 842
17 61 226
31 61 160
60 62 1020
57 62 616
54 62 811
60 63 984
34 63 147
24 63 405
63 64 852
53 64 994
20 64 1015
17 65 625
29 65 51
54 65 531
52 66 425
49 66 876
57 66 799
59 67 544
21 67 1014
52 67 169
43 68 393
35 68 863
63 68 548
61 69 452
58 69 280
55 69 468
51 70 263
47 70 173
37 70 717
57 71 628
59 71 987
55 71 362
21 72 656
24 72 843
69 72 543
39 73 572
15 73 265
40 73 436
47 74 653
27 74 753
37 74 384
49 75 977
65 75 861
33 75 674
74 76 764
20 76 814
22 76 65
62 77 659
22 77 794
68 77 558
65 78 497
75 78 69
70 78 848
54 79 287
50 79 963
43 79 408
45 80 914
72 80 281
22 80 559
37 81 861
67 81 747
42 81 595
62 82 663
39 82 477
22 82 918
23 83 862
82 83 516
30 83 430
61 84 894
41 84 771
49 84 920
75 85 138
40 85 525
80 85 290
33 86 973
67 86 586
19 86 880
31 87 862
62 87 615
78 87 577
34 88 835
73 88 366
55 88 52
78 89 248
60 89 136
48 89 95
84 90 575
89 90 762
59 90 97
65 91 1041
56 91 861
45 91 235
80 92 946
49 92 583
64 92 67
57 93 209
61 93 153
74 93 158
29 94 235
31 94 696
93 94 477
58 95 323
49 95 55
91 95 919
34 96 392
29 96 252
87 96 369
85 97 314
55 97 670
65 97 578
57 98 516
65 98 978
72 98 398
44 99 644
93 99 461
61 99 856
29 100 973
94 100 224
86 100 621
43 101 492
27 101 1045
64 101 202
85 102 499
52 102 571
100 102 860
95 103 57
71 103 411
67 103 728
95 104 972
79 104 651
101 104 142
45 105 397
84 105 1045
70 105 894
56 106 419
87 106 410
25 106 1026
31 107 286
94 107 407
86 107 336
93 108 865
84 108 777
78 108 86
70 109 746
103 109 577
96 109 156
99 110 922
52 110 256
63 110 1004
81 111 886
53 111 444
103 111 650
66 112 437
62 112 815
91 112 138
76 113 858
47 113 417
84 113 773
54 114 424
100 114 1035
79 114 251
61 115 736
51 115 389
60 115 602
72 116 52
95 116 220
108 116 379
68 117 972
104 117 519
60 117 225
106 118 375
112 118 976
91 118 711
95 119 644
99 119 516
79 119 70
115 120 856
99 120 90
76 120 984
77 121 804
104 121 804
110 121 123
97 122 240
59 122 1018
50 122 639
83 123 78
59 123 405
80 123 859
67 124 627
107 124 485
63 124 99
121 125 559
78 125 82
75 125 811
66 126 518
121 126 282
95 126 477
91 127 101
109 127 693
88 127 803
103 128 948
31 128 351
118 128 85
56 129 656
91 129 1048
73 129 192
92 130 403
75 130 387
105 130 91
111 131 321
100 131 908
116 131 336
88 132 914
84 132 433
100 132 520
117 133 791
128 133 968
20 133 609
55 134 1036
80 134 921
51 134 311
103 135 185
35 135 280
64 135 739
117 136 256
83 136 53
106 136 684
86 137 239
69 137 589
77 137 450
74 138 776
106 138 904
97 138 886
72 139 101
92 139 534
86 139 398
94 140 791
115 140 479
56 140 366
104 141 992
107 141 191
75 141 525
93 142 483
129 142 690
68 142 272
132 143 708
97 143 473
122 143 91
51 144 787
71 144 324
41 144 975
107 145 481
70 145 277
79 145 1025
126 146 55
69 146 467
43 146 938
139 147 263
44 147 606
90 147 56
125 148 868
45 148 484
129 148 85
99 149 384
58 149 380
126 149 388
103 150 821
133 150 1022
112 150 515
105 151 136
145 151 737
93 151 728
139 152 550
39 152 222
67 152 115
149 153 288
66 153 980
72 153 503
122 154 54
86 154 351
62 154 998
152 155 686
48 155 345
125 155 247
48 156 825
87 156 509
41 156 77
46 157 443
69 157 727
137 157 428
35 158 486
127 158 288
102 158 414
155 159 973
56 159 987
70 159 282
64 160 445
51 160 220
151 160 794
87 161 869
88 161 617
74 161 330
94 162 822
140 162 929
100 162 685
77 163 945
134 163 410
138 163 327
110 164 221
154 164 538
73 164 872
155 165 97
164 165 625
141 165 801
125 166 1027
71 166 526
156 166 165
76 167 87
50 167 260
123 167 484
87 168 905
152 168 1049
66 168 466
162 169 818
96 169 247
149 169 638
143 170 386
50 170 1013
25 170 912
74 171 633
110 171 668
158 171 650
64 172 692
112 172 228
116 172 912
166 173 705
141 173 1007
169 173 641
73 174 252
118 174 551
155 174 625
149 175 981
142 175 873
157 175 715
41 176 285
125 176 654
113 176 984
124 177 906
108 177 488
132 177 541
156 178 751
134 178 626
175 178 562
158 179 859
139 179 664
92 179 264
73 180 481
83 180 455
112 180 64
71 181 314
144 181 564
99 181 138
117 182 627
83 182 758
151 182 137
160 183 600
113 183 388
141 183 684
114 184 201
136 184 407
150 184 327
162 185 970
46 185 606
154 185 474
79 186 418
143 186 893
168 186 480
164 187 964
169 187 227
162 187 425
145 188 157
96 188 688
131 188 496
188 189 225
85 189 266
186 189 786
176 190 918
69 190 277
80 190 808
111 191 853
105 191 542
155 191 739
66 192 879
177 192 120
85 192 650
173 193 50
162 193 133
129 193 143
147 194 229
164 194 862
128 194 984
76 195 114
44 195 279
179 195 233
183 196 57
35 196 347
172 196 751
117 197 612
43 197 515
81 197 365
118 198 845
85 198 450
146 198 545
107 199 296
176 199 699
158 199 279
166 200 943
120 200 94
148 200 886
107 201 113
90 201 770
198 201 669
174 202 831
133 202 549
200 202 270
195 203 318
182 203 726
186 203 481
174 204 1012
193 204 415
198 204 89
193 205 134
195 205 616
94 205 639
97 206 630
170 206 583
194 206 615
83 207 948
197 207 383
183 207 510
155 208 995
104 208 504
129 208 111
158 209 963
147 209 825
128 209 432
88 210 57
177 210 893
90 210 277
146 211 683
121 211 386
189 211 640
200 212 94
114 212 425
141 212 305
151 213 870
184 213 244
90 213 992
134 214 941
137 214 226
151 214 681
210 215 1023
130 215 266
163 215 201
196 216 345
146 216 97
201 216 1023
131 217 462
200 217 311
139 217 305
174 218 472
153 218 367
187 218 349
68 219 620
159 219 502
169 219 897
158 220 834
142 220 1023
206 220 466
78 221 685
109 221 359
217 221 972
130 222 554
156 222 424
204 222 536
160 223 144
111 223 124
110 223 69
209 224 164
97 224 795
136 224 791
191 225 922
108 225 166
219 225 459
47 226 179
89 226 780
133 226 562
58 227 986
204 227 141
146 227 409
115 228 189
123 228 558
181 228 873
58 229 370
183 229 622
202 229 871
187 230 783
219 230 966
92 230 791
149 231 227
135 231 632
46 231 156
126 232 993
165 232 401
125 232 266
197 233 305
140 233 658
41 233 802
108 234 385
193 234 420
214 234 390
48 235 224
225 235 431
105 235 275
134 236 651
111 236 984
201 236 267
230 237 178
108 237 542
164 237 504
116 238 410
138 238 743
234 238 961
149 239 130
220 239 258
166 239 382
177 240 332
159 240 900
219 240 195
120 241 656
156 241 522
199 241 872
133 242 421
101 242 173
169 242 310
88 243 95
189 243 375
241 243 500
225 244 700
187 244 380
200 244 150
237 245 184
104 245 766
230 245 381
123 246 612
227 246 215
127 246 85
139 247 730
151 247 789
178 247 70
90 248 652
220 248 185
217 248 838
141 249 214
123 249 145
122 249 202
183 250 694
169 250 660
240 250 1018
211 251 491
46 251 956
206 251 656
142 252 136
182 252 210
113 252 932
109 253 246
226 253 626
147 253 655
243 254 400
110 254 938
82 254 211
254 255 79
178 255 140
71 255 707
114 256 585
214 256 256
179 256 174
229 257 734
174 257 471
209 257 445
230 258 982
106 258 847
115 258 568
136 259 1034
116 259 626
232 259 936
121 260 171
214 260 618
243 260 459
175 261 767
129 261 121
212 261 512
248 262 792
252 262 556
161 262 628
156 263 925
115 263 413
142 263 584
130 264 285
164 264 53
253 264 244
157 265 998
116 265 699
135 265 91
118 266 261
196 266 940
127 266 105
200 267 602
222 267 620
205 267 470
219 268 281
235 268 358
162 268 812
189 269 373
131 269 685
142 269 142
222 270 313
235 270 186
188 270 1049
249 271 156
53 271 896
127 271 513
166 272 242
109 272 661
195 272 346
251 273 425
150 273 406
167 273 205
216 274 589
113 274 149
224 274 749
222 275 521
173 275 843
98 275 645
92 276 144
120 276 250
96 276 60
243 277 557
180 277 387
229 277 512
209 278 251
167 278 753
265 278 252
138 279 769
194 279 659
101 279 82
255 280 211
256 280 609
238 280 359
96 281 980
144 281 891
170 281 917
250 282 904
147 282 823
222 282 665
251 283 421
263 283 412
247 283 585
144 284 907
46 284 987
225 284 72
251 285 917
276 285 499
179 285 429
226 286 910
258 286 700
224 286 884
184 287 509
44 287 339
179 287 1020
230 288 616
201 288 201
232 288 828
101 289 236
230 289 185
109 289 690
251 290 330
206 290 568
244 290 436
133 291 1006
210 291 566
222 291 869
256 292 707
181 292 702
184 292 771
127 293 491
249 293 1021
233 293 407
247 294 311
150 294 674
136 294 716
227 295 647
233 295 741
283 295 444
286 296 145
208 296 667
229 296 795
196 297 254
258 297 628
124 297 366
183 298 1023
140 298 958
120 298 1017
272 299 171
213 299 889
106 299 987
119 300 526
244 300 340
242 300 970
89 301 496
119 301 1007
246 301 884
178 302 141
267 302 89
138 302 264
205 303 561
105 303 803
147 303 547
175 304 498
286 304 188
68 304 499
190 305 716
134 305 865
268 305 63
207 306 341
77 306 905
197 306 330
203 307 863
260 307 521
270 307 564
77 308 614
229 308 398
175 308 557
173 309 288
177 309 506
235 309 240
196 310 958
175 310 798
167 310 694
178 311 712
120 311 613
131 311 296
178 312 770
191 312 434
255 312 225
143 313 977
305 313 556
211 313 828
168 314 950
152 314 666
145 314 486
223 315 310
154 315 74
148 315 557
226 316 283
190 316 265
138 316 227
145 317 812
216 317 427
284 317 128
308 318 1024
312 318 232
98 318 754
259 319 664
262 319 946
182 319 992
102 320 634
254 320 720
228 320 715
286 321 889
194 321 517
187 321 557
247 322 831
154 322 556
284 322 736
280 323 381
304 323 868
154 323 305
223 324 523
89 324 638
63 324 711
117 325 822
296 325 637
279 325 103
279 326 751
98 326 399
252 326 154
220 327 922
144 327 455
241 327 844
223 328 563
291 328 1015
180 328 955
304 329 904
232 329 553
274 329 993
253 330 80
310 330 328
152 330 1013
146 331 546
181 331 651
238 331 866
254 332 52
201 332 1026
204 332 864
198 333 978
315 333 889
239 333 335
290 334 602
197 334 676
206 334 732
132 335 664
308 335 74
246 335 214
124 336 204
53 336 981
298 336 432
195 337 500
282 337 829
327 337 625
277 338 342
196 338 802
328 338 446
262 339 1018
199 339 748
243 339 1004
326 340 777
225 340 921
315 340 383
132 341 235
290 341 1020
185 341 750
132 342 373
277 342 51
143 342 283
82 343 741
240 343 500
181 343 835
248 344 318
136 344 551
300 344 977
303 345 813
210 345 89
124 345 364
137 346 363
214 346 616
215 346 395
238 347 991
194 347 803
260 347 210
122 348 660
281 348 780
313 348 944
335 349 145
258 349 674
143 349 879
257 350 175
324 350 867
199 350 228
316 351 540
297 351 812
167 351 139
247 352 567
287 352 104
260 352 936
325 353 149
194 353 496
307 353 113
211 354 222
283 354 429
118 354 431
240 355 153
231 355 885
348 355 1039
306 356 978
193 356 795
346 356 164
193 357 810
128 357 314
208 357 916
89 358 1033
182 358 704
145 358 602
315 359 502
252 359 459
285 359 133
343 360 666
315 360 509
291 360 113
344 361 250
243 361 539
244 361 846
261 362 601
102 362 92
254 362 374
361 363 1024
185 363 493
119 363 1011
316 364 680
349 364 999
128 364 598
201 365 530
307 365 247
212 365 107
220 366 387
198 366 93
199 366 727
225 367 486
285 367 785
330 367 929
167 368 656
165 368 660
367 368 1024
265 369 849
213 369 477
221 369 1026
209 370 701
343 370 184
360 370 682
82 371 381
228 371 920
296 371 492
290 372 800
294 372 741
264 372 1041
211 373 266
119 373 846
324 373 890
244 374 714
152 374 465
338 374 1037
365 375 860
263 375 728
180 375 940
247 376 322
361 376 601
153 376 141
342 377 612
326 377 387
296 377 304
318 378 163
232 378 794
305 378 206
121 379 705
347 379 57
259 379 52
299 380 400
377 380 653
255 380 940
372 381 493
289 381 591
309 381 505
160 382 317
249 382 1039
273 382 118
98 383 112
314 383 653
298 383 66
219 384 340
150 384 621
254 384 218
195 385 397
213 385 90
370 385 877
319 386 849
362 386 235
310 386 629
309 387 425
205 387 569
373 387 841
185 388 86
261 388 375
216 388 324
371 389 604
202 389 766
328 389 391
262 390 813
345 390 947
210 390 945
313 391 265
265 391 746
186 391 706
122 392 755
339 392 534
294 392 434
123 393 615
199 393 584
221 393 849
371 394 259
347 394 442
150 394 271
362 395 345
260 395 259
265 395 896
270 396 770
124 396 801
271 396 945
280 397 603
240 397 275
184 397 797
111 398 447
262 398 373
140 398 824
282 399 518
368 399 447
190 399 824
212 400 55
364 400 895
267 400 155
319 401 636
176 401 957
226 401 422
295 402 125
213 402 527
250 402 668
351 403 909
326 403 181
192 403 196
235 404 735
394 404 550
309 404 537
385 405 906
284 405 454
328 405 144
257 406 220
402 406 947
76 406 752
210 407 60
349 407 154
286 407 804
237 408 671
159 408 478
334 408 292
180 409 758
220 409 408
252 409 1011
102 410 764
283 410 633
333 410 266
311 411 772
276 411 783
352 411 72
293 412 575
289 412 126
381 412 261
260 413 677
221 413 923
309 413 163
148 414 69
365 414 555
182 414 518
303 415 338
358 415 531
205 415 763
257 416 581
294 416 442
327 416 229
207 417 340
48 417 743
355 417 251
218 418 845
383 418 360
266 418 671
340 419 161
359 419 157
357 419 93
176 420 980
333 420 188
404 420 235
279 421 867
325 421 284
255 421 950
185 422 96
229 422 410
184 422 499
355 423 152
255 423 179
112 423 839
234 424 250
265 424 349
191 424 525
192 425 263
174 425 682
267 425 1022
292 426 381
369 426 222
137 426 640
392 427 241
410 427 343
218 427 835
317 428 789
333 428 985
288 428 450
318 429 101
294 429 529
215 429 187
291 430 682
337 430 461
297 430 1003
412 431 83
251 431 772
135 431 835
180 432 306
261 432 78
400 432 680
168 433 835
408 433 241
331 433 145
428 434 678
82 434 96
318 434 743
380 435 505
249 435 681
197 435 674
278 436 489
157 436 66
228 436 822
163 437 123
302 437 573
427 437 326
346 438 233
214 438 929
300 438 162
341 439 729
315 439 506
424 439 383
302 440 795
340 440 50
102 440 493
198 441 64
221 441 77
321 441 449
323 442 683
345 442 663
333 442 667
131 443 117
332 443 421
268 443 264
428 444 591
185 444 558
324 444 782
235 445 508
363 445 348
430 445 102
366 446 777
405 446 110
306 446 471
236 447 552
397 447 312
319 447 314
357 448 260
344 448 709
385 448 777
385 449 654
269 449 84
356 449 703
206 450 515
272 450 990
276 450 557
170 451 141
420 451 598
350 451 609
353 452 536
330 452 107
326 452 246
213 453 55
286 453 166
204 453 70
448 454 899
376 454 805
325 454 153
328 455 140
440 455 512
257 455 1041
264 456 722
296 456 938
291 456 1037
288 457 152
101 457 919
410 457 429
188 458 246
303 458 833
320 458 212
323 459 971
209 459 216
303 459 693
269 460 150
281 460 343
406 460 118
349 461 209
352 461 251
436 461 1010
461 462 542
426 462 701
245 462 356
327 463 504
460 463 330
440 463 1024
207 464 402
340 464 268
455 464 696
267 465 636
433 465 431
439 465 138
300 466 889
415 466 64
410 466 581
319 467 393
376 467 579
309 467 949
253 468 968
370 468 839
363 468 900
303 469 121
443 469 93
282 469 128
295 470 798
430 470 640
370 470 723
311 471 475
373 471 448
227 471 342
322 472 671
374 472 295
204 472 259
465 473 568
320 473 656
278 473 933
153 474 143
399 474 708
262 474 697
420 475 190
437 475 257
433 475 909
274 476 388
218 476 109
313 476 579
177 477 844
421 477 534
239 477 1000
306 478 738
179 478 141
403 478 583
283 479 753
340 479 366
353 479 345
416 480 187
173 480 115
272 480 101
280 481 716
464 481 221
302 481 82
344 482 348
308 482 815
343 482 548
205 483 557
448 483 261
393 483 497
227 484 154
287 484 600
439 484 242
186 485 159
386 485 426
475 485 1014
275 486 252
413 486 159
305 486 180
246 487 760
298 487 147
226 487 624
479 488 565
389 488 1023
469 488 776
413 489 402
351 489 534
393 489 515
487 490 733
348 490 651
408 490 877
406 491 252
231 491 1029
172 491 1006
391 492 891
135 492 212
410 492 854
327 493 234
416 493 481
245 493 913
171 494 692
289 494 854
380 494 1013
316 495 835
414 495 875
242 495 768
297 496 559
301 496 140
352 496 393
186 497 444
221 497 1041
359 497 179
424 498 983
297 498 807
440 498 246
366 499 719
330 499 857
428 499 524
325 500 906
381 500 75
338 500 802
