100
3 26000000 6000000 11000000
3 11 1 10
3 22371 22371 97330398
2 99581178 38363460
3 1393478 52386948 1393478
3 49061308 99887929 99887929
2 81648860 29783572
3 79143708 1619311 1619311
3 86469185 86469185 13888269
3 39955155 89080820 89080820
3 29369042 90010961 90010961
2 66408624 29983143
3 18052054 28120700 18052054
3 7419889 10024585 10024585
2 42907497 28560989
3 19560380 12317485 19560380
2 10238214 11706569
2 38232343 48113653
2 9770019 11160226
3 36562760 36562760 46045933
2 7528533 14656163
3 39606065 39606065 42675628
3 80102300 40051150 40051150
2 71419196 35709598
3 12993417 12993417 25986834
2 31010989 62021978
3 96068804 48034402 48034402
2 36942103 73884206
2 3642932 21857592
3 2998461 83956908 2998461
3 50458032 50458032 16819344
3 79806088 19951522 19951522
3 67633314 67633314 45088876
3 79718022 93004359 79718022
3 78722510 78722510 94467012
2 86537295 88756200
2 91266464 68449848
2 67177047 44784698
3 37934110 18967055 37934110
3 25843026 25843026 34457368
3 32473330 32473330 16236665
2 85870040 86803410
3 3547 5878 3546
3 48471 48472 2346
3 3370 2346 298657
3 18787426 46491072 91230582
3 5466828 2783840 10175264
3 23003700 47218050 7743476
3 22857231 3506697 2224731
3 389669 14545663 8481317
3 97677000 92065999 81647119
3 63447690 33741494 17144082
3 383527 13678471 6625783
3 1772080 47619764 33283104
3 7984656 4367728 3855312
3 37379620 77267958 6879850
3 5986327 63882919 16336121
3 45620032 4304580 14109202
3 72798300 92679300 92030700
3 23711151 9640340 19737795
3 10545475 8933652 4385152
3 67603877 35073712 81213391
3 32786532 6163137 48201012
3 2699586 3405150 5889429
3 39875446 45832508 31333807
3 57211284 3292082 19514482
3 36920157 9406151 54891045
3 53227530 31492355 4596255
3 61414 2369183 9748507
3 38704566 18060276 33822982
3 27651204 56654073 22274581
3 10255734 18318418 20898254
3 406378 4074328 1103503
3 9827678 62574754 40817670
3 5110519 11269 3573919
3 25062797 127164 12809214
3 5198370 13554804 7735377
3 32070530 20966825 12555794
3 11385233 20368021 4853145
3 57881167 38542085 30409669
3 18267951 5126816 10649884
3 37094255 5390793 25672971
3 97448215 76792290 20019245
3 68213534 93369154 22009334
3 70200526 33459058 88452878
3 46265381 2756933 53250389
3 7794579 14245725 6251817
3 3613184 18500777 369174
3 21869638 35030009 24063781
3 12753504 38993472 92194152
3 11752748 18966002 27594776
3 3846480 1381360 5519240
3 27830910 9730284 36781625
3 93881361 97070765 49489516
3 25629216 51013848 84014200
3 2203863 767227 4978923
3 260546 90640 174416
3 20097304 2902066 37461184
3 88945443 59569581 8286
3 31029806 35839226 7364059
