67

116 23
3273675089
2433630394
1257734458
3403741921
2433630257
4260928860
4260928851
962189660
4024443917
3237523171
723779253
1969355005
1316355529
2300942835
2433630239
1362646662
3182598748
4113302362
4024713826
408245617
3935435773
3182598722
3706757103
3842611032
944193021
1833266566
3059293138
1948819404
3842611065
2433630300
4275912953
2300942740
2433630338
586839870
1560285628
1888200167
2830407400
3403741869
4002927206
4246908451
3367208069
2676091196
2676091271
3589960929
4130608026
3129752310
3218901792
3842611006
2111840536
4056947019
4260928713
1105199247
2034867925
1750915581
1334345927
1506814705
2603797245
2300942812
2298871964
3320877159
4134966394
2433630403
3146803357
168280753
3218901677
1773060554
2270721773
4247918890
4247827498
3182598721
3849054553
397393817
1540441287
3667576810
2353644561
3935862155
4275912887
2300942744
1001437719
2676091263
3769380185
3619681578
3444045582
3919490329
2300942727
2433630372
3789852080
4024713942
2337682818
3979169698
4247918803
2519061463
4052332727
2300942793
1485079115
3917587529
3497073356
2842739579
3236717745
2585579975
1011286194
3264752605
3842611053
1466311454
2298027036
3553380285
4024713952
2298872050
1433109217
3564188420
4260928795
2433630273
2433630210
2353644405
2433630339
2114305888

131 40
1833266683
4289168133
741129782
4052332831
2936988312
3706757141
2341578638
2174082775
2337682817
3218901670
3233257751
1986126182
4217884134
2220241171
3783732553
2433630343
4024713759
474490290
1833266702
4058288638
2300942786
4024713844
3613509683
2647062781
476793257
3842611009
2267555897
1548133445
3403741963
4024713946
959541392
2310527214
3696273422
3753561868
1579306992
4052332839
1438779964
4275912945
590850787
4024713939
3727051914
2367284368
3847458654
4003790106
1948819419
2300942864
1777787485
2433630403
3989517523
2987508028
4024713928
2300942846
2300942864
3795600779
2300942857
4260928862
2716820832
4024713964
2583791832
4284939291
1559852132
1393412590
4247918750
1851255434
1453168413
4002927234
2802721964
3932661540
1750915532
4215925168
3590722029
3842611074
2914321845
3917587531
3917587460
2922063434
3917587530
1265685168
1952267464
3500080191
2433630356
2357882097
465828606
938102045
2433630310
2433630262
1631577784
605468178
2114305741
3776759508
2925599184
3915595437
1851255324
2433630290
3842611074
1667186600
2449221079
3121932373
3536103314
1190890789
3182598702
4071665916
1001118750
4152412195
2300942856
161396791
1255526117
4052332845
2433630225
2880755347
3867516429
2802722031
3842611054
1932208681
3642720603
1424129668
2300942830
3823813600
4024713956
1453168298
3917587541
1351229595
3935862198
2880755304
3917587479
3320877241
468991842
1202442195
1667186689
3917587397
944193048

188 15
4085747845
4260928792
4194609723
1453168410
2122690282
1016218325
2842739532
1851255408
2783696249
3314522119
4038802210
1963780504
1438780083
3403741847
3917587482
2848120855
367876732
2433630394
3820524380
3029043503
1096104675
2186332324
2424503775
2877207454
2894161616
1294268772
4052195042
2319583094
2505899098
2263660723
4179864689
4148691307
4024713918
2140472009
2256405661
3917587414
4284939140
1506814694
2539418728
3182598738
2224227204
3570613932
1448248468
2415253757
1485393195
4052332701
3917587476
3182598712
2328476575
1649329074
3917587395
4272227214
1857056416
1833266657
1759235212
3353981851
2327794438
2362150472
2834915935
3273675042
1351229618
2131439489
2842739529
1484623734
2505899169
2539418835
3665524707
2300942838
2842739548
3453569270
3453569368
3429526106
4256880950
3602381521
4068539377
3399082055
2114305889
1833266700
3254370519
1902067424
4024713950
659005905
2660792648
2692738688
3842611045
3842611040
4260928707
3706757119
1513703304
4185610539
4008610594
2073373371
4260928859
2481335557
3429782318
2337682846
2808282200
2300942816
436273262
2251846446
391995629
4279921347
944193019
3889084821
2875061054
1496441614
1506814693
3190373071
4024713950
1997191511
1032568107
3934302653
2297567944
2433630345
4215925182
2114305709
3936494989
2300942633
2205575655
4052332671
2842739554
2415253806
405082157
4113302369
4247918916
4052332815
2300942776
1976388022
4052332843
1282463510
4034659048
4024713902
1294268723
3165262917
4024713935
3596848871
3842610855
2802721833
4024713891
4040972886
3917587334
1692327108
1631577774
1484623647
3059293163
1851255351
3609091100
3530779076
4216166091
965263421
2187468058
2267555873
3917587494
1750915575
3867838325
3182598752
3917587526
2267555885
2913778152
3787505904
4270507139
3642720571
3917587520
2433630247
2267555918
4275912754
3917587455
2357882115
1765864646
4275912819
4139429008
1692327034
2868398255
3884633039
2433630386
4085747782
4184418349
1496441602
3917587491
1667186728
1997191512
4113302343
3842611038
2267555868
1453168412
1631577825
1851255447
436273244

1 1
3

1 1
4

1 1
5

158 23
1851255321
3186514053
3129121773
3220593604
3642607105
3322143907
3259341946
3337095036
1579306993
4011238575
4037958446
1255526086
2191208331
3776759493
3574491978
3792188107
3182598758
3217045056
3935862075
2463227854
3111496485
3274532374
1700054561
3169908760
3917587334
2460954429
3935862063
3917587500
2839693398
4024713771
3182598680
3639807339
1053465009
4275912950
4157060706
3842611071
3792188096
3917587526
1496441579
1771875149
2140471938
3936495051
2018361772
2400862040
3917587514
4024713870
1453168390
1948819400
3842611047
4260928868
436273267
1631577774
2650773324
3842610994
2076563073
2661555423
2223792881
2300942813
866957419
3494253489
2742585839
3202516097
1588640643
3917587473
860204478
895387004
516540399
3917587394
3218901688
1765325456
2230407111
2220241171
3629854953
1750915582
3907529571
649580382
2660792684
2300942806
4247918882
2433630379
1855047441
3367208043
3282738081
530580171
213158443
4113302391
4024713876
3583585521
3220593741
3609875365
3130020629
2579722596
4215925084
4209796355
1202442330
2300942835
2851581790
1851255421
2616630847
3707847643
3795600832
4052332713
1755406598
2845236771
3083609053
3323472400
202107753
564723327
106092507
2300942845
1141831522
3273674970
4247918890
4246908430
2889335148
3756553478
3182598685
4024713929
852930368
4207338180
3706756981
3367207909
4184418295
2357882210
2979886035
3706757080
2661555461
1543807518
3692402159
3339140524
2300942697
2842739576
2539418804
2362150518
2418857044
1391048165
2802721982
3750382732
2300942775
4260928850
4212422137
2979886166
3917587318
3031796776
1313115682
3274340487
4230123345
2438677181
4024713817
1667186613
4275912909
3642720603
3671493151
3650969272
2433630333
4024713950
1774486722
4112100582

79 11
3574491975
3415012837
4227924757
3879332767
3263952039
1750915525
3367207917
3089469105
2820185954
2337682709
1750915579
2300942706
3716124672
1211012943
3917587505
516540401
2433630210
976540262
2187467984
2910946840
835120123
782546491
3629854896
2880755355
4052332813
2716151734
276254801
3869608897
4247918911
1851255461
3762084742
649580428
3324471595
2650624814
4289168082
4024713933
4068308331
2645430726
2300942736
2207984397
890266494
4052195050
4052332774
1871910151
3907130651
2893500763
2300942664
4275912819
1202442171
2603727221
4248327485
151580090
3345769044
1453168410
2433630364
1630993705
1430486588
3472844893
2789013269
3630981732
2213176003
1855047404
1997191444
4024713885
2739128056
1887241814
1833266684
4177280051
3059479085
3088649119
1415851075
1851255336
3716260067
1570356543
2300942796
2716820765
4168397104
4211754118
3842611029

180 11
1983838426
2520553073
2067063712
1050292872
4260928815
1579306988
1202442262
2421032648
2433630336
2563301608
1872852185
2267555878
1692327123
4077966809
2111840689
1481048504
3403741971
1382124412
2114305880
514210448
3683881439
2676091114
4112100551
4099268727
2433630294
1855047337
2083504636
1948819384
3171364070
4056947118
3173306889
4261024348
2842739485
4215925142
4024713901
1496441516
921336386
2000086475
1948819351
3917587422
1588640648
3402493930
2639391479
4024713912
2987819420
2433630240
1469676370
747194787
3842611045
1824578784
944192982
3227256676
2433630393
2300942824
1666360643
1631577828
2818577771
2357882191
3551872860
2675866443
2011150295
1495769289
1961038543
1039439508
3483134663
3182598731
3182598691
3364321262
2630012632
2213331927
2300942648
1188932047
3495994917
4050573744
4024713928
4275811584
3108065105
2842739514
3917587492
3590721972
4011238444
2280955774
4120246698
58102142
314919574
3204158787
3490256134
3204158812
4068539547
2337682857
3511907113
3372412522
2539418853
4215925031
4024713909
2539418636
1786336166
2433630345
649580425
4260928664
2433630212
2031086143
3060643898
1453168322
1282463501
3792187940
4190728925
3561859078
3320877068
3914936509
4247918819
2061498012
2802722019
2505899081
802584269
4188629567
3372412516
4052332844
3220593748
2076721661
3842611035
2040841979
590850752
3850866592
3702059879
3983822861
708730374
3842610857
1184042376
4113302382
2434032703
3747560189
2267555918
3329188986
4024713941
4024713937
3917587494
1997191400
1806149127
3917587338
1851255458
2539418790
2848412151
2650357038
2207674199
3921818172
3792188043
2842739552
2460954394
2017158255
2267555806
4269975163
2251414105
2159773451
2190052151
1872852179
1833266689
1579306970
2300942631
3014504582
1667186680
2787375495
3826509748
1579307055
2676091234
687704905
3618445673
2267555912
3357845499
3122202150
3884407521
436273200
3917587350
1516828935
4157786039
2217020670
743828568
3041425586
1765578627
3911449824

159 23
4292737482
2415253801
2240041926
3337094907
3429782376
3917587504
4147118189
4024713957
3947606392
1461724777
4247918910
3295091699
4024713882
3917587503
1484623742
4289168126
2300942687
2975779686
2539418858
3917587504
4181760333
436273274
3130399809
1585711451
3372412470
4275912951
2072266863
4288717719
3202979525
3320877215
4275912901
1406603136
1692327004
3402493971
4068539432
3237087821
4011238543
1166781343
1237765260
1391048231
4008610574
2300942778
3314522051
4024713959
3479447964
2300942794
1485079226
1453168402
3362175546
3220593736
4052332842
944193028
4247918862
852466419
4275912954
4052332825
1855047312
3602381574
1202442199
3282491286
3661396259
2901037850
4275912935
1453168417
4275912952
3359724218
3937983144
4024713935
3372412425
2615998588
3131458495
3706757020
3982073847
3842611029
4178450154
2300942770
4139429073
4053113210
2597935036
4260928876
2134385538
3337094984
1692327098
3786832275
287909835
4246908494
3271181962
2616622571
2102253016
2758371620
3896509001
3182598749
4275912878
1179797765
4275912745
1282463530
2539418822
3936494984
2716820788
2539418830
1465210518
2196758383
4123973706
517165224
926709308
3421363020
4024713959
2839693277
4260928831
1649329231
3326982907
2839693316
2433630261
4024713926
302729362
3917587444
4024713922
1579307027
4024713773
984734803
4215925040
1588640635
4260928756
2433630379
4215925173
2891509550
3917587521
2548998947
3959429284
1465808815
4052332781
4098114751
4157060622
3936494920
3628753326
4178200231
3629002515
2532206373
2823892620
3060425977
2300942844
1202442182
2300942814
3228672981
3403741822
4264059040
2008916767
4024713735
267988065
3429782263
3117495363
2997694826
2006225485
1114936095
1163404677
2539418857
4024713938
2502696911
1999955771

36 33
3916031264
1851255339
2802722028
2300942849
2005952654
2201210681
3402493913
1838529039
2842739547
3833965008
2676091249
2300942856
3170643570
1855047330
2433630229
3637081017
3923561801
4024713833
4150389696
3590316928
3808029448
2539418808
3840543274
2891509492
3917587419
2616622530
1485079156
3329938572
836806833
3681314736
3320877238
3772863139
1967248632
2267555900
4275912964
3642720567

71 41
1165389524
38862889
2532206452
3574491913
4228181344
4193682256
2539418831
3917587536
4260928842
610729036
4024713961
3842611084
2433630349
2979886191
3597173348
2340312705
4215925065
1282463527
2433630356
3935862166
1851255304
2842739571
1485079090
2174082817
2616622531
3917587537
4211754077
693103781
4238856659
3917587392
4275912967
693360015
2842739466
1282463523
4052332825
2353644563
3842611059
4179864688
1667186673
2300942759
3249484864
4275912910
3917587441
2300942862
4000823528
2300942841
3512570011
1851255462
3917587522
3290015707
1179068752
2433630243
2842739426
2300942822
1845632813
2647080069
4024713969
2451005176
3461166701
1998324032
2716820773
2842739591
3367208063
1692327134
2802721976
3218901738
3706757113
944192993
2362150513
2842739512
4024713926

171 31
4202940191
3917587531
649580259
1661688376
4024713961
2300942831
3850866501
4215925086
2878352540
3682374768
2979886094
3936495046
4275912944
1936670645
3182598753
1997191506
3917587537
387096374
2300942769
2300942846
3917587498
3128293133
3692352882
2298026999
3706757128
4024713960
2300942854
2585478009
2006225645
2716820724
4024713947
1851255404
3831085602
4024713954
4184418337
3490256263
1514102176
3409792216
4024713958
1021585883
3836140748
2066357788
3917587536
3429782322
2300942811
1453617480
428045698
1865056395
294694708
4265649491
4024713958
4247918919
3979145540
4024713944
3706757018
1282463440
3697648404
2917905410
1498086654
1506814708
3818598736
2433630363
3917587474
428045695
2353644571
2488907489
1218875467
3917587542
4246908489
2515379647
1579306899
3647469773
2300942837
4260928755
1655757847
2300942844
1506814656
3917587525
2447781613
2716820837
3583367584
3182293261
1264052810
2300942831
795673591
2217692286
944193005
2114213802
4247918752
1631577707
2313141012
2609005514
4024713948
1262607204
162497973
2267555911
3896509123
270791671
3917587508
1686661040
2842739596
2214423965
4024713952
3197327103
944193058
3289828357
2300942855
1166781372
4246908378
1438779942
3706757064
1282463468
2676091238
3178964550
2187468011
3984655155
4260928864
1010413149
4139429039
2433630391
4050573667
4247918749
4110161237
1377129349
4023842953
2979886046
886153781
3372412450
1579307008
1855047327
3602381597
4270507140
1579306997
4246908525
4260928809
2433630261
1948838526
1579307048
1649329118
3979145540
3148899786
1448248525
4099268656
2300942847
4024713964
2433630408
2300942854
2291850733
53230983
3182598739
4024713948
1750915480
3842611059
2337682691
4154035253
1948819296
387096336
3399081995
2433630349
4285430159
4052332815
3197327008
1644203079
3935862191
4260928791
3642720586
815850622
3842611047
3061865326
1516828865
1516828941

31 24
4211754107
3936495046
3372412464
938102035
2539418840
3590345706
4229496373
2337682821
2198514536
1539368116
4247918913
4085747815
1631169034
4024713779
1316355447
752520342
3917587514
428045701
1453168271
3696273380
436273248
3964583115
2539418650
2300942770
2300942656
4024713757
912736786
1294268660
2123055485
3616775972
2924897089

193 5
3220593737
2603727126
428045594
4069376050
2337682765
2267555725
3502884093
4264341528
2842739584
3499803303
225173488
2405964042
3429782248
2134385506
2300942721
4047774147
1750915545
1332163775
4184418329
944193008
1400326501
4052921866
4211753923
861720010
4052332647
3457026455
4024713746
4246908396
2433630182
2300942799
2802721932
4166185103
3624514345
1855047383
3656841837
2162848931
1750915551
3916168140
1098169878
1715711398
2802721868
2488907501
3560752500
1997191485
2585119325
3917587510
3842611047
2631076303
3348553971
1703728765
4024713938
1773060533
3842611026
1438779877
4002927109
3512569932
2061498017
1088157256
2595418089
3917587461
4191408299
1551799059
4052332819
4188629618
4113302363
3959733208
649580446
4052332839
1989656353
3311893724
3477303865
4260928868
4272227056
4153255252
1453168364
3727051918
1851255403
2802722027
4211754052
3590721956
428045557
4260928786
3429782381
4184418334
1274683282
1453168262
1360039876
1939206928
2649931740
2433630346
3182598748
754285953
2267555912
3917587493
2787375507
1978920689
3586292706
3599306845
3450184612
4212422256
4222407636
1427574956
3808816176
4179864645
2457959005
2842739561
2890911435
282566210
1667186696
4024713720
3849054507
4275811447
4113302347
2856962962
2543776886
1692326994
4202940176
3450344023
3936495029
2051566512
3873176284
3264752556
3654295811
4110392626
2676091260
3084068052
4130607992
2287052642
3647469721
2237394766
2433630361
2835470046
4024713856
3429782396
4024713811
4113302372
1282463517
1872852192
3084715780
4229496537
3801961946
1229242432
1254480451
4179864690
4212422244
1611793824
4024713836
3795600866
2334304025
3696273333
3512570014
4260928824
3586856788
3727051896
3174332189
1865861845
2227807670
1750915381
2300942695
2878352633
4140561507
3935862152
2066764341
1855047442
3917587404
1833266646
2979886003
2017158205
2539418812
1845632782
2555584285
2349533309
848254178
2300942809
3660692025
1360468520
3453569287
3933306132
3917587513
1649329199
1294268764
1833266559
444567032
4088653525
2114305877
2802721990
3314522080
2995828555
4038818673
1584708983
1282463539
4130607939
2910946731

139 10
3088663124
4130608028
3847458739
2972174908
4238991232
2849121324
4215925190
2645430688
2598495045
2433630393
3917587521
4037966696
1759235273
2267555919
1948819400
3117495316
4130607960
3916031216
2829929041
3453569283
3933306186
1506814682
649580432
1506814641
3218901790
2676091060
522624228
4202940191
3366402770
2300942807
4024713932
3993052774
4275912940
1997191486
3727051962
2485322464
2649931643
3314522185
3590721955
307952987
1833266674
3494603927
1929136141
2433630312
428045627
3054156444
1997191345
3574492006
2267555921
4246311600
436273220
4058288582
2433630325
3969156465
387096292
2015092091
4215925168
428045687
2919695129
3731235491
2945905671
1039439582
3642720592
4024713874
2337682747
3399082041
2842739437
4184418354
4188629596
3182598678
985377466
2337682845
3917587476
1762228909
3463064144
1438779910
2842739538
2300942808
3346551869
3453569324
3197327059
3402493978
2650624719
3403741864
1789802694
1833266692
3046193192
2337682781
436273240
2300942767
3530779137
2090450536
1697104367
2433630356
4229496425
2300942834
1294268722
2300942811
1213776501
2433630343
2353644516
3363936111
4011238515
2856963023
649580403
3959429247
3415012828
4285430216
2880755244
3917587340
1851255353
3842611047
4008610509
1294268762
2661691828
2910946681
1516828975
1282463512
2951121940
3936494976
3403866595
1577852438
3792187959
3819225417
1872852167
3936495043
3764546148
2947342821
4052332803
1621782911
3669146525
4052332702
4024713945
2641109644
4113302378
4024713943
2708994805
3597775227
4275912981

65 32
3982073844
3462506578
3206339430
1409932512
1963780505
2802721995
1855047401
3977642236
3792188022
1551556606
1985805649
4178441664
2560478428
3082720683
2065739873
3218901644
3042108511
1692327074
4215925185
4113302255
3145255378
1282463474
2433630389
2617257904
2433630388
3690272991
3448012806
2287052638
2300942836
2477426721
1750915488
1763704766
3808816281
2563827316
2839693432
1997191511
2235134126
2842739510
3842610904
4024713959
2433630207
4052332699
3842610898
3597173417
3218901796
3842610970
3917587466
2478495906
420277885
1631577838
2267555907
4284939275
4215925055
4024713902
4184418360
1633546264
1851255441
2520552987
2433630346
2300942831
4230123283
3069741239
4024713814
4113302376
2842739585

111 44
3396962355
2300942843
2436837181
4099268727
3842611082
3917587455
2842739580
630045335
2583791948
2914730527
3818598782
3291711334
3738061212
3292765301
2201210586
2603727156
4157786063
1815637333
2286442969
1631169071
4024713951
4179864663
4247918883
3842611089
2979886053
4275912978
1248676648
1851255344
2428343842
2017158263
2284956474
2300942820
1692327119
4275912849
365990086
2802722018
4275912972
1484623667
3626566126
1667186732
4108628326
3842611090
2300942852
2787375499
2580929841
1610156189
1750915556
2300942832
4112100589
3917587340
4189237102
3197327059
3917587529
3484558924
1963780567
2076563031
4229496456
3010029088
4024713884
4017597718
2300942861
2300942850
2975779749
2267555901
1448248452
4260928844
3867838320
3427138270
4260928875
2300942724
1202442255
4024713857
2025547169
3864554074
3220593754
3706757096
4113302385
3590722113
1833266621
3694541175
2433630368
3244831925
4024713946
4052332844
1453168419
1734345912
3247295559
3797046842
2006225638
2300942857
2300942849
4188629602
4275912950
3403741851
4243339574
1997191387
3322699548
1166781320
4260928857
4151838409
4130608024
702701399
2433630332
2478444212
3076342905
2310527235
2300942845
1994013730
2394261786
3935862209
3481483842

87 30
3353981764
3453569373
4099268650
346659215
4104969116
612563846
2382729993
1453168431
3886921429
4052195002
4212422150
2842739562
3917587516
3104861504
2433630263
3642720564
3706757123
1851255276
2300942772
4068539490
3220593636
2488907456
1294268659
2595418114
2539418860
2893500739
3842611078
1997191499
776574675
1084639304
3340996797
4044901253
2683765412
2300942847
3917587537
1391048209
3902932384
1851255399
2776569637
4231409834
1991579857
2300942829
3681431171
1963780460
866957447
2539418848
3776759488
2207421825
3514273383
2247336743
3842611076
1833266645
2433630406
2603727186
1419254237
2979886191
2916955212
3461166604
4068539547
1282463467
2458866872
4260928799
2802722030
4024713885
436273200
3361382485
3917587542
2975779703
1998324033
4024713858
4113302397
1510605931
2300942721
1294268677
4112100523
1667186587
3917587444
3633109438
4113302320
3842611057
4243339596
3935862245
4260928854
3917587539
4072664226
2539418835
4024713969

146 41
3969156459
1750915579
2300942747
2616622617
3692352837
555142196
2096150378
3353981870
2716825752
2802721986
875263898
2986118198
2298027053
4052332843
3410297345
2433630412
3259602445
4184418335
3477303922
3182598757
3842611068
472355875
2433630406
3842611015
4028786013
2029127759
4008610673
1453168285
2797493119
377034404
1697242012
4045885612
1506814708
3672117060
2300942862
2433630320
4260928763
1282463527
4046897168
1453168432
2300942717
2353644519
3258968993
4138722683
4285430196
3399082049
2382729971
4260928870
2842739536
2676091258
2979886154
1579307044
4275912972
4052332782
4052332741
4016513071
1773060479
2225161056
2337682866
1997191517
2878250675
2819030004
4012490350
907931800
3700940233
2394261792
3403741959
3917587530
3642720497
2300942846
4023969873
4247918876
2267555860
3133284935
2175981671
2345104406
1351229638
2979886127
3836110075
3254147155
1029728286
1997191512
2114305868
1579307008
2802721978
4052332744
3917587535
4024713960
2520553097
3842611081
2300942852
3509932887
3017582973
1339594118
4147276434
3792188094
3218901737
2300942848
3917587530
1579307054
2433630215
3842611068
2433630334
1158288942
4260928814
2300942848
2300942854
3842611089
1506814625
2664683909
4139428974
687704767
2443716777
4121521371
3917587469
3162827866
2802722008
2433630374
4260928862
1282463509
2287052687
1855047410
2839693417
3200144872
4113302234
3842611078
742476784
3917587533
2877207467
2086165290
3917587533
3405180818
3630079201
2433630365
3706757133
3935862236
2802721997
4275912973
3917587541
538527728
1010428156
2337682786
1400469981
1840410284
2300942862
4275912979

132 30
4139428957
3842611051
3916031190
4024713963
1506814689
2802721906
2618855363
2433630405
547874762
2377802663
4024713936
3974540547
3661730534
2802722013
4112100584
944193052
3490256250
1692327051
3935862216
4005939913
2433630359
3917587510
4078200348
3218901611
386354956
3853962317
4024713861
3197327036
4110161334
4184418298
2309014258
2267555913
2714213522
479594891
1971995930
4260928807
1214875071
4211754042
3746553735
2676091186
3917587531
1833266588
3075277954
1851255436
3806188786
1997191522
1282463506
911447241
3642720570
3590722079
4024713850
1929244574
4275912896
2467069163
1282463488
3438444149
2267555793
1872342724
3842611075
4275912951
4202940240
1466748072
4054799397
468991824
3121461386
3801030241
4247918756
4024713957
2797493131
4052332833
2337682836
1282463509
1492471054
4052332832
4024713893
1506814696
1765325489
3253287296
3979145446
3935862189
1504904668
1851255416
2300942839
3917587517
2979886183
2288310352
1166781307
1381827665
4024713948
1202442244
3096650188
2045924034
2433630410
2300942761
1110955049
1448248455
1294268724
2300942817
1862638680
2460954409
1833266657
2574171355
4141052633
2433630220
2511084211
2733522505
387096257
4110161221
1856848127
2140472019
1166781378
2802722030
3917587541
2802722025
2433630354
3354686104
4247918866
3330831750
2937082252
687704860
4275912884
3917587496
3210236765
2300942768
4275912878
2300942844
4197562834
436273153
1725413195
2300942820
2300942792
4275912983

169 25
4272227040
2337682797
3639807331
2312454417
2661555486
4260928857
2877207616
2428009244
2187468058
3349634349
1466748062
1692327061
2245356899
2300942848
1294268771
3776759449
3359945853
2433630359
3819428730
3497073283
2406918724
1593006175
3964583020
2267555910
3964583097
3519464283
2300942838
4215925140
1032568160
993797004
2096150367
2551770743
4215925146
1282463381
3706756956
4113302320
978183250
3917587519
878397398
4034991620
843169268
4275912867
4275912940
2300942749
2603727226
1948819391
1274420516
1945419449
3642720608
3842611066
1448248526
2557919920
1282463435
4002927126
1506814625
3218901684
4285430235
4247918887
2616622449
4154529319
3154884391
3328804956
2676091210
3842611072
3420000396
1855047409
4184418282
1202442303
2300942829
2959755427
2212126430
1202635337
4052332823
2596745858
1948819409
2802721977
1023336446
4184418204
2931689917
4052195046
4058288578
3956820907
3661730481
4285430085
4024713850
1824184088
2349533225
660864379
2676091242
1564400471
3069741218
4260928874
2267555826
4024713959
2433630207
4024713944
2433630404
2616630936
4215925109
4184418345
1453168430
1298158826
1767119663
4202940232
837507322
2257699638
3500080283
2433630385
465828707
3949936430
4130607976
964843047
3603103760
1506814708
1801655024
2300942836
950376300
1104335082
2372226969
3694296604
1441516341
1112405242
4024713772
2433630354
2267555877
3988600332
1750915528
736901232
2592109400
3707909474
4113302365
2105990747
4227924801
4279921200
3096473435
2979886196
1209499500
4260928853
1237765129
3917587532
3917587501
2159773454
1534707752
1773060443
2520553084
2649931669
1681016149
2300942845
2649931623
1506814594
3935862065
3425474925
3869091124
2247336646
4275912779
3326435112
3027347701
3842611043
3944903592
4260928868
616038011
2979886174
2300942846
468047448
3861894323
2554386507
4068539426
2071097882
1872852136

131 47
3842611095
4275912967
1851255344
2300942865
1631577812
1453168393
2300942860
2357882252
4275912829
4275912978
3512570005
1294268688
4215925098
951847956
3182598737
2300942832
4207338157
1692327120
4024713963
4052332773
2433630393
2300942847
4024713968
4024713965
2267555793
1357863730
2433630345
2787375523
4247918898
2716820765
4275912894
4275912959
3955056091
1948819248
2300942841
1611793815
3402493978
2979886193
2300942857
3556540613
4052332836
2370144314
4024713927
3553966954
2603541703
284491578
2603727119
2433630401
1360036791
2649931636
3337095052
459470298
2131339427
4284939290
2375802927
649580435
2382729885
2300942841
3917587416
4052332816
4024713844
4275912975
4215925143
2676091093
2744127226
2337682842
2880755290
4184418349
4182095916
1948819277
3612877519
1998324026
4139429034
3917587527
4024713965
2174082788
2842739489
2490558970
3842610933
2433630401
1506814695
4024713957
2716820693
4222389039
3842611015
4260928851
2300942867
4002927273
4275912932
3917587412
2986118227
2649931639
2764002435
2520552983
3647469809
4099268728
3917587532
1506814686
3936495012
2267555872
4272227081
3490256316
3913001000
3842611073
1294268769
4052332718
2802721927
3010483522
436273251
4121521443
3832234876
4238856617
2877207556
1282463520
1833266663
1464837902
3637081034
2433630396
2256093975
1649329176
1974098118
4024713952
2300942762
2300942861
3282491245
3853549536
4024713929
2618574337
2267555764
2017158251
1294268749

152 28
2906566309
1250676185
3850866551
2362150601
3218901773
3133284835
4275912806
3342616987
4215925187
3917587540
3756992317
934020478
3682969876
4024713902
2300942756
4024713924
2720358411
3917587538
2616630934
2842739576
2300942666
2300942844
1439558780
4278176831
2802721918
3642720510
3182598718
1438780031
3367208074
2615918135
2300942835
3917587426
2300942825
1481048494
1345271396
2300942817
3510267270
1294268732
3791278777
2716820825
3842611065
436273234
3524969806
961268896
1851255406
1555747627
2549224546
2433630395
436273174
3358470755
2300942848
1855047366
3429782347
2433630411
3917587528
1989656276
1750915512
2300942837
2267555907
1579306969
3167109373
3645262149
4024713951
4193425357
4044416006
1096104694
1158288877
3727051948
3574491893
2300942836
2187468002
3760452852
1667186720
4275912960
1425827411
4075439483
2488907457
4215925175
2842739517
4179864681
2158889286
1506814630
2256094023
4024713957
3832365184
2708790568
2502497200
3587603857
2954368290
2383181566
1997191508
4260928877
3917587328
3842611070
4024713892
2979886121
1577336253
1773060456
2520552940
4182095933
1351229576
1453168379
1198029984
4181760275
3645262132
1588640605
2300942836
1687438214
2951121864
3612877586
4024713753
3917587430
3979145415
2539418840
691688488
468991705
3284772221
4024713948
4024713826
2433630407
3917587538
2212126374
2017158116
2986118081
2527021499
4113302356
1294268708
4024713955
1202442184
2300942839
2842739579
2470122260
2433630333
216668732
1282463533
3850866542
590850865
2300942848
3182598741
649580437
2243258853
3238191741
2654822600
3642720592
2300942849
3613509639
1202442339
436273209
702701420
3490256221
3850866583
2433630396

42 5
4024713810
2300942788
2471922809
3642720540
673919225
355644939
2509284076
1579307045
2017158274
4139429076
2300942765
2408831090
2224284851
3917587500
3637080980
1713712337
2019212350
2029127753
2406640269
2849677113
1692327107
1539368130
3703670622
1611793875
4024713909
3402493927
1372029609
3748496895
3955139367
1579307001
1374234706
3842610917
2267555861
4122935294
4024713941
1948819381
4113302224
1453168347
3932661612
2433630201
2979886096
3905988066

50 38
2561269125
3850866453
557064630
2433630212
3964583061
3936495047
3135433595
1481048474
2300942671
4275912943
2006225531
1342336402
1682370194
3917587493
4184418350
3097501405
1282463516
300026859
3917587536
4260928855
3367207942
3087942004
3917587379
874574628
2300942862
2922063489
2877207599
2676091225
3932661531
2491908638
3819428725
3917587464
1453168311
4024713969
4275912954
4024713945
4247918915
3956098802
4017959168
3917587534
2300942853
2267555893
4217884113
2349533294
1448248479
2737566314
1948819420
4052332742
2353644548
3768479397

185 41
4279921295
3842611075
1475023890
2320430867
1294268777
2300942860
3850866537
2624157038
4130608028
3678984946
2287052628
2300942798
3498802684
3842610992
3681431169
2337682758
2114305878
3372412578
4211529241
3917587506
4024713954
2300942861
3917587440
4149145451
2996036433
3917587533
2300942819
1217683905
1298158804
1453168419
4252350880
2433630402
2300942864
3197327091
4024713957
3842611058
4024713961
3372412574
3009574288
4275912951
3842611077
2114305841
3842610996
3917587542
2974191123
1235564199
2363519259
3100910207
2720963011
3917587511
1631168927
2539418677
3182598565
3842611043
2250374844
3252498176
1851255440
1009328313
409866522
3842611085
4102935572
2300942672
2300942838
3100835623
2255972004
3560626302
4292853477
2328989799
2096150351
3323875624
3842610895
2603541730
2045923952
2114305854
1851255453
2083504692
3083609013
1793168104
2178727046
3612877579
2603727131
4153255198
2294885794
2877207519
2615233995
2300942859
2298027046
1421624623
4284342494
708730469
2719055341
4110161352
4024713922
736901121
4052195082
2539418855
2798999136
4275912972
3979145443
2551786593
4052332738
1649329193
3429782392
2300942793
3116832265
3917587457
3836140708
1872852185
3403527107
2616622615
2976176154
3932595297
2063551119
2539418831
2300942854
1418368026
1453168392
4024713944
3399082060
4177516459
3917587381
1667186702
1282960627
4275912975
3324471483
2300942830
2017158125
3197327022
2756410859
3322143863
4179864618
3842611012
1294268775
1994013709
1750915520
1201838088
4058913390
3951658836
4275912958
3085371427
3842611072
2300942858
4024713969
3756888621
3842611075
2008916782
3706756953
2300942786
2300942864
2300942787
3670331841
2357882187
2433630325
2096150247
3917587480
4212469214
1300514689
4275912919
3935862076
4071665969
3490256230
3182598710
2433630412
953540570
517536903
4024713918
4229496533
1750915484
2300942857
1997191482
3979145590
3842611063
2539418850
1202442342
4113302263
3403741973
3917587521
792306989
2842739545
2002331256
1506814558
2300942855
2877207617
2337682845
2433630341

126 10
387096285
3351402617
2415738282
2394261871
1941301895
410337005
564723307
4247918789
2676091047
2433630379
4275912943
2300942830
2300942787
2310527243
2880755212
3218901779
2300942763
3129752388
4052332809
930560687
3842610862
1872852164
2319971657
1391048173
3182598676
4184418321
2719165112
3290198586
2337682715
659115090
4247918898
4092323368
2747000941
4184418169
2764002432
4260928732
2017158180
4179864695
3842611034
2097515414
2114305850
4052332818
3905972533
4024713914
4024713910
2603541741
3823813689
2017929449
4146041467
2616622547
4246908429
3932661561
2802721922
1201838132
2300942613
2240088001
1370120193
2922063378
3242326456
4215925188
2433630300
3602381509
866957441
1294268705
4024713900
3795600829
2038362173
4179864546
1282463433
3192976546
1855047434
2659793010
2211899697
3832234866
3403741858
2661555330
4289168114
3327943368
2017158261
2337682869
3202979526
1465808779
3155157187
2543223412
3133284797
4052332781
1997191504
2842739558
2539418851
3917587395
1453168377
4008610606
3372455491
4185610573
3512570037
4260928853
1294268597
4284939288
4058281508
2433630371
781672107
1404458181
4289168074
4068539390
2300942803
3490256125
4008610604
3182598685
2794571635
2363519241
2300942809
2017158225
1025735041
3392039862
3842610873
3794717508
3207314054
3512569994
3647469751
3607092690
1264052781
2151878675
1412070189
630045368
3842611107
2166973049

142 13
3429782278
1453168398
1667186732
1354023238
3792188093
2032414802
3917587521
3502644076
3220593617
2839693229
1667186554
1667186740
4278176913
1997191473
2975779844
3314522101
3403741964
4021414101
1282463476
3930972434
1894676782
4260928868
4260928823
4211753953
3917587488
2025858388
2869020553
1579306985
3485295242
2880755370
1570212485
2603541735
3197327097
1723055935
3124772248
4024713948
4098114654
3935862105
958169645
2666356386
3453569225
2363519280
3477304038
2796945846
3091930987
1028682279
4260928789
1506814609
3639807350
2910946765
2539418834
2706031834
4151254160
4246908498
2802721833
702701448
3695169538
4024713923
4024713945
3947606343
2539418838
3499744608
4188629448
2580929919
2734558892
1851255343
1667186693
3599588832
2006225597
3314522076
4247918914
1327874007
2716820686
4052332826
2227188668
2096150352
3485295295
4052332629
1595748318
1890320438
4188629574
4058288552
1692327133
903912132
1702745058
2760381170
2359309965
4024713793
3842611041
4212422236
3842611045
1506814673
3276456554
4193425224
2943811786
2300942835
3892630442
4215925153
2124557572
3993052766
3561438424
1078431408
4154234842
4260928819
4212422118
1958883892
4202940146
2744127196
2111840619
2300942829
2345723597
468991755
4130607915
4052332644
3117495376
2716820791
4110161205
2979886117
1007964208
3905972440
2979886078
319182166
3842610899
1997191517
4275912841
2634465523
3642720615
2890911441
4246908508
4276202895
1282463496
3842610888
1997191498
3999849930
2300942818
1455982014
2756320239
2585579946
4284939229
2300942771
1667186647
1989656274

136 12
3842611016
2676091252
3367208076
2975779747
3201939704
1282463426
3492672105
4264341635
4247918871
2748829145
1298158762
2433630345
3867838162
1948819339
2433630365
1282463510
3490256201
4189237023
1202442290
1482118366
3403741878
1773060414
3083608998
584837936
3587603899
1423750855
3372412595
2560478390
4062933742
4024713943
1453168420
3917587417
2852285159
257461630
2979886188
2096150311
3773514578
1996062767
2730311728
2975779708
4113302288
3683881540
4058288521
3403741924
3597173370
2912916035
1963780567
2300942832
2287052643
3530731042
3402493823
1966468092
630045364
944193041
4040453622
1855047302
2979886200
3833789490
918529705
4004725119
3574491856
2502696942
2763663377
2719165241
1496441604
2468774064
3871367558
1459124739
4184418289
2549224556
2842739560
2671149730
2300942709
3812675630
2451237627
2187468084
3264752637
1649329240
1773060549
2881577603
2103907969
3474637837
1359425767
4263797285
3512569939
3479011356
3230157555
2300942666
1750915560
3917587323
3353981849
2676091120
4024713947
4275912940
3776759509
2433630348
2804566887
1865912732
1291545337
544701880
4113302390
1750915406
3936494954
1201838145
4275912836
1202442292
2909929116
564723294
1763051017
2360201496
4024713778
4215925147
2357417013
1351229659
4209796343
2388066772
3402493892
3586292710
2300942836
930560660
1496441606
2267555916
3429782398
3353981864
439015338
1202442175
3917587430
4247918881
1855047316
4024713762
1229242320
2117271667
1667186654
516540349
2975779825
3197327093

149 17
3917587518
4024713782
3917587490
1453168359
3916031260
1282463520
1506814589
4275912869
2842739575
302729358
2893500620
4255301853
846959907
1448248530
2433630260
1485079216
2433630401
3068691493
3917587518
1289783634
3917587523
2300942825
3429782350
2769756782
2300942833
3353981820
2842739594
3538535095
2589396459
1949360640
1457363212
2650624671
938101982
450718659
938102020
2300942718
3424389729
4247918791
3523778021
4188629505
2337682821
1427574993
2716820825
3642720494
3429782295
3896139383
1453168243
1516828951
2842739583
4043014809
3917587490
4113302373
4107857544
2660792686
1773060431
2880949662
3393285638
4024713776
4280534727
4260928816
3309359259
4052332755
4275912931
1851255309
1516828959
4024713911
1166781369
2433630401
1453168238
2300942837
2532270978
1469676285
3954536394
1765325429
2539418789
2787375442
1282463338
3471708700
2300942816
2300942823
2433630260
1506814708
1916278027
2267555900
3453569332
3180466043
730440752
2968335984
1692327078
3842611056
402427085
70396506
4024713845
2958543084
3403741874
2802721940
3004759461
525436631
2394261870
3494773794
1721557009
2842739396
1692327101
4247918888
4260928849
4247918826
2842739585
1692327098
2300942785
4008610498
1453168423
3629772183
2300942835
4024713949
2037358823
2616622591
3513062865
2433630396
4037728358
3539814943
4024713939
2716820772
2300942760
1851255360
1788664752
3958169275
4260928711
3986731912
1667186667
1506814704
3113917698
436273287
4112610988
4024713940
2716820826
4275553255
1872852160
3771232120
1840823436
4263261173
2842739402
4209796339
3121932366
3333659597
3801659363
2114305882
957379657
4011667653
2494743914

65 47
4212469174
4024713938
3917587508
4050573757
1448248453
3842611086
4188437701
4275912971
4024713956
1446905356
4024713957
1579306911
3842610941
4247918756
2895373027
3842611086
752126959
1851255386
2710043564
1316355518
4241817337
3776759414
3429782329
1282463521
3274532410
1282463533
4188629600
2987819481
1244494363
2842739587
4024713927
2433630394
4024713943
3236717728
4260928803
630045266
2337682796
2716825789
931035212
4179864661
3917587526
3637080997
1667186713
2716820685
2433630310
1508899654
2986118170
4068539548
2433630318
4024713969
3692352789
1833266561
2207829683
2300942811
2572622272
3842611042
2433630312
1833266685
2787375530
3917587540
4024713928
2893500653
1692327114
1667186738
4052332805

45 15
3403741983
4068539449
1631577829
4024713951
218368768
2433630328
2842739465
3602381561
2114305885
2353644564
3607811352
4059815091
4024713931
4246908456
2802722021
3403741814
2589965447
4113302390
3429782391
2433630237
3917587511
4154035343
2083504643
1692327120
2337682826
3832365087
2267555918
3776759408
1316355575
1326555592
4284939328
4179864664
4212422243
3218901781
4275912945
3917587526
1579307021
2624157070
1485079220
4113302363
1833266649
439386058
1765325420
4260928758
1016218305

174 42
3917587421
2300942841
2300942749
3484558967
3403741892
1948819369
4113302284
3182598744
4024713929
2563301634
1851255329
4024713917
3182598742
4246908350
1977477247
4024713950
4247918744
2224227170
3842611076
4284903121
1789294551
4052195063
1398238907
2288310341
3182598700
4275912956
4275912956
1399245535
3692352818
1732464150
2842739576
2300942644
3488996464
2300942748
4215925187
2017158272
3639807338
4156812385
2363519261
3313382656
926709363
4275912968
3429782226
4104064062
2500197031
4052332740
3842610966
2802721899
1453168406
2842739489
2267555876
1881472404
4113302263
1352857872
2433630385
2300942844
2300942718
2300942802
3273675018
4275912914
2661555383
3842611072
4024713968
3878909651
4212422167
4247918915
2918741762
1579307046
2300942854
2433630411
4024713944
4260928854
2300942840
3490256184
1842446554
2910946720
2596137782
891663798
3264752691
1461724733
4202940098
4052332745
1282463514
2263551241
2860435827
4215925116
2618574308
4024713794
3317256480
1579307032
3280230329
1855047387
3182598693
2673261277
2062299382
1630461212
3273674999
3337095016
3917587540
3917587384
3086274001
559519798
2300942856
2111533508
4278184646
2337682685
4184418351
2300942850
1833266681
4058288627
1282463413
2168504652
2300942866
3785749702
2008916856
3917587467
1294268724
4275912974
2979886010
2338853187
2880755370
4229496406
2433630399
2187468034
2926055643
3917587539
2954368360
649580380
4246908432
2433630389
2433630372
1976192298
3917587520
4024713913
4112100601
3480214575
4024713967
1316355497
1536298323
3842611071
2300942856
2764002450
2300942864
2300942856
2300942812
944193053
4113302378
4270507173
4275912902
3917587512
3842611069
649580385
3565122861
3402493977
4275912807
1667186694
3917587541
3842611069
4112100515
519653590
3842611084
2433630405
4272227175
3182598745
3842611056
3147134495
2149838287
3917587508
4184418322
3536807396
4247918902
3372412583
1951998665
2433630373

143 37
4260928824
2676091212
2298027041
3642720548
2937082306
4202940197
2433630256
2300942829
3117495355
2300942749
3847458685
2893500721
387096364
3415012840
4180164116
2603727193
3367208063
4024713949
2205905251
3218901756
2281499285
3372412588
2616622599
2300942847
613061978
2433630326
1997191470
4275912849
4260928801
4260928837
4285430192
416928719
2842739516
4121231479
4186799111
1581043264
3842611027
4284939233
3402493807
1282463480
1667186731
4052332821
2447268593
2433630351
2676091214
3282738100
1282463422
2997694783
1841824036
2300942848
2335908775
2279374460
2433630341
2300942839
3706757098
1201838029
3202979643
3192845454
528058735
2433630242
1282463389
924788309
1588640645
3969156464
4179864601
1282463489
3182598749
1105199264
3896471380
4139428937
4275912947
3503816554
1579306906
1872327146
4275912946
3220593751
2676091246
3556622953
3452293872
3804866026
1872852059
2300942838
2300942861
3842611081
3843131360
3512570109
1393670462
3121932331
1345271393
4275912957
2649931752
3218901682
2098037586
2802721951
2279673220
3602381557
4021414041
3296909420
1997191349
1855047346
4180164190
3348703829
1506814707
4246908511
2661555422
4024713912
3987987539
2362150530
4184418187
4127850577
1418368027
671434051
1282463424
1448248511
3964583047
3366654599
3767811784
2979886152
2802722031
4202940217
2314650401
2676091240
1855047291
3117495387
1940471701
3182598638
318903320
3917587541
3842611003
2716820802
1734345904
1097753019
1948819422
1166781341
3098318797
2428343855
2337682721
1294268759
3485295334
4215925123
4275912967
3494251700
1997191487

198 4
2433630349
4052332799
2937082202
4227924828
2979886126
2433630379
4275912908
4275912914
1649329256
3554710694
2582103953
2267555824
1451607743
1833266502
2605898854
3182598722
3512570013
2577014157
4213497502
1667186607
2660989869
2539418852
926709252
2806055163
4276981684
651174915
3917587504
2298026982
4260928862
2628979899
3737821229
4260928822
3619298088
4260928789
3610256539
4215925192
4063080609
2899455843
3917587490
2227807792
1999899144
1108260902
2842739477
1856848119
693103850
2158284745
1851255383
3792187900
3687196474
1083935750
3706757077
3362852406
3639156689
2433630373
3582730499
4260928871
618997464
3490256293
2150117942
514483757
2753115439
4068539495
454735110
1506814613
2661555388
3763062324
2999933457
3669526432
673919371
522624340
1568067496
3320877044
1181127967
4056947115
1773060526
2300942821
2615998654
2802721942
480836917
2467069097
4246908528
2267555916
1331482817
2902338072
3444669462
3599779296
3795600779
2433630328
4068539513
273469818
2659331866
2539418651
2083504728
2616622576
3917587445
4024713809
4052332838
328099443
2224227269
2300942827
4052332654
1496441424
4184418349
3117495343
1948819366
1506814698
3649685001
3108858319
3133284873
4275196779
4002927267
4011238482
2433630245
4115445677
4113302367
3550620223
2548998847
233539423
2300942710
4168397151
3906959041
3570613934
4014120853
2327794368
3358470761
2278384555
3218901604
964339808
2842739546
3935862230
3776759430
4260928874
4052332641
4052332799
2520553040
3917587495
4275912888
2791697370
4280699124
4043951981
2676091236
2802721940
3182598703
1667186620
2954368349
2774093817
2267555915
3059293022
4050573619
2655641300
3006081987
1994013801
2433630249
4275912934
1531006402
3917587514
5518806
2638808587
4011238499
3365923197
1562124852
2911293225
1008083688
2140472089
2839693267
2480969083
4184418332
2979886189
4260928858
3613509697
1361463825
2802721989
672826100
1267731052
2070185504
2300942825
1463424986
1496441522
2500978568
2916935078
2353644419
2802721998
3273340498
2478495876
3917587469
4052332838
2300942771
1107549681
3009574336
3652512503
2045923936
2292425487
4247918922
4068539481
319183204
943827912
3877009761
4073028958

122 32
3842611006
2716820801
2730000247
4243339465
555142194
2942466091
2337682774
4275912898
2802721998
689360093
1948819403
3613509749
3842611049
2676091198
2802722013
649580444
1882661088
2606543061
3832365162
1294268774
4285430230
3026374220
1876041364
4260928820
4215925078
4106580395
2842739545
3792188083
2433630340
4024713888
2433630370
4238856639
4211754084
3303173698
2300942855
3429782389
4024713900
4024713842
3453569354
3675314829
1485079229
3182598737
1048490967
1282463499
2114305776
2716820661
2676091178
2433630411
3399082001
2300942717
2362150467
4260928710
1239266354
2096150239
1448248528
4052332838
2362150544
2299806552
4024713937
4134579809
2495965655
1453168370
1631346300
436273290
2300942835
4220175798
4024713958
476793264
4139429076
4184418313
3765564174
2706031824
2187468039
3527790949
1631169006
1639323289
4024713952
1531026911
1814762823
3237087814
436273219
1199619136
1833266610
3795600740
4052195047
2114213817
3612877515
930560607
3999497065
3758869659
3372412570
2433630312
2300942834
2300942854
2433630337
1697241917
1443327103
3429782386
2716820827
4024713939
4000823521
2521383682
2880755364
2374168907
1506814709
4269096241
2034338276
1833266686
1155397459
1833266697
1332209764
2842739590
1631577748
1833266696
1667186579
2300942850
3976577261
4113302262
3032892596
4058288604
3133284912
2761902646

12 10
2716820825
3706757086
3917587404
2400862058
4011288752
216668793
4113302290
2433630370
2495147606
3850866588
216668836
3601118242

9 30
3320877160
2433630403
3720836979
3842611068
1833266683
2158889260
1851255306
1948819279
3864572556

103 37
2986118198
1667186733
982934204
3894845298
742759791
2187467992
4275912962
1915666631
1158288864
1851255451
1878459355
2337682870
2979886148
4260928852
2433630405
2842739545
1852372719
4051091476
1689947212
3200484731
3586248059
2300942778
2267555778
3659336854
1723056078
4052332790
2877207541
2433630409
3130020667
4177948330
3842611085
3811933534
3062114497
1404636276
4283237403
166726539
2842739545
1088119538
1434998515
2300942852
4055017845
2114305861
3864553970
1835476862
2580134327
1819350839
4212422256
3917587507
4024713952
2657161386
673919290
3546187661
558663853
2979886163
3446428727
3117495398
3182598687
2300942857
4024713962
3450344001
4268402993
2433630409
1927676918
4279921316
527863713
2300942820
3484793833
4275912789
1034334958
2175927271
3499361667
1282463541
4273972001
2560941108
4024713968
3218901640
2649931731
1834686901
1579306910
4275912863
2676091235
2802721939
4024713918
4247918756
3078613083
2300942753
3916031138
3917587537
2520553040
1174872364
1499771708
4255852747
4024713967
2237004553
1588640646
1516828920
3586292776
3129752423
4260928840
4070033380
3402493854
2190560550
4275912930

181 50
4024713929
1661688457
2716820755
4275912962
3291711315
3635649352
1289694477
1997191351
1293875703
3917587539
3320877207
1973975324
4024713951
4260928757
1649329232
2086463901
2353644497
1453168369
1851255293
1649329112
2133241313
3917587484
4260928860
3842611091
3917587527
4275912977
2433630211
3306629447
4024713948
4002927277
3917688545
4024713942
1448110946
4068539544
4247918907
1260045373
4024713801
2300942751
3461166666
2893500768
4292853516
4275912981
3847458642
3917587432
2676091185
2300942838
1294268725
2300942868
2875061092
2433630396
3233023229
1294268747
4275912869
3842611091
1294268739
4147312976
2576106177
2300942850
2539418817
3842611095
1750915531
2300942860
2842739588
3842611047
4275912970
2979886172
1963780499
806951150
1660773694
3935862235
1446872254
3917587450
2433630407
2842739466
3018044091
2006225561
4113302225
2114305869
1479901930
4246908511
1948819362
3917587412
3684811587
3555997683
3665524846
2614066742
4113302395
3917587491
2096150257
3443923407
4215925163
4275912982
2300942792
3792188082
1997191518
4024713887
435917435
2300942867
4275912962
3923005168
4024713957
2433630410
2433630269
4247918919
3889228721
2300942743
3688131319
2505899080
3218901717
2818577792
4024713967
4260928744
3548294153
4024713883
1851255449
4184418325
4022856892
4230123339
2734558892
4260928754
3312226995
3725681072
1465808741
4275912956
2300942861
4008610567
3220593738
4260928825
3820853949
4068539495
4247918822
537919600
3706757110
2979886144
2802721860
1217786548
2716820702
2539418742
1998324016
2433630399
4024713964
1851255426
2009682624
2490558952
4094536775
1851255456
1997191394
2539418769
1448248494
4289168146
3776759491
3367208064
4140228622
3237087776
3917587521
4275912985
1699378599
4024713866
3453569323
4243339590
2842739465
3842611066
669429331
3622339370
3917587487
2802721898
1114100343
3490940856
4184418278
2353644567
3842611089
3932661625
1282463467
3970163208
2219449706
1750915582
787289287
3370369582
3407905062
249084307
2267555895

27 2
4247918843
1816681530
1771834193
1516828871
651174854
4110161334
2300942630
4260928861
3917587433
3153401251
2096150171
2300942783
3776759406
1649329252
4024713760
944193003
3849884659
2979886118
3666019747
4260928872
3337094986
4211754118
2433630256
4271146256
1855047425
2341621495
2842739591

40 37
1862879364
2300942697
1667186571
2755000662
4113302354
4024713922
1282463488
2433630295
3917587527
2051843525
1202442245
3291711355
2300942804
3150316793
4024713969
4247918884
4260928811
2300942827
2337682827
3320877126
4188629518
3917587519
2300942852
1588640625
1891878098
2802721977
4284939246
4082733652
4113302363
4260928861
1095750821
3959733165
2931746292
4024713959
4277500159
1453168395
2539418820
1855047432
1393412586
2349533299

1 1
47

1 2
47

1 10
47

1 1
48

1 2
48

1 10
48

2 2
47
47

2 2
47
46

2 2
47
45

2 2
44
47

3 100
3
3
3

4 100
3
3
3
3

3 100
4
4
4

1 48
2954368281

1 48
2954368264

1 48
2954368271

139 48
2954368281
1877936463
3917587353
3434304237
1032568245
2300942855
3917587521
2842739420
3314522137
3602381612
189695758
3946712131
2982492790
2433630391
1294268760
2979886080
2458866898
3850866553
2433630410
2433630338
4260928876
4260928714
2122915673
2337682807
2433630381
4189237004
944192941
2716820734
2433630398
3917587530
4260928858
1282463450
2300942853
1506814703
1237765261
4260928866
1649329253
2560478478
3842611048
3917587426
4246908411
4149807913
4052195041
4024713918
2300942834
1750915520
2267555739
3402493947
4098114632
247061858
2300942745
3372412457
3961670664
3917587492
3738061202
1655633623
2267555910
4024713927
4246908479
2954368354
2433630396
3663974542
4275912980
3842611093
2163609474
2979886179
4260928862
2199734631
649580292
4024713925
2615918175
1453168375
4260928868
3221600461
2264426376
4275912942
2300942857
1851255411
4159321916
3487421510
4275912963
4260928720
1723322731
4207338135
2433630385
125102880
4260928768
3197327060
1486738994
1774703912
3649684939
3787727951
2353644569
1485079203
4016770159
3405143522
522135735
3652572716
2838575627
3916031285
578202960
3678264121
3727051915
2979886189
1948819418
3917587520
1294268776
4275912982
3083609098
2227129025
3179852917
2313141037
1750915530
1506814688
4212422220
3353981804
3477303907
2187467965
1977220159
3867838243
3936494981
4260928875
1028050089
3273675061
1282463455
1753447202
2842739512
4247918916
4024713965
3525187558
2337682784
3842611085
4260928806
4024713969
4275912977
3200784009
4275912980
1932684885
3706757137

46 14
972684788
2433630194
3825948192
2877207618
1855047382
2585579973
3930214098
2886795720
3015692980
1692327075
4260928855
3065449037
2156602038
3111226279
1455994648
2433630388
3776759352
3521132110
3917587524
2716820806
4221330847
1610104687
3403741951
1294268705
2300942837
1579307024
1282463489
3503208349
4214974345
4087899579
3361205004
2300942753
4168397211
4284939288
2433630288
3808064880
2648038607
2520553076
3953081128
4146696173
3917587461
3530779041
4024713944
2676091267
2839693397
2006225643

7 10
1872852008
2891509588
1789673522
649580249
564723384
1448248532
4289168067

155 38
3842611052
2802721880
2341630540
3933306180
1649329163
3303299882
4091484317
2072266753
1479441300
2839693371
4052332769
1009855177
4024713815
3413315863
4024713934
1580345559
3453569326
3793157462
4024713795
1202442321
2393616715
2716820720
2979886197
1282463512
2267555840
3917587539
1266584893
2006225603
1607586677
3776759490
2127197146
3917587523
1750915580
2433630362
4215925065
4139429003
2525145016
4113302264
4260928858
1780468648
3867838170
2842739463
3402493955
3892630397
1553874252
1692327106
436273280
4215925087
2660792702
2698033502
3841170783
3407369028
2433630332
4275912949
3367207952
3284772180
3453569204
1282463527
2433630399
3809174547
1239266350
1851255345
3842611081
2433630318
649580316
3197327035
2300942680
3320877150
1851255457
2300942848
1485608504
735607864
2975779726
1498281876
2433630296
3842611084
1997191407
3850866481
3642720520
4247827548
1982324720
1496441538
3842611063
980614727
3917587438
1766828156
4260928783
3936495044
3917587533
4260928812
4275912949
4215925139
1294268594
3842610882
2645235144
3378468092
4052332779
3182598632
4056947121
2300942771
1294268639
1448248484
1750915542
1851255440
2616630806
3449628809
4024713959
4248327501
1294268764
1458644705
436273250
2300942759
2433630403
4139429036
516540393
4056947122
2300942856
2017929421
4113302293
2433630398
1645649840
3235497989
1855047416
3190751164
3936494958
2433630394
4008610607
1787889804
2205832495
3441702003
1506814700
2433630407
2842739577
2923266521
2114305886
3343284538
1649329099
3429782386
4275912904
4177948330
1723055954
2871388491
4247918886
1279452488
3884142084
3847458690
3220593726
2394261807
2546188500
4184418178
2267555836
888967385
4052195050
3537091164
3416823190

124 11
3110591198
2520553072
1516828859
4099268681
555142276
1750915444
4260928717
3582506005
2433630270
4024713842
4024713802
2345846531
1391048305
1998324029
4260928824
2660792620
2676091253
3143140423
2006824291
3453569345
1053464994
2950636903
4068539535
2979886189
3320877124
4247918882
480401458
3727051978
847911050
824151071
2787375573
4260928778
4221684631
3847458575
4179864553
4184418338
1448248452
930560630
2802721977
4272227219
1178535452
4215924986
3724871565
2383462005
3917587516
1294268776
3367208064
3917587499
3042635294
3564475753
3672108200
2300942739
3015238118
1851255438
1437681192
4184418353
1692327040
2433630377
3613509719
1997191498
2356266861
1692327071
1391048186
2274017683
3353981871
1202442340
2023465822
2802721889
3842610914
3818711407
3892652474
3182598724
4243339516
3490256282
1579306903
1708829962
2433630385
3842180052
3629854920
1312350697
2405124984
3817075398
2802722013
3979145549
3639807312
1655757936
2300942817
2433630382
4247918831
1420810870
1158288942
1750915571
3768205263
4275912800
2615998609
3842610922
2309991456
2120266007
1316355540
1282463504
391624811
1111733479
628224766
2802721896
2959506197
3898860119
4163739090
4052332634
3375346378
3917587447
2756320300
2979886140
2845153098
2139816298
2597893613
4184418259
4260928843
387096274
3699132335
3484558934
2824740407
3063669355
2433630280
4260928864

15 12
2946949898
2006225588
1694790493
944193049
1040285637
3917587401
3402493919
1692327082
2300942788
4068539503
1088479379
2192852586
1964790670
2527021553
3291711458

11 5
1294268491
1235423423
3456456345
3452345432
1345634512
1574512432
3627184372
2384738921
2384759432
2847592384
5647483922

114 31
2877207620
2433630325
3936495015
1294268765
1579306912
3457011798
4079525777
1165389522
3850866575
3917587520
4260928769
2842739565
2184734681
3320877244
1649329257
1833266681
4215925013
4068539539
202118338
4231409830
4247918891
1531597975
4052332765
2842739546
4260928736
2505899152
2842739590
3399811867
3792187965
2300942812
4204038952
694366583
2357882217
4024713966
3917587525
4247918916
1851255367
2842739466
3425046588
2439717298
1498086615
3792188095
3629002419
3725834395
4024713927
1484623653
693103865
2676091267
4070155382
2643216653
1773060538
3182598751
4238856627
2865031875
2337682853
1506814679
59427181
3955139377
3692402124
2770645195
2300942791
1667186693
2400861983
2719165208
3917587522
2489482522
2337682761
4113302261
2433630376
2676091250
3182598752
765815443
2300942827
4272227085
1048490914
4177620297
2675983443
1345014443
4139429034
4260928859
4211966751
20831514
3182598754
3197327052
4024713899
2300942789
1765325461
4260928849
3642720568
4024713956
2041063451
1574589477
4147070465
3642720567
2433630392
1453168341
3917587515
1997191395
4100716106
3917587527
4249978792
2433630409
1282463448
1936818639
1548618077
1851255451
4275912947
4212422249
4215925174
2006225634
1833266688
2484631575
2616622498
3842611096
