17541261018
36722205214
8493352307
0
25043556829
0
0
42408716266
0
0
10550223194
36998414740
0
0
9430265419
38682349173
0
23639670998
45152862443
35419460855
35350063513
41214747871
0
0
44014747227
3546238278
30239161397
0
0
0
45048897613
0
0
0
30453879569
0
0
0
0
15665255851
7073671681
0
0
41303908388
0
0
0
42785357636
0
0
9319994718
0
40708507305
19296719598
12296423679
0
9786586525
0
18573841517
0
0
34896551669
43320144257
17019654862
16343930033
10066385785
10619793454
0
0
34156961190
0
0
10421510219
0
0
0
0
0
0
37745165625
34661481967
0
8799527455
5271971392
0
0
42741718670
7719529529
17415732846
37746026859
0
20263315537
4137386193
0
0
40541786962
28602757888
0
42853522782
0
0
45678489235
22364450464
0
0
0
9924300744
13944620355
0
0
0
0
0
4734996803
0
20185514116
0
110387908
27155128884
0
0
13395330988
0
0
31804731496
29018685252
7910662513
0
0
0
0
0
0
0
0
0
0
12650904608
0
8141572882
123029604
14619750804
0
42541210770
31952664918
31316969823
35559623264
0
0
0
0
0
0
11968532267
22135497667
39156733123
0
31240120542
0
0
0
9598537044
5086200456
15962015957
43169449019
28278281990
0
14781330880
30029333034
0
0
0
0
0
0
0
34959123984
0
0
0
0
0
14367052359
29067011015
0
0
190740254
35565042767
0
0
20100494733
32375516052
21264640615
0
17006039773
0
0
0
0
0
0
0
0
0
7245943518
23708637447
27046549699
0
4102341238
0
0
0
40573883601
37515365897
1429720472
35751163621
0
0
27818900895
30782587423
0
0
0
0
0
0
0
33789256378
29591707257
0
0
13717772816
213115412
38913837042
29259508764
17836325994
0
30935833650
1287524660
31313909944
28128959576
0
202004283
11403404204
0
15076821396
40609259855
0
7984574580
0
30832699779
0
32287306153
24732383635
0
0
43243358145
0
0
0
46247319725
0
0
0
0
0
0
39936326053
30295856031
27796957850
29398204296
0
0
0
0
0
1938877617
17088112513
0
18413851555
0
0
0
0
46240751686
3036656796
27098033370
9499711963
42763211025
20745741353
39236108898
43994554809
35210688017
24228333100
0
0
44885886586
0
35183486678
11221184011
0
17914241793
25066202594
0
15946345860
42424583862
0
0
8558879014
26880071772
0
25370483695
10538328960
15192022339
0
0
43236208638
0
36567748666
0
0
0
0
0
5133258475
0
0
12352624441
8738425951
7533851746
9852255099
0
0
29538582353
0
2877463521
22325454656
12853164123
42224459380
8184750183
19291573650
0
46377121747
23604773634
0
0
29451151978
0
36957647162
0
0
0
0
0
6684741835
5745588350
2343176199
43829185592
0
11193013915
7201891153
0
0
26384286834
9747017196
28825448760
0
15363700665
0
13497292623
29375911505
11744511915
14685110229
34835702922
0
38972388515
0
0
39111259167
0
23171993819
0
0
0
15938783740
0
21893232265
0
22843017631
3208931833
21723501989
0
0
0
0
0
34743168970
0
33743886226
42717633294
0
0
10387726016
3936849180
12119968757
43451525942
4008274201
38979633215
31636320704
0
14273236513
0
0
30079278424
0
0
23856892083
0
0
23198130375
0
6813697149
19381239020
0
0
35847011359
31263947022
0
1883435085
0
0
0
32013165065
0
26167335635
0
0
4043566673
0
0
0
28902591703
0
0
1146852792
27213356056
0
35710432049
0
30405329418
0
4250705427
11803978369
0
43901910386
22819675593
0
0
0
0
0
37423252993
0
0
35567262316
0
0
0
16811207567
4183060982
0
4335613177
34380032616
16257151743
11889609400
2777857227
0
30794260622
0
9709770424
0
5298979240
21559143705
8264829611
5622269492
0
41661965367
0
0
0
0
0
0
0
38172723091
0
0
6570275813
0
0
29148688287
20614960422
207038508
8226264284
0
0
15446132357
0
0
37247800386
0
12444278076
15906490693
0
36132535215
5930516590
4301308870
44906141856
40129795633
0
0
24020280303
45020148587
3653509772
2131989779
0
0
0
0
0
20608811903
0
8704772043
0
0
17081154893
43118989628
0
40444650570
42661077950
0
44940157800
165319143
12577921696
0
0
15500902581
12484198347
30813638722
28371789806
0
0
42855604683
11543120554
12755667866
33419685313
249003010
41117100101
0
29092956175
0
40176331703
24747801320
38176351267
4718766941
39728544402
20670480528
0
44343892784
0
15949093084
0
0
16815334141
0
0
31695092508
41399770587
30816744560
0
7552603107
0
7792832385
0
0
17117136744
5457392354
6135310086
0
0
24464843810
38923652072
0
0
20773442353
0
0
12156252753
0
26587762488
23194017403
0
45745731831
17321422029
0
33922015330
0
0
14262683935
1723773151
23329653307
19078677530
5864233693
0
284271425
21224747144
0
0
42860041711
0
8313449032
4685613543
0
30952494354
36232531459
0
0
3723068536
0
0
5995294640
17339305707
0
32409345677
4775374710
6579919630
1236399006
1376293808
21498626240
26619119286
0
25951196588
20996263228
0
0
8375849096
4202202144
0
0
0
35311976690
25530653345
18342525582
0
0
6697226178
15457185674
38127797059
0
0
43512108058
22852808694
42850708974
5148179114
14882169405
0
11179497497
41965697738
21911340232
25264975708
17378344032
0
0
25243790308
2744756554
9540126899
0
0
0
1450072589
12311233151
0
10841012898
0
73663544
0
21604717905
5629346196
0
0
0
0
32848223764
18196135473
0
0
0
25726313648
0
36427225790
24362712560
19187167950
0
0
0
17799676881
32331761610
3692656220
0
0
43711805946
12808560464
21272567408
37020755806
28904600356
0
0
8402492639
0
0
39775615932
19804319784
24676765461
0
1171042577
14137588005
23392237280
33068557954
0
22563405960
5205785776
0
796284553
17350422138
0
0
9348641776
2180288575
14370906094
37849507112
0
0
0
0
26215931118
14971069892
24391687197
0
0
0
34232015768
9128758201
11539857855
0
0
43892712683
31542489695
0
14449862918
30879257904
12210062587
27663718715
0
16891446320
0
20953479785
45051738638
9285599816
43790148845
0
0
2087028280
1952617871
0
28671402778
12391859054
0
0
11077105596
0
0
433774550
0
37533912170
0
0
18451992255
0
43749688631
38693856221
0
0
0
0
0
0
0
0
0
24034682852
0
0
0
0
17197684378
0
37101719190
9994336189
0
0
110372898
6188209941
0
29486341349
0
0
34854039134
14728591076
40685989620
0
0
18620030338
43404963645
0
42411398676
0
31965529899
0
39112372590
12577532077
0
36041511945
4342473792
39108981938
0
0
0
0
14005721260
43126743199
41460967052
6535134508
0
20397799037
0
39020982548
41272413884
0
0
45599975477
11497020823
8765595568
41844287133
0
15351679947
20478955699
0
38718801202
26652080877
27985098639
1496390801
0
3825670299
42966395556
0
0
6102126889
0
5041406725
11856549008
0
32544330087
15001678408
32774841482
0
44660628962
36520379229
0
0
0
0
45997700228
32160422480
0
41383120366
12761700420
0
0
0
4722138218
0
0
7290723992
18583412428
0
28990749195
34791569265
0
13394081379
0
11106529114
0
0
0
0
24081472434
21301936885
5452039343
0
0
0
11237329795
0
0
31450384357
0
0
0
25049576633
0
33409949402
662081321
0
39192937530
31676843681
23363329888
0
0
14406548712
0
43556485850
0
43625943546
2611245158
14731478857
0
0
11678384355
0
0
23370889781
0
20431634162
0
0
0
41082681038
17082561918
0
14344164705
0
0
0
0
0
0
0
0
6921466180
0
33250331031
25648014708
0
0
0
20770444105
0
44738856011
0
0
2754770125
0
28181316154
6281692063
22860244085
0
1979907051
0
8393397079
978301972
0
0
0
0
0
34334401177
5296161114
0
0
23848411409
0
44818176659
0
0
4537638030
0
18233289044
0
8276000266
0
