15

20 300 2
10000 1000 5000
1000 100 500
20 100 3
10000 1000 2000
1000 100 500
100 0 0

20 300 2
0 10000 5000
0 -10000 5000
20 300 3
10000 0 5010
-10000 0 5010
-8000 1000 3010

20 300 2
0 10000 5000
0 -10000 5000
20 300 2
10000 0 5010
-10000 0 5010

25 200 2
3000 6000 3000
4000 5000 3000
25 200 2
3000 6000 3005
4000 5000 3005

20 300 2
5000 4000 3000
4000 5000 3000
20 300 2
3000 6000 3005
4000 5000 3005

10 100 1
-1000 0 0
10 100 2
1000 21 0
-1000 21 0

10 100 1
-1000 0 0
10 100 2
1000 20 0
-1000 20 0

10 100 5
0 0 1
0 0 2
0 0 3
0 0 4
0 0 5
10 100 5
0 0 1
0 0 2
0 0 3
0 0 4
0 0 5

1 1 3
-1 0 0
1 5 0
-1000 100 0
1 1 3
2 0 0
2 9 0
1000 3000 0

1 1 3
-1 0 0
1 5 0
-1000 100 0
1 2 3
2 0 0
2 9 0
1000 3000 0

1 2 3
-1 0 0
1 5 0
-1000 100 0
1 2 3
2 0 0
2 9 0
1000 3000 0

1 1 3
0 -8 0
0 -2 0
0 -8 0
1 1 3
0 8 0
0 2 0
0 8 0

2 1 3
0 -8 0
0 -2 0
0 -8 0
1 1 3
0 8 0
0 2 0
0 8 0

1 2 3
0 -8 0
0 -2 0
0 -8 0
1 1 3
0 8 0
0 2 0
0 8 0

2 1 3
0 -8 0
0 -2 0
0 -8 0
2 1 3
0 8 0
0 2 0
0 8 0
