19
5 7
0 1
0 2
0 3
2 1
2 2
2 3
1 4

1 1
1 10

0 1
0 0

2 1
0 1

4 4
0 0
1 1
2 0
1 -1

3 3
0 0
1 1
2 0

1 6
0 0
0 1
0 2
1 2
1 1
1 0

1 2
0 1
0 2

2 4
0 0
3 1
2 4
-1 3

2 9
0 0
100 100
200 0
100 -100
20 1
34 5
50 9
55 -8
101 100

4 4
0 0
1 1
2 0
1 -1

1 6
0 1
0 2
1 2
1 1
1 0
0 0

2 4
0 0
0 1
1 0
1 1

5 4
0 0
0 1

1 0
1 1

1 2
1 0
2 0

1 3
1 0
2 0
3 0

2 4
0 0
0 1
1 0
1 1

5 4
0 0
0 1
1 0
1 1

1 27
0 2
0 1
0 0
0 -1
1 -2
1 -1
1 0
1 1
1 2
2 1
2 0
2 -1
3 -1
2 -2
3 -2
2 -3
3 -3
-1 2
-1 1
-1 0
-1 -1
-1 -2
-2 -2
-2 -1
-2 0
-2 1
-3 0
