2141
206
157895330
39084884199628882283887123607534822787897
47387856265468141342950757490006501007772
667654930412883009774607575955628506943497
308465442778634715368339191717957719728890183806225193683777866739638631994379945598570185364028746864377218409100286483460960024505496491399089729396867073577379188764958662395762927659523200101397786187228671864882841937621895018454509005739399615114066752002050469155304408911232000255378823567797181663336610841672002794829235644
308465442778634715308544379358146952880425698896078775381027032913952812198901582527087099742818810479400685162363815451745339756247890470463903378364624600431462454131459414810585963310565491318700420126158765561185551403705615783153836587701169422299852844922054042930967132957312659653441399826776494170882067979344257739469406519
309038970576010368864837482386356767677194704366818126193499888545937925247248582665193777394319119731594991091761490362479881937186908707756590146905732801150964851092057199852879080396106948036857977089043985716986044258228127032983165745302807431481385994720475715659508917035505177765096068474410255940851424687847280797327393019
1321038991720949943365728232338137730807427262843024590165459386289484106191633242067215547992546297901657095858540207584019068640373004427703662747684215597419403711807817365568002013758275453146930688930673212816070946207165874171971551108587119189723450569857489458866592909486971497768105605538349971413752318808213112505527378394
27572442536627614144971402164446115122285719050071275628041140622952188155060585459382663993243488945782821568954377900728084231671388928476376470089258789161331356389621390188384755316816781497819872631855527507377135736439582616534643199479209836089010901313089508275781644817490216723408384187979138991403008719308269748352274952286940660349852331769
*