12001
1
2
3
4
5
6
7
8
9
10
11
12
13
14
15
16
17
18
19
20
21
22
23
24
25
26
27
28
29
30
31
32
33
34
35
36
37
38
39
40
41
42
43
44
45
46
47
48
49
50
51
52
53
54
55
56
57
58
59
60
61
62
63
64
65
66
67
68
69
70
71
72
73
74
75
76
77
78
79
80
81
82
83
84
85
86
87
88
89
90
91
92
93
94
95
96
97
98
99
100
101
102
103
104
105
106
107
108
109
110
111
112
113
114
115
116
117
118
119
120
121
122
123
124
125
126
127
128
129
130
131
132
133
134
135
136
137
138
139
140
141
142
143
144
145
146
147
148
149
150
151
152
153
154
155
156
157
158
159
160
161
162
163
164
165
166
167
168
169
170
171
172
173
174
175
176
177
178
179
180
181
182
183
184
185
186
187
188
189
190
191
192
193
194
195
196
197
198
199
200
201
202
203
204
205
206
207
208
209
210
211
212
213
214
215
216
217
218
219
220
221
222
223
224
225
226
227
228
229
230
231
232
233
234
235
236
237
238
239
240
241
242
243
244
245
246
247
248
249
250
251
252
253
254
255
256
257
258
259
260
261
262
263
264
265
266
267
268
269
270
271
272
273
274
275
276
277
278
279
280
281
282
283
284
285
286
287
288
289
290
291
292
293
294
295
296
297
298
299
300
301
302
303
304
305
306
307
308
309
310
311
312
313
314
315
316
317
318
319
320
321
322
323
324
325
326
327
328
329
330
331
332
333
334
335
336
337
338
339
340
341
342
343
344
345
346
347
348
349
350
351
352
353
354
355
356
357
358
359
360
361
362
363
364
365
366
367
368
369
370
371
372
373
374
375
376
377
378
379
380
381
382
383
384
385
386
387
388
389
390
391
392
393
394
395
396
397
398
399
400
401
402
403
404
405
406
407
408
409
410
411
412
413
414
415
416
417
418
419
420
421
422
423
424
425
426
427
428
429
430
431
432
433
434
435
436
437
438
439
440
441
442
443
444
445
446
447
448
449
450
451
452
453
454
455
456
457
458
459
460
461
462
463
464
465
466
467
468
469
470
471
472
473
474
475
476
477
478
479
480
481
482
483
484
485
486
487
488
489
490
491
492
493
494
495
496
497
498
499
500
501
502
503
504
505
506
507
508
509
510
511
512
513
514
515
516
517
518
519
520
521
522
523
524
525
526
527
528
529
530
531
532
533
534
535
536
537
538
539
540
541
542
543
544
545
546
547
548
549
550
551
552
553
554
555
556
557
558
559
560
561
562
563
564
565
566
567
568
569
570
571
572
573
574
575
576
577
578
579
580
581
582
583
584
585
586
587
588
589
590
591
592
593
594
595
596
597
598
599
600
601
602
603
604
605
606
607
608
609
610
611
612
613
614
615
616
617
618
619
620
621
622
623
624
625
626
627
628
629
630
631
632
633
634
635
636
637
638
639
640
641
642
643
644
645
646
647
648
649
650
651
652
653
654
655
656
657
658
659
660
661
662
663
664
665
666
667
668
669
670
671
672
673
674
675
676
677
678
679
680
681
682
683
684
685
686
687
688
689
690
691
692
693
694
695
696
697
698
699
700
701
702
703
704
705
706
707
708
709
710
711
712
713
714
715
716
717
718
719
720
721
722
723
724
725
726
727
728
729
730
731
732
733
734
735
736
737
738
739
740
741
742
743
744
745
746
747
748
749
750
751
752
753
754
755
756
757
758
759
760
761
762
763
764
765
766
767
768
769
770
771
772
773
774
775
776
777
778
779
780
781
782
783
784
785
786
787
788
789
790
791
792
793
794
795
796
797
798
799
800
801
802
803
804
805
806
807
808
809
810
811
812
813
814
815
816
817
818
819
820
821
822
823
824
825
826
827
828
829
830
831
832
833
834
835
836
837
838
839
840
841
842
843
844
845
846
847
848
849
850
851
852
853
854
855
856
857
858
859
860
861
862
863
864
865
866
867
868
869
870
871
872
873
874
875
876
877
878
879
880
881
882
883
884
885
886
887
888
889
890
891
892
893
894
895
896
897
898
899
900
901
902
903
904
905
906
907
908
909
910
911
912
913
914
915
916
917
918
919
920
921
922
923
924
925
926
927
928
929
930
931
932
933
934
935
936
937
938
939
940
941
942
943
944
945
946
947
948
949
950
951
952
953
954
955
956
957
958
959
960
961
962
963
964
965
966
967
968
969
970
971
972
973
974
975
976
977
978
979
980
981
982
983
984
985
986
987
988
989
990
991
992
993
994
995
996
997
998
999
1000
9999000
9999001
9999002
9999003
9999004
9999005
9999006
9999007
9999008
9999009
9999010
9999011
9999012
9999013
9999014
9999015
9999016
9999017
9999018
9999019
9999020
9999021
9999022
9999023
9999024
9999025
9999026
9999027
9999028
9999029
9999030
9999031
9999032
9999033
9999034
9999035
9999036
9999037
9999038
9999039
9999040
9999041
9999042
9999043
9999044
9999045
9999046
9999047
9999048
9999049
9999050
9999051
9999052
9999053
9999054
9999055
9999056
9999057
9999058
9999059
9999060
9999061
9999062
9999063
9999064
9999065
9999066
9999067
9999068
9999069
9999070
9999071
9999072
9999073
9999074
9999075
9999076
9999077
9999078
9999079
9999080
9999081
9999082
9999083
9999084
9999085
9999086
9999087
9999088
9999089
9999090
9999091
9999092
9999093
9999094
9999095
9999096
9999097
9999098
9999099
9999100
9999101
9999102
9999103
9999104
9999105
9999106
9999107
9999108
9999109
9999110
9999111
9999112
9999113
9999114
9999115
9999116
9999117
9999118
9999119
9999120
9999121
9999122
9999123
9999124
9999125
9999126
9999127
9999128
9999129
9999130
9999131
9999132
9999133
9999134
9999135
9999136
9999137
9999138
9999139
9999140
9999141
9999142
9999143
9999144
9999145
9999146
9999147
9999148
9999149
9999150
9999151
9999152
9999153
9999154
9999155
9999156
9999157
9999158
9999159
9999160
9999161
9999162
9999163
9999164
9999165
9999166
9999167
9999168
9999169
9999170
9999171
9999172
9999173
9999174
9999175
9999176
9999177
9999178
9999179
9999180
9999181
9999182
9999183
9999184
9999185
9999186
9999187
9999188
9999189
9999190
9999191
9999192
9999193
9999194
9999195
9999196
9999197
9999198
9999199
9999200
9999201
9999202
9999203
9999204
9999205
9999206
9999207
9999208
9999209
9999210
9999211
9999212
9999213
9999214
9999215
9999216
9999217
9999218
9999219
9999220
9999221
9999222
9999223
9999224
9999225
9999226
9999227
9999228
9999229
9999230
9999231
9999232
9999233
9999234
9999235
9999236
9999237
9999238
9999239
9999240
9999241
9999242
9999243
9999244
9999245
9999246
9999247
9999248
9999249
9999250
9999251
9999252
9999253
9999254
9999255
9999256
9999257
9999258
9999259
9999260
9999261
9999262
9999263
9999264
9999265
9999266
9999267
9999268
9999269
9999270
9999271
9999272
9999273
9999274
9999275
9999276
9999277
9999278
9999279
9999280
9999281
9999282
9999283
9999284
9999285
9999286
9999287
9999288
9999289
9999290
9999291
9999292
9999293
9999294
9999295
9999296
9999297
9999298
9999299
9999300
9999301
9999302
9999303
9999304
9999305
9999306
9999307
9999308
9999309
9999310
9999311
9999312
9999313
9999314
9999315
9999316
9999317
9999318
9999319
9999320
9999321
9999322
9999323
9999324
9999325
9999326
9999327
9999328
9999329
9999330
9999331
9999332
9999333
9999334
9999335
9999336
9999337
9999338
9999339
9999340
9999341
9999342
9999343
9999344
9999345
9999346
9999347
9999348
9999349
9999350
9999351
9999352
9999353
9999354
9999355
9999356
9999357
9999358
9999359
9999360
9999361
9999362
9999363
9999364
9999365
9999366
9999367
9999368
9999369
9999370
9999371
9999372
9999373
9999374
9999375
9999376
9999377
9999378
9999379
9999380
9999381
9999382
9999383
9999384
9999385
9999386
9999387
9999388
9999389
9999390
9999391
9999392
9999393
9999394
9999395
9999396
9999397
9999398
9999399
9999400
9999401
9999402
9999403
9999404
9999405
9999406
9999407
9999408
9999409
9999410
9999411
9999412
9999413
9999414
9999415
9999416
9999417
9999418
9999419
9999420
9999421
9999422
9999423
9999424
9999425
9999426
9999427
9999428
9999429
9999430
9999431
9999432
9999433
9999434
9999435
9999436
9999437
9999438
9999439
9999440
9999441
9999442
9999443
9999444
9999445
9999446
9999447
9999448
9999449
9999450
9999451
9999452
9999453
9999454
9999455
9999456
9999457
9999458
9999459
9999460
9999461
9999462
9999463
9999464
9999465
9999466
9999467
9999468
9999469
9999470
9999471
9999472
9999473
9999474
9999475
9999476
9999477
9999478
9999479
9999480
9999481
9999482
9999483
9999484
9999485
9999486
9999487
9999488
9999489
9999490
9999491
9999492
9999493
9999494
9999495
9999496
9999497
9999498
9999499
9999500
9999501
9999502
9999503
9999504
9999505
9999506
9999507
9999508
9999509
9999510
9999511
9999512
9999513
9999514
9999515
9999516
9999517
9999518
9999519
9999520
9999521
9999522
9999523
9999524
9999525
9999526
9999527
9999528
9999529
9999530
9999531
9999532
9999533
9999534
9999535
9999536
9999537
9999538
9999539
9999540
9999541
9999542
9999543
9999544
9999545
9999546
9999547
9999548
9999549
9999550
9999551
9999552
9999553
9999554
9999555
9999556
9999557
9999558
9999559
9999560
9999561
9999562
9999563
9999564
9999565
9999566
9999567
9999568
9999569
9999570
9999571
9999572
9999573
9999574
9999575
9999576
9999577
9999578
9999579
9999580
9999581
9999582
9999583
9999584
9999585
9999586
9999587
9999588
9999589
9999590
9999591
9999592
9999593
9999594
9999595
9999596
9999597
9999598
9999599
9999600
9999601
9999602
9999603
9999604
9999605
9999606
9999607
9999608
9999609
9999610
9999611
9999612
9999613
9999614
9999615
9999616
9999617
9999618
9999619
9999620
9999621
9999622
9999623
9999624
9999625
9999626
9999627
9999628
9999629
9999630
9999631
9999632
9999633
9999634
9999635
9999636
9999637
9999638
9999639
9999640
9999641
9999642
9999643
9999644
9999645
9999646
9999647
9999648
9999649
9999650
9999651
9999652
9999653
9999654
9999655
9999656
9999657
9999658
9999659
9999660
9999661
9999662
9999663
9999664
9999665
9999666
9999667
9999668
9999669
9999670
9999671
9999672
9999673
9999674
9999675
9999676
9999677
9999678
9999679
9999680
9999681
9999682
9999683
9999684
9999685
9999686
9999687
9999688
9999689
9999690
9999691
9999692
9999693
9999694
9999695
9999696
9999697
9999698
9999699
9999700
9999701
9999702
9999703
9999704
9999705
9999706
9999707
9999708
9999709
9999710
9999711
9999712
9999713
9999714
9999715
9999716
9999717
9999718
9999719
9999720
9999721
9999722
9999723
9999724
9999725
9999726
9999727
9999728
9999729
9999730
9999731
9999732
9999733
9999734
9999735
9999736
9999737
9999738
9999739
9999740
9999741
9999742
9999743
9999744
9999745
9999746
9999747
9999748
9999749
9999750
9999751
9999752
9999753
9999754
9999755
9999756
9999757
9999758
9999759
9999760
9999761
9999762
9999763
9999764
9999765
9999766
9999767
9999768
9999769
9999770
9999771
9999772
9999773
9999774
9999775
9999776
9999777
9999778
9999779
9999780
9999781
9999782
9999783
9999784
9999785
9999786
9999787
9999788
9999789
9999790
9999791
9999792
9999793
9999794
9999795
9999796
9999797
9999798
9999799
9999800
9999801
9999802
9999803
9999804
9999805
9999806
9999807
9999808
9999809
9999810
9999811
9999812
9999813
9999814
9999815
9999816
9999817
9999818
9999819
9999820
9999821
9999822
9999823
9999824
9999825
9999826
9999827
9999828
9999829
9999830
9999831
9999832
9999833
9999834
9999835
9999836
9999837
9999838
9999839
9999840
9999841
9999842
9999843
9999844
9999845
9999846
9999847
9999848
9999849
9999850
9999851
9999852
9999853
9999854
9999855
9999856
9999857
9999858
9999859
9999860
9999861
9999862
9999863
9999864
9999865
9999866
9999867
9999868
9999869
9999870
9999871
9999872
9999873
9999874
9999875
9999876
9999877
9999878
9999879
9999880
9999881
9999882
9999883
9999884
9999885
9999886
9999887
9999888
9999889
9999890
9999891
9999892
9999893
9999894
9999895
9999896
9999897
9999898
9999899
9999900
9999901
9999902
9999903
9999904
9999905
9999906
9999907
9999908
9999909
9999910
9999911
9999912
9999913
9999914
9999915
9999916
9999917
9999918
9999919
9999920
9999921
9999922
9999923
9999924
9999925
9999926
9999927
9999928
9999929
9999930
9999931
9999932
9999933
9999934
9999935
9999936
9999937
9999938
9999939
9999940
9999941
9999942
9999943
9999944
9999945
9999946
9999947
9999948
9999949
9999950
9999951
9999952
9999953
9999954
9999955
9999956
9999957
9999958
9999959
9999960
9999961
9999962
9999963
9999964
9999965
9999966
9999967
9999968
9999969
9999970
9999971
9999972
9999973
9999974
9999975
9999976
9999977
9999978
9999979
9999980
9999981
9999982
9999983
9999984
9999985
9999986
9999987
9999988
9999989
9999990
9999991
9999992
9999993
9999994
9999995
9999996
9999997
9999998
9999999
10000000
5094004
2263666
6220658
4386483
2623379
8640332
9069472
7172914
1045890
1185200
7258788
9410316
8289435
4007582
7805880
6025366
4647059
1980864
1612704
2843114
3457948
3881260
5868610
7685481
3375877
9659908
5808531
1569587
6821059
9438175
9889697
2282934
4244245
9120535
1199007
5568675
9013533
6716202
9871416
6362626
4881142
6547198
5740730
3431332
1639250
6736336
172406
9775113
6709563
7043865
2902025
7098953
6088406
7139835
2746297
1240922
4638164
3023120
3958921
4260437
9189905
1210942
6446669
6133156
8093932
1924256
6195166
9635963
6669387
7091442
1864691
7926703
1676352
8212820
1819041
5889660
254066
4276046
2368749
5608699
5682595
9410871
3967477
7856143
4420312
431449
3910172
1319067
6799430
5195516
9001714
6944780
4194038
1780853
8742113
8409368
3831636
3179938
9093935
6564029
4508832
2690863
9792106
5008815
8803795
7689867
6594180
4457585
7405433
2777705
7961775
3015635
4064130
9460686
8925509
6232048
484842
2383481
3014797
5709515
9665354
6081269
6721501
5777458
4460683
6398864
1937285
8095673
9858948
1713493
2622725
2642915
7742663
6064677
8814203
3591466
2538069
3246434
9156209
279999
9832478
5749602
3545955
5823481
1407147
2541706
2327364
3889354
6256566
7256550
4582172
3731116
3874492
6292795
5829308
6725563
6204524
1504822
8014805
1352925
1093117
8544539
3291241
9593229
7076646
9180847
2974547
3444880
6077511
9963132
723092
8392804
3978458
7029703
2542400
176218
2292952
6748646
7161550
2817131
6062912
4244705
5720095
8416211
3615923
5587639
404285
5415123
7820580
7430956
1768504
776803
8997162
6345251
3090276
4286392
1641493
4591553
5469756
9812389
1764118
2825912
3748771
388150
501631
3988436
262035
5721331
8957667
8271223
5053721
8791185
924339
4464153
2533196
2688550
8978593
7878381
1921858
8242833
3707513
125820
2673010
2574535
1570774
116159
7931421
2258578
1965574
1253883
5510534
3819419
6554721
7294927
7003385
6917998
4228261
9795614
7055489
3965417
9285823
9169188
8560481
2092630
5857262
6517509
1319032
9275259
7762032
5556746
8469630
5510365
5047592
3687390
7795471
6045125
8190050
2043900
4122453
9839995
9573648
5259194
3131016
4420905
739609
6522667
9893852
2154390
5899644
9227491
2730656
3073457
8727122
3211314
7955453
2093010
4441771
3048879
3543814
2104232
1019986
7859835
4837240
602034
2962895
6043045
6760188
7356544
8200193
9074743
1711576
8205799
9003465
4912636
8216802
4061062
986594
5738552
5371030
1310857
7647159
2840230
5645270
7207340
5857984
2590664
2722097
1448237
7452232
418262
692883
5983768
1518237
7842934
2525277
9237124
2444819
9516466
8136402
5193015
7514173
9257087
8144894
4720190
7685
7511834
8334251
1098344
2830450
9742801
946674
8090750
5111966
960579
2683408
6562634
9925427
141408
5440799
5219821
6165781
5125685
2587356
4142388
7892015
1576116
1251361
5700631
7922741
8358308
8521484
587845
73490
9710245
9509099
2675285
9472117
4847913
8959115
6529458
2850814
2495044
2168087
1752414
6450735
9985853
9533204
5577395
6431965
6265089
224227
3720173
1657938
6433660
820787
6049927
7149021
9803174
4392758
1948756
1830700
2257110
2683994
9682027
9364976
1026763
8267110
8888361
1256827
9473477
1884176
9884571
6549242
3435261
9159154
9369763
1835315
7064482
511648
4863297
3440257
3800533
7558727
2623264
3655176
932937
1094527
3824753
8968402
6356451
8137883
7905440
5875034
9421937
6894699
3273279
2903514
785588
5549867
5069836
8699594
8321154
122118
3980994
4265950
3119352
4116988
9890431
4012057
7547817
8471507
2869955
9798694
8708222
2068206
4933032
4273470
1181012
5441433
7132583
7443287
3469602
6885862
504834
2227942
3721035
580322
4475025
985582
3609236
3467459
4985432
7001453
2019638
1669798
9831848
3626706
6028713
5976356
6696046
6301019
2693514
553474
2038224
6830785
763988
5154946
596797
8382771
7238057
9194924
7973141
7027482
4582989
4684788
7621372
5815272
9888873
4531099
4182084
1960598
2625297
8327561
5474338
644106
4471514
574600
506309
9832812
2164381
3525303
9132102
6215863
8698043
7419977
446982
502272
7915698
1268910
2117224
5673737
634275
236949
1657176
5242906
9706805
9365187
6032129
6574859
9692454
8486794
3615946
6850643
5416840
396573
4757370
531761
2825564
210900
3539169
9211376
2905347
5944870
8203664
6056511
5274995
2933376
2822382
4626106
6320639
8529410
154220
4035438
3328831
7351750
851025
8614144
7756589
6731270
8835492
8631300
4867803
2547729
3255663
370546
7859463
2811764
7521244
438759
731675
3205393
6279437
2952121
6638893
6523625
9249256
7716593
4757106
7331061
7684550
2926119
9972340
1973767
4911885
3740643
1144748
3694631
7239684
8464360
999637
15476
2199758
7697406
5193021
9475719
8368246
8916481
8291764
7456309
3897608
1390408
3191827
3795514
1410010
592242
268847
1884753
5567726
383479
6806917
7859153
7585604
936522
4927737
4634883
9155589
6413732
7525354
1711522
4631343
6902291
9600511
6801296
9564397
33991
7727020
6002257
7945830
646340
7878645
7239381
3688584
782718
2356032
1803538
6227296
5369921
4285348
9687033
3000533
7995741
9030849
6038915
5945661
8472303
4363808
7230718
7106845
5437945
524380
9345610
1646024
9905603
3234481
8162520
2958486
2988587
6863065
3692319
4216254
4449123
118947
2347900
1538639
4999064
3470491
7284430
2200857
2719979
9279814
607432
9154687
5002882
6817591
3473005
7127216
273448
4402061
9520295
199799
499008
8758547
9068032
7491990
7390855
3077246
258625
9107061
225462
2126755
654678
6249969
7734365
5509706
4988188
1180029
2188961
678736
4423478
9891694
5345657
9869700
4252365
2573245
9171476
3761172
2531232
7367689
3977749
8259078
9308801
109944
1031608
44412
9156540
7612360
6094460
7663697
884320
9289448
9319268
7399926
1666536
9236224
2225639
439827
7539358
5666777
8421409
1143028
6704239
4924423
7054582
7025211
730809
7760533
6904358
1358011
8121866
8185080
7374819
7535417
6275467
9906146
6961372
7501335
2231027
4057295
680482
7742639
7674775
7252061
6174921
1768106
1047168
6604554
9321170
9126490
394013
2681598
1719880
7976748
3710905
5068452
8859724
6155422
5765732
5191616
8222982
170530
6485327
6981801
5457099
6465334
8110214
7805194
5442195
4518410
4051816
222279
3508600
3776421
9052456
7480417
3492975
2023343
5733640
6560256
2097683
7747530
4243860
2139286
1516022
9049676
1527694
5890328
4790769
6659062
8436563
6883599
5964338
8537016
8267448
8258024
3110071
6511248
8226276
4638665
1873727
2872163
9548592
5739417
3518911
3921701
238877
5528780
132482
7291836
6722943
896875
4392134
825871
5340106
4214031
1807468
8041201
9034215
4405092
2209156
2905179
5005370
296235
312647
719088
8092121
6182734
5919506
8450799
5081985
370300
4893191
6973194
7649192
2856569
6561946
5736593
2181314
4097006
7307197
8619025
7448551
4280439
9530104
5181856
4669012
4550164
3369603
3343640
7768377
7449849
9348532
7817481
1828619
9867077
7787072
2709962
9720622
4201004
7500359
2633208
4432281
6542487
7750629
1133226
8147192
7525495
9472560
9273159
1860223
1940271
8527093
9663509
1138387
8461208
460387
6827856
5641886
3890608
4603278
8395956
9673571
8341334
1846034
3697801
8273464
5029826
5007414
9904860
9962400
8299818
8520314
795025
468223
6950256
2923610
7957096
3225224
1961018
5812451
9871942
7114914
8375853
9439148
9968366
3540895
761436
4259494
6478306
7447303
2706405
5545919
4470497
2020162
7888377
766600
6948679
8950872
4929676
9748063
3772795
8051770
2842029
6483
9600553
9753929
8276237
1577928
8471917
1750405
3463857
9511307
3088786
6548588
6369473
3050816
9085763
8703743
8603354
843910
792858
4230092
7164024
5226678
8448556
3292400
5698106
6150595
5917575
8641472
9136825
3363103
4527467
2426992
5586992
632356
6360294
611448
7478573
9646442
4279358
1976156
389834
7277890
7782562
3426410
4298821
2468536
4606997
4793081
3975000
6201549
8475206
344461
3523208
7599725
9764129
9706589
6705688
4566354
5794998
4350020
3074779
9010686
1385363
907149
3580455
3693447
1022251
9961150
110570
5884960
1140152
9515233
7674547
777463
3957828
7902805
3332962
91090
2386714
2790178
7959032
7820141
7680200
783119
3178381
4487863
1029879
7470171
4383275
3044076
324375
2205246
440707
1209721
6809024
8631982
2642887
8675129
5579403
9896934
1035980
9288509
4724921
1576838
609280
2261672
9247869
7560261
2639952
5788777
6635540
34878
6707594
5247542
893393
4631048
935717
4127826
312433
9836231
1487824
6399631
1957937
59012
1232870
3731946
2137007
8392003
3543586
8026432
178888
1602386
7535116
2422357
116777
4238737
2105238
403974
3396794
1984253
2532376
4091551
9529751
6036301
5613118
8764324
9403807
7971539
5543682
424163
1332511
9656873
326619
8767022
8828900
2644698
1875738
7062008
5824449
4326141
9369738
6065233
1663210
1633910
6921629
8493729
1793980
4603303
1432028
9118889
3054847
2887760
1780741
4538682
2209186
3040940
5378269
5142009
3810117
2722832
2536785
415168
8867067
7729500
4876770
8715418
4747885
740080
7238278
6353665
8526269
2666675
7906870
9042575
3578230
1193290
6587406
8920779
6212381
2639440
5553213
9503473
7287386
8134027
5337247
6657955
4309045
5627021
3847397
2533557
6328723
979855
528453
5273445
145969
1711750
6919190
2980923
7283270
36923
7874343
5852154
7039812
1125664
2451842
1802559
5292933
6935706
3825504
4773153
937407
4527834
7584794
6067402
3237301
3962677
543828
1385726
5450392
538599
2696894
5735597
7102942
188838
7678856
9832389
7296178
3270139
8152010
9230995
173733
1968709
7403125
167052
768349
4729935
1395832
3562862
219326
6655441
8109943
8799128
6967744
6397348
2405236
360927
8547775
7093858
1652356
6512638
6010267
540629
5640437
9629351
8219361
9797122
1415569
8601722
2786920
9617247
3081074
1841962
2986747
8410466
8609370
9125684
1568011
2121760
5774316
537570
4859525
8965467
7891963
7998547
8976923
1902501
1749990
8140871
7802678
6863519
279199
9477995
288626
6748966
3672892
4469607
2482676
8237592
8408174
9014035
4460411
842973
3054933
9589472
4121035
6119332
4581443
8147471
2894980
6545945
3424128
8235405
4431859
8252714
5065322
6868059
8006343
3912067
9325045
4791208
3145838
5482945
8669256
2294540
1439999
5045142
141529
7678762
7577825
2715246
1956974
6516204
6721060
6677843
1328597
3204533
834084
8380533
9070947
5065576
7050387
7803041
3682998
5305147
5075281
2494785
687597
4588101
7696965
2737478
6119875
7642319
3365651
5904414
1617456
341333
4255343
389949
9578804
3852956
1516420
1025376
9498910
5891534
2125079
4920461
9812845
1252418
4338480
7928573
7074060
5821474
9816410
9641695
3608200
4407928
9595484
9136293
3507192
3938193
4336225
6021268
5292213
2526975
4967563
3004354
1808441
5076396
5907055
3515431
6122809
6943272
3913559
8805823
7195670
5242528
8601884
7179167
5787850
3411547
2135773
656378
1651255
6179616
1290392
8121929
4501110
1916567
9232518
780236
3247435
9331395
6663324
8308999
2257496
8921877
5228421
885047
8656819
8985424
1745160
2320838
864820
6201173
3227958
8010458
2395230
9095940
3196866
8336263
3757059
2310113
4291661
3797816
36761
8662834
2701993
668280
1743456
7881216
8631031
9250099
4421041
7948190
4774906
399025
389131
1728948
7810354
9488708
499452
9654070
7922303
6303405
9183851
4231071
4449078
7389560
6332252
4671849
8003727
3182533
3271215
8283719
87963
5721341
7737063
1115229
2468875
9097023
1077923
2636057
2548713
2397295
3377742
9489477
9333948
8781533
3942685
7470062
8556016
3535677
2773574
5026383
1643701
9600505
6079925
3224067
8720715
9039803
9129392
7223141
848527
4041596
116239
5415110
105353
1239263
3949574
1530364
7753546
9523649
4713015
3903941
998032
8002658
5071109
7178589
7858950
5896119
3733282
655153
1150777
1696497
3416013
1829511
980618
93521
7480864
5815253
1247980
7342372
473163
8260431
4446771
7499887
5819355
4803584
7465832
5226475
7407545
3320016
9892759
3714637
6829425
3882214
7906456
7925445
3451396
5258307
3862775
9355640
4758642
7703499
2505853
9943287
1720546
6260933
5346081
9898861
2554263
536466
6538023
6486702
6693987
134519
1731956
4577077
2542081
8516249
5048896
7303262
8382358
5423380
9000392
5370311
882372
8565435
5416932
9421431
4849419
5608198
200941
9755457
7717952
6072754
8795754
4539778
2417732
8984355
9993969
4052613
5614742
5017508
1682113
9210155
8087377
581440
2786341
7495075
7381983
4386378
8729912
1813234
4271115
5466259
9440521
9531745
7294949
9383124
2229244
6316325
4990939
5911835
9239121
6782282
3341331
3692992
9288805
1050205
3088469
9706823
7208404
2682741
1461738
2447184
3637209
3295448
8771256
4680403
4582043
8840567
2502326
981026
462582
1471963
7270991
8039726
6491581
3520474
3449421
6891259
4821435
8330959
5344148
2625930
8564679
2108733
3051241
8419759
1473952
4167559
9096389
8404772
4864376
8374350
6360866
7345663
2908420
2770238
7813916
8473557
8637177
9834038
8259971
4587390
136341
7004229
8186979
291841
8158699
6175934
4918083
7583513
635646
9896398
2796159
5714711
5895516
2782458
8499487
2167937
9190656
2505998
9207305
2816744
8403461
2414643
7973105
2612801
1426923
4097526
6066093
4063568
1597012
9561850
1100636
3192792
8623988
9357726
490633
6110438
1993712
1895189
743550
8502867
6167195
3734261
1230993
3923748
8473383
8866318
6728003
1480330
3607088
7237787
3184303
5365058
1452168
9061152
1816687
1928516
1084298
3325672
8565501
3958063
3734556
8367721
3855055
9976056
1044119
8671213
9983314
9944303
3867588
3515774
9516504
6540315
1586158
5592207
2553115
3928453
8692716
2995555
8787866
1793990
4366163
3883843
3468249
5450365
5565334
548681
3510225
6294629
4014483
7996231
3994402
6720282
7298714
370568
6632829
7779869
3908351
70161
9423071
8676559
8559311
9814990
4389145
6635577
2865248
1024007
9922027
8119732
4776888
8848763
961485
6622170
9162615
9002148
1682658
7416852
3917776
604341
9630885
8370624
2647270
7381995
9790406
4444313
6791704
1693737
8495332
5403070
7222031
4469794
9331853
6327414
2523191
5750051
8745795
9316677
6711929
777882
4525284
9962288
142899
1785512
6716988
7901953
9317797
5429565
5817525
6765020
3737840
4919524
39235
1162901
2702432
3760705
3338498
4676213
8716844
6404864
3679460
6561704
5183906
9135944
3794306
1184850
4786216
9518927
4553508
1537556
7829441
4277279
8898084
1027812
5765402
187594
8103507
2544628
3137718
3506738
5631689
2108698
1568518
33292
5569750
6453477
750424
4240406
7293258
3333594
4522277
4744738
4820685
3034575
3519017
2662873
6916187
8344507
6317824
7854912
8148938
2281522
6237498
1270029
4110963
7720576
8561813
8033432
8011839
7898355
9180964
1117436
7424930
6675517
383097
1123377
3132176
3550134
8939484
1948983
3938991
4310473
962111
4387048
8744692
8489929
8836946
4063926
76277
1003357
4986970
5266038
26219
6867666
8123628
9541287
1827512
2655385
1974442
8470449
570495
3743065
4145505
889590
739925
7980024
5026702
1423802
6552366
4792474
9261472
9573338
1129319
3311936
1259064
386292
665164
951256
7858720
2658783
5426661
1516004
7723380
7062015
9817160
7677383
1154333
7904382
1929302
5404343
1882899
8246240
6530898
9691456
9264290
9278448
9401621
7366223
5119423
9770755
2310771
5076933
9959285
25914
1965152
777546
976127
9430595
7258501
3166172
6128511
1537065
8610035
1377082
9972457
8426068
2813464
9844148
1533712
1932505
572818
2146398
5163292
5424533
5767298
4951978
9817457
4816701
205053
2825117
5690017
4704336
8291151
173759
1908231
1348966
1904437
4863033
8429275
7922124
255725
4251058
7010559
8259974
819911
3242226
4907742
5292429
2326350
4882821
5308730
3646930
8762886
1567062
6082254
7208997
7469436
7264427
4120958
666574
9223216
5211079
8898611
1375092
5221749
7334772
4721834
6745136
7793761
3052454
5778320
2479294
1504594
6335028
1562736
1438257
8191204
7355225
3157978
7296609
2936613
3360637
2029649
3206469
3451437
8165213
9861269
4651178
3567566
3634657
8199870
5686012
1013049
292445
4512834
1735358
2373524
3709045
290454
1254097
5270679
7244676
7620676
5398660
1643713
3845546
2888925
1130316
3104947
5534599
5739372
2399368
3399490
329330
5325666
4364137
8559718
1824957
3401941
6179437
2025015
8117988
756284
9123908
4229484
1829407
3803734
385277
7848489
2597031
4231000
608414
3100794
5249014
9900224
5575715
7188043
6811499
4735163
7436074
8902094
9871987
3310610
3572875
6285261
3177815
5951468
9001591
7288912
7855630
8304964
3003837
6786970
9830982
755649
8225874
6592387
1335974
2014938
325261
2757476
6989917
9139119
6934391
4856731
9284631
3874440
987470
6814107
6775665
9162716
1279593
9714501
3724195
6624693
786712
914992
7075264
2138733
1891406
1472602
8922291
6819777
1418955
6331231
5582505
510301
3013967
731248
8560077
4000213
2456060
5498016
1701625
6904770
7362482
9143144
5355630
3489401
4045901
5939478
6276123
1150488
6405770
3744148
6976291
1796327
5583461
9375610
5045351
4491564
5296910
382295
5955470
5805744
4631336
5521076
4298319
9606680
5881878
1995420
4776241
3285794
2067544
337586
9228282
6096952
9811150
9358597
7181298
7600645
5872709
4530820
860305
335954
5460450
6698909
5340343
5108867
8382347
2213765
8484117
8740517
1679688
5769932
5737665
5273694
4125834
844728
5913680
3053294
3226764
1268513
1191777
6107415
7286785
7541592
1645737
8963884
1044612
2671057
9349189
8564298
1517386
9745918
9880558
6420009
3930640
2450543
9594105
2693198
2836652
4809545
376832
3529825
5066425
9395095
6841197
3526802
9802756
4407989
8185804
2821473
6069561
5670249
7792535
8067298
9658903
7885856
7918035
3525119
1992285
1272250
9562560
7469301
6380819
3466897
109169
4171395
9744129
4915850
5732454
5770582
2648360
3356543
3184343
8901686
3611021
1446579
433873
7223082
7491234
9304473
2308461
666134
4428362
6150669
7464667
9230518
473977
6429532
6759618
6815434
3078660
9781846
19157
8530088
5745039
1737022
6789476
4708336
3144662
1767956
1760236
7083633
7462287
1821171
1107370
6890950
6445184
8034107
9786818
2230703
2144996
3679857
9592577
9758227
5885209
8757035
2899960
8768271
5491212
4499285
103660
1311429
4403504
133520
5772284
2291240
3836031
383754
3534924
1036591
392086
6983904
4061770
6634394
6254692
2333689
3532811
7595794
4645550
6572371
7253765
6451828
5264897
1717505
3864368
4582159
6738906
3746034
3449704
9360945
3768755
4658304
9259096
710213
973278
8006254
7191957
3509280
859436
9561196
2959986
1509717
2398007
5696241
1867866
9502270
466782
3271706
1392719
3221484
3937472
8642655
6936258
2105269
1898036
8712097
9230115
6024729
3575660
1097072
7429861
8922204
2251859
8342222
8772428
6880871
1355128
9810443
926727
5049026
1176752
6548548
6860408
6227684
9215306
9584310
9335193
1050512
7330577
5247790
4154579
9987144
4635986
5949552
4357089
2905495
2283633
9116977
1992911
6192597
81930
3627698
2050294
5795607
5161856
7291845
6492397
4257554
8795268
9444330
2564631
2759173
9042502
7335938
8860096
6185477
5644495
6968457
9075684
8920287
6031733
1834136
3776654
2282079
515216
8408775
7560130
8007727
4438300
3357423
423686
1148635
1628278
1050391
921389
3046767
3910623
7831395
3479348
9272894
7955227
9397041
65237
2772569
8827809
8776755
2176311
1919541
990495
5039887
888863
874215
4539430
1864085
4817419
1471320
2002693
8653918
2140099
3954287
3321524
927802
1450022
6322525
9694769
623928
1402119
5924474
1766737
3040461
2627072
2792967
9367142
444037
3292587
1712257
5799939
3593065
7627490
314812
6536392
872956
7947157
1105247
5365761
7269466
1269538
9966383
5770607
8395421
2842052
7934660
1619685
2878886
6987109
4709195
9211907
2027518
4970311
2169609
7696321
5250515
8076839
1270104
946572
5212470
6163477
614924
9643629
3075094
1820483
8182964
259292
2980261
2891808
5812445
200121
5429513
5153180
4739064
6212197
5524738
1143067
6890746
1349643
3327719
7132805
5786522
2548737
7889158
9139745
2726601
5624025
6018405
8436746
8676402
3430210
7628563
778859
3682496
8398742
270121
9745919
3251908
5321415
912808
7703427
6441383
4084195
5174467
2547315
9301845
3065850
2322322
479588
9845638
3410661
2550351
1946760
8575093
6613295
2171279
2065966
9482881
9870773
4307193
5721009
779084
9339417
4338620
240755
7174684
212954
818701
5972642
4386176
7345532
1872281
1833262
7013469
6487269
8833805
316882
2652496
6381930
7210709
8703625
4687833
2653184
6721560
6343938
5774789
5728806
3230534
8601408
2715950
8013938
120184
3312962
4799959
9128875
9266144
8026328
6470257
9860336
5359866
7176754
3860011
6436486
388351
2932267
2678456
7104135
8501891
8710498
5927286
2412646
4420255
2055908
7680977
4938617
6791021
5037347
2805639
5816937
4274536
1051569
1149777
6261535
1924971
5022321
9256619
9866528
1433993
9973389
4439840
7456537
1805432
4298854
7961942
8397526
3165256
4544789
5703062
3942088
9315193
1430334
3420141
143341
5108936
522123
6959326
9635629
5839732
8620232
4239058
3654690
1734515
8825213
1761456
9441886
9137450
3993579
959769
3258062
2008168
8087077
5478365
8916191
157933
6917633
2732034
3714049
554892
688422
3792281
3443618
7172024
3627276
1059952
4813658
1788478
1726241
7413249
4723326
471375
6208871
4409037
9096676
7027893
9631447
3746233
2162272
4971368
9122391
3731547
8758221
3247273
8583815
8250589
6569757
7664557
9827817
1668507
7866676
3443592
3076275
2097021
8304873
9927329
6446711
7774547
2525952
6515755
345766
826517
2624714
1036031
3042993
2292581
6823784
2191157
7079880
310069
3587268
7107833
209736
709040
565008
6815407
7169759
7043505
8638003
1528154
3144928
8194631
5767884
1408850
388950
209972
2084786
3833671
7165816
877603
9708317
2610968
3572852
8799
7508607
5895293
4317013
5717952
1659406
161210
6511521
3890025
8147744
5001711
2441058
9535817
1630898
1216774
5880768
4276577
1511717
3403167
8286387
5373559
839368
5640129
6469858
39900
6870439
4659135
1282917
8484064
3212220
2575868
9564613
407401
1266482
3977638
4507943
9697506
685786
7159970
5718611
182144
3593089
1440059
6402137
4534488
528713
1696050
7635261
4979581
1915722
2401341
2448927
3743780
921722
132424
6298732
3397541
5344762
7985777
7275205
8797544
1629671
164482
8445126
8734942
5791992
5455828
9732231
7370414
9719445
6913248
9348130
1870471
5417991
9310107
3806153
8635318
1634865
9278660
7153661
1302396
6147877
9924477
6026665
2949168
7901400
2408892
812200
2119255
5612887
9111105
3334346
3855333
4469765
9040968
9049479
6620451
1783494
4166195
3431147
995598
5072417
1220706
2519739
2984664
7260179
6426060
9633375
2570291
2503396
186746
4378340
2757647
287710
3088569
8893446
5372667
3808737
5888502
4949179
6293734
2634573
746931
7416939
1855225
9932022
1971432
2440860
6071797
5531278
2911932
6388714
2803027
3078144
3510364
8243334
35815
3998459
110822
1128771
3836098
6990564
5889824
525903
737398
4009397
6818892
4274881
6822354
1765410
1792723
4747815
4231627
2349047
8650442
7851851
1613110
6881100
5416325
4092204
4574575
3005420
9393548
8959044
8775844
3816771
7308639
2616104
3080762
6349364
6832101
3177572
9060795
8701337
5367961
7976824
4186802
184246
2894112
8371466
6348252
1362346
3243691
7988493
4543514
59395
2684895
2862269
1091021
3189651
9458088
5185965
6884252
1567143
5512651
8910532
6350321
8093087
3307579
6752052
409438
2290618
9570881
6827656
5120900
7580401
9755888
8016041
3320455
3518371
1376992
5784238
5941791
5690730
4223938
639003
3367371
1452020
5883154
5910707
5962477
753059
5831249
1610042
4149191
6121332
9986306
5516011
6075293
9786668
1891948
7916024
2542709
6529181
1922747
2269421
8479169
7102217
2909205
696267
6715143
4488520
565312
3509689
710420
3699316
4452209
9288760
3988276
1013076
4598951
7433505
736535
9098393
2770401
5582625
6255825
6635349
5754627
7284971
3315941
6193174
5328368
8891044
2331966
8736641
9313022
1365070
7546500
8661118
987279
4168096
7533056
185000
3919973
3291974
9048640
9511662
7169884
2621959
8143901
2722352
3406377
3810462
4084292
2439886
3858176
9800249
1401667
5931288
3199282
7821860
1630288
5410034
9881024
6159137
5022514
8761961
2505215
8862823
1145894
3825638
7121575
7340403
7234177
7788195
5051898
5479414
3716818
4924141
4487785
3549030
539336
5306021
6275444
7931487
6209501
375645
6730080
3590306
8772932
4720020
3190178
4891602
5322520
1201073
7542217
2446007
8746650
6659927
9894209
7005669
3672112
5515400
7201099
5849352
138106
496594
556889
5593289
2999122
5105243
4512896
227588
2490195
1696790
841311
3277626
2912180
787868
6809493
605051
5774840
6089914
3514529
8710745
856709
1596402
9481697
4921862
3760021
6549083
4200387
1441695
8313353
8730291
3856297
2458613
5215393
5162855
3330341
6507397
4476512
894784
6884861
5166318
3255795
3572229
7168159
2215772
4111788
5489205
3171951
7627423
5896526
7693477
3919627
5357671
1488203
7115519
8692357
5842915
3143024
6855509
3331642
8956793
629018
8897430
6555456
3442404
8409289
2910476
7656570
7125800
6981825
9609503
806455
4157285
6170782
4145257
6367723
8090475
1213735
6771660
4764453
2742058
6255716
6258972
7541932
7784166
7312214
5493615
6667453
9380588
119954
3872341
2955153
3272281
1740703
6065579
6893326
5227120
7360590
3507747
1303111
1262935
9490260
2128198
5213396
402253
9343332
7877151
3091928
4680887
3924600
3319700
4028231
439684
3449814
6517722
354221
164952
8743912
456386
5578486
3145988
2408578
1716062
3754865
4456741
7696908
826824
4984863
6152307
8308401
6287715
3206098
1072753
869408
9744379
3978037
1518109
6619598
5547695
9139796
4198909
8827847
4364806
9483426
3249569
7106824
6345725
9520402
1075383
8334010
3693044
4481431
4743273
1588879
4853712
6403800
3938642
405919
2981386
2267341
2002417
8466907
3616156
3630669
3886583
7966008
9312584
5790530
1422940
9718040
6264522
7680694
3558934
5125346
8201831
3886806
8869510
343789
5252388
42430
905424
6838539
2400027
531202
7815076
7289326
4617206
8065001
9285110
1335052
4656355
6691664
1510249
9456526
9054297
3403988
1263513
3224075
2570409
7199868
3583161
5062015
8934506
6170074
2565885
9479869
237407
1178207
4444329
567771
5120720
2043646
8630118
1460996
1695706
5597541
385948
3178438
9730233
8125027
7804980
2722765
3431141
8476936
2734638
9525381
4628743
2599810
5247901
2103388
4631425
8956139
2334267
7920063
4035473
705639
3807661
2737646
670054
2531083
4208210
8026893
1887828
3730612
736587
1252021
9829008
1139887
3910115
3848395
9762753
1103596
360195
1853781
2509036
5558907
5029719
5454882
876769
8462621
7378666
7970018
5118652
8821516
7488650
8521777
7017864
6087818
9221626
7414020
2508558
3779116
9321951
8236384
1838779
7679600
234958
2428523
3007713
5001740
9877813
2337472
2911024
6674292
5394969
9457769
2419890
1002850
3033414
7114454
5313330
6239419
4350697
2864174
1568189
9746250
1304794
8133854
389682
4942536
842947
819667
5227924
3080901
7150206
5347866
4812863
6959093
1261719
4988674
3049338
2321092
4893155
6432113
5369850
662535
8452828
3761709
9299752
4688287
150629
4035495
1401440
4346911
7329081
4912338
183565
5573453
2728215
2673064
2297785
1143911
1363688
1579711
9968144
3662420
7268794
3337921
9208445
2421204
9752616
672931
480662
8372116
4267651
3647536
7729561
823597
4763625
7226430
361640
6583522
4612427
7181489
333756
7117880
3173124
6397557
577406
2332439
4930877
9288577
3478433
5460843
1808976
9969467
2671354
7630756
300630
3115163
7353947
6480398
5274879
4150014
4054852
7327519
5188630
3135595
8632455
2719537
5773378
289995
4398413
4158983
5961651
1282611
7498462
8074420
1189133
4346194
2057001
1360199
9781504
8409061
9743131
2916560
9897739
5357736
4752993
9468523
3490145
3693454
1108799
2377703
8717087
7985859
5251085
4233467
7964909
9720408
6098081
6373818
8538041
5896434
8863698
8413262
8620038
3167792
1458618
6306865
898625
7516149
7745072
4558222
6384925
7010024
1710530
1523539
551180
7450887
8355983
4734339
8185974
3666866
3085577
4967399
2842521
3452894
312681
4140791
3307639
8980621
4164335
5553205
1418576
297523
1865770
4196809
3924544
7024484
8333150
5016687
6330483
9512303
6329203
8435920
6821374
21594
7418139
9205286
5479849
6549921
9186703
9775631
1550794
810595
3192234
6456626
5836196
7480569
4684094
236112
9341449
3158046
7368922
6484150
1164222
32825
4714155
558989
8954686
7467977
5459119
2037047
5116095
4090056
4511322
3441026
5202551
6280630
3710878
1560890
8146727
3164807
4793913
4248264
939265
5326397
9141373
7243516
6277074
442521
3194448
5462135
4696986
2556409
278379
2185413
7106633
2890990
8788900
6009480
1425271
8370927
8490679
4643065
1770171
9897316
7018448
9168971
1230988
7090480
934290
8194280
5553241
2014199
6798390
601268
6049111
3522995
5995372
6552326
7897290
2029923
9283984
4913333
508137
7468704
3503006
9411042
7307485
5232675
2003297
2403188
6249141
5046022
754107
6395512
2996807
6204442
3539045
8618789
3667707
2249042
2925841
7029080
4760469
2209806
8944823
4776626
7879919
4597001
9726317
1113077
139941
304171
2461602
220077
8327378
4673529
4394047
8052775
3976266
5155160
9533662
434663
6240262
8312114
5814880
4482938
8371242
7374235
4894128
5121858
5976111
5474602
2027127
9354464
8263633
6851123
5162421
9647091
865122
5564513
6457535
7274371
8226388
508591
8423061
668469
4342804
3979254
6317480
206237
369209
5736725
1657422
8147643
5344088
7065437
4785099
6436654
9028486
3113831
2631967
1437088
3746732
1119080
7226236
2650525
3969997
5918536
1251993
7768000
5934181
725781
1050386
7559329
9699051
7452204
9499128
6560026
6657391
2065221
155159
5548284
7249362
9666290
9514970
9421545
2938908
7054730
8149587
6893445
124263
6937183
8198941
7435424
4453937
5382155
7086946
269221
8829389
547519
8544776
3305552
7694174
1284939
3864269
2195391
5704751
412115
6755104
8505724
8205501
1378993
7082588
8717397
5650258
8984601
6516461
2074814
2286123
1871614
70712
4000468
4517689
6503145
7174726
3767660
4102517
7306935
5569491
7811307
4408015
4542168
2537123
3786187
6871318
2154785
5735168
89152
2712512
9643006
5774596
1868369
3929438
9827908
6590341
5724041
7480602
1474517
7608086
8768230
8493694
5033635
7635033
4955224
3142248
5357016
4867252
8699469
9126665
9290600
3145980
9109517
1707173
5488962
7777254
165100
3747246
8060494
5014269
299953
1059761
9298698
1967035
220633
907878
1374352
4844121
9994650
1250512
9745836
7870396
6819171
9958718
8336925
6029940
1684175
7313367
336457
8939334
4711825
5405286
5190122
524528
2151369
8919833
5418183
9786047
2374302
2867996
5031444
454426
2809980
594525
9210671
4176955
9795052
6942657
7548632
3695191
6396208
3038308
379461
4149245
8286637
3444516
8025770
9679925
3474230
8854538
6257398
9506571
1974411
4439724
4725760
3875410
2632533
2284927
6830345
7026911
3561983
6287740
9978094
3215178
813573
5251076
8358311
8675229
7513702
7685002
8807039
4829096
1988268
7769798
2757385
7980400
9168423
8602246
6258149
2217313
7725757
6716953
4624630
6017352
5261909
9996254
8480478
3666444
5957545
1390950
8003014
9640806
7287613
3754189
2382391
9389284
9720525
4173196
5023441
6866941
4809730
9832534
1837881
7437376
7300476
7554705
2074727
9048355
8741693
643249
9123805
3754195
5354104
6320585
443078
8564328
9348008
4744592
7612675
6726825
7677476
2112262
5555289
4102179
5830380
9606740
7660506
4149650
5395212
1743797
567358
736955
9859959
4131238
5654209
6507926
6417167
3172949
1031476
3191199
8320420
503729
3835224
9187803
6668623
9330870
3140691
5217366
3407226
8372999
5016316
8477269
7610875
2108497
3158020
279195
4763812
2098242
4944640
388008
9161248
2968053
5321563
4535929
9589415
1010532
3482884
965919
4447194
2103946
4433990
8800552
6976475
7608591
6743993
6077519
5854248
1187183
3965012
5946150
9554993
2156996
6392414
7035841
878837
7372123
884328
655417
4557894
7006382
6152133
9775537
9554359
434522
4710639
717928
3648022
262557
1582974
7233272
3368254
7579450
2038534
6737187
5771802
791383
3615792
9199630
3093011
8846822
8347528
2051959
4010261
4689073
4521558
9621368
6969321
3422881
7455317
9971274
6517651
6315149
7607584
6522136
6337064
33940
5799940
1705814
6476212
2691098
8715833
4246983
9279993
7661901
9879841
1715588
7901554
3573037
965848
8982630
8502262
7051169
111863
3070170
8074181
821329
7425648
5426901
723092
2920111
9677029
6819791
5318004
5948655
7011998
2436098
9843561
6486622
8963133
5021952
7101669
1609133
4433709
6592562
3307385
3019441
9473122
4629458
4113706
2924364
9537898
8388850
499766
9371731
9636427
9384369
5472529
7165056
5573334
5263224
9975083
1497834
8997169
1341744
7627277
3598047
3533592
7956327
6670284
9307179
1269732
3312404
4596125
2804119
5710096
6798847
9639884
1959461
1775493
5437876
7732523
5864364
130641
5580480
6278347
9970272
8779701
4813123
4049813
122103
5984075
8519764
6117207
2566944
6642869
8994166
2110105
2321186
4251197
7964146
519956
5415276
8024531
7886223
8210971
2331822
6450400
7283907
7530617
8969865
2848689
3403188
1601434
850232
784931
7341266
2892470
680188
3469435
1290628
1071249
8356317
4871621
8648096
9398570
6234136
7911083
6215254
3684281
1090531
4183529
3097166
7971897
3067149
7271870
7216179
1302632
6069057
5799625
1257343
4321810
4298292
2613215
1590153
2407333
4648142
8150780
7834902
1241372
3462369
5738377
8551907
2208088
8901250
7663802
5769164
2967490
2112091
9988017
7172890
6553076
9226764
4510193
2229468
4894249
8230493
4507772
4355661
3560813
6283427
9405722
5989238
7623855
9366110
2630084
2562539
9345331
1894211
4877465
8383646
8381657
9081899
4872364
2645948
2529979
3398822
235739
678678
9797753
8952314
7212601
7553467
2692055
9513652
9774859
2072143
7482628
2596875
4386756
6840737
5195874
4977534
5439525
1290848
8325335
4107572
4343706
753618
1124859
8310764
4909159
6168091
3705065
4104648
1123396
7135092
7975067
1556769
7750509
2662853
9623132
4294345
2835433
1007069
42978
9274285
9797780
4818587
4307401
3112272
5170865
7756264
9396604
598441
4972692
2135708
2109254
9486631
5337448
5348514
5182858
6596259
1491111
6773982
169114
7970756
5222823
7453757
4729746
2264331
5696165
5413036
3396355
37149
7610119
9431245
2889930
6969591
7596635
9156334
7822530
9729388
8000255
8476562
5718360
2289157
2011026
1567380
2898352
5613619
6617059
8577493
4204450
3116529
8303867
5511392
6371282
2928134
5734879
9802522
8012900
3724243
1847198
8954349
199168
9924792
5188222
6200772
8563778
3919646
3685994
7226492
239898
4434513
8774946
7438577
5926543
1948824
7548683
8197978
8240658
1580318
8551483
4833715
7311043
9631396
6763773
2210025
6829947
2476471
7562690
7308532
1108122
3283451
7082786
3002484
5189874
6535185
45804
4255920
9472136
3025655
8797047
6418157
2071272
3456671
727479
6253344
6684919
521234
5494455
1604595
4920452
4304831
4162682
5857221
9883126
8337015
2950129
419126
4919074
2440254
4994886
3350569
1208483
4194925
990341
6137827
4150773
1934672
8799070
9567141
3911087
789012
3405248
5147921
3416511
7505228
1707894
1262771
8479182
1092010
2339269
4070073
2739718
4502331
5844931
3745551
4696933
6371568
2210051
7583192
7247322
7837497
8417174
7458982
388980
8903575
1770552
9203827
6257735
9483767
9010711
740250
348727
2320353
8800047
5802295
337407
8231899
1554164
4839680
1357258
9166894
6300339
5694424
2801321
7326100
5835036
3655831
6210035
3003192
1194972
3453787
7216333
2908000
9576913
6873610
5956930
5622861
6803420
7347013
4032087
6631108
5469522
9152708
790178
7580414
962630
5856159
3982591
5826528
3225258
3707765
2885092
2251795
143305
4125008
8703722
4329393
4035327
2504129
9712246
1384666
3322019
3533300
988477
6488288
8082673
6441592
4415112
993147
2828358
9020203
2875527
3679775
4755525
6365153
2062717
8281314
7874935
7397162
1501682
389937
6581668
2759695
2556013
6868844
5615295
4002120
3354286
5621928
4033930
7164916
6952050
8977601
6341768
9628822
3602764
2827784
2812913
6431725
6509938
2608052
1381780
4190086
4765722
3057417
6869362
900619
5469987
303647
4294354
6248483
4836871
7956986
4102006
6897602
3776355
7238711
9340959
1435987
1460054
5740959
2060978
3413449
4229270
370415
1619572
5902017
22637
4133198
8315062
5458070
9069432
4688539
5461802
4700068
2552208
3510310
1713713
4162153
610139
8242537
9613193
6039843
1848955
2404435
4570249
9943469
4976776
6731242
1185006
1455394
6418127
7424050
4353354
1943860
5063594
5886393
7698982
2723585
9152200
4515965
6634336
2491195
190281
2594876
1322190
7329077
9704762
7830159
2061358
5805092
7868928
3006995
6529843
9769451
4922553
3018466
3109943
8908175
5023105
3538444
5742036
2213491
424082
7554123
9809770
9291482
4547057
3265663
5708384
1665476
4858334
5712634
4016166
1057172
749416
6731956
403503
5275510
5153183
2578290
5868324
6688627
5590991
663492
8097554
1017103
8180644
6035986
7426330
8457789
9464034
5868376
3745354
3171343
1318342
65386
9721781
7830127
3639734
9147433
9849734
4652632
2068577
4472322
3190972
8974782
9704086
5139803
1607119
7368589
9651901
1935272
7660799
1117160
3975790
7784964
6476146
6848253
8097581
1553465
6042587
2526134
2836249
448136
4129308
705962
419562
1627270
2650599
2287310
628241
9339475
2625400
3997561
1913008
7849143
1322571
5614747
3243692
9242119
8229042
5348083
2466730
5344019
9980372
3686919
2015266
2542274
4843873
5221154
8255865
3261876
8981024
3042994
2821271
8570993
5618007
6075064
3909158
3793349
1581659
4059091
5410923
7280230
4184669
3572381
900763
2035371
8743148
3638511
6211196
5709367
5319630
575861
6437619
311426
1644739
5560597
2745411
8939712
7683040
106299
8109812
8113419
7248181
9274111
4661410
3503425
5997706
2156584
9604806
9124693
7065854
9392546
5239227
5397075
4356239
796107
6627177
4734998
7635592
6578038
6591084
1014615
6912856
4313347
9353657
940473
4383077
8180275
9202206
5596969
8470132
2959863
7947471
6050375
6743436
1898619
6696016
16784
7596325
6162947
5562484
2112460
7459211
273525
390779
3038730
9496954
721680
7348355
4912654
6867465
1607913
5001060
9683715
2110661
3033768
6225093
3433546
3070156
2237958
2034941
7909777
9903305
3579581
1700837
5998710
806239
3255169
2314279
9084503
746084
7485413
5726475
6823431
566425
2814438
1400979
516395
1115028
5684869
4124058
7368270
8609917
8018097
931188
2188079
8055800
1643128
993820
5519985
5985054
8429923
3427001
5819570
8883166
1640335
7080841
2213600
7693236
2645995
6418020
4683333
8114282
6917746
7217761
4255437
9573322
9354948
4952055
1810851
8815741
7824592
8768940
36406
9806778
6820440
9210034
4709241
233569
5999734
8249633
3516082
5977265
6888302
1598627
1121793
6078966
2852929
1658766
6198073
6667612
4905323
7572003
5274918
2170196
2935971
236825
3444451
1968160
1708805
4757901
9853834
642479
3572520
4898549
6511016
4591478
2323451
6908426
9752629
3912264
4970152
3219480
1226827
9002615
444579
5470360
5619640
3330863
3283849
703014
5479680
5812385
6403075
1481089
4760326
8594673
6443
9343860
8322293
186567
2274478
8675109
5842714
5139145
7568417
4879477
468667
3488625
4526179
3089280
9803718
6739604
7080456
2649637
3412741
6162676
1578877
2540403
7782011
6231843
6323872
1949440
7171876
6326624
4008110
230340
7090170
4644496
8279738
8991621
9425811
4838987
1533433
3377836
8664926
5252302
8044489
6326124
1457967
1211990
5217077
149868
1018835
567413
9977098
3554920
8152667
5809114
8099877
2312176
1099252
6920442
15708
1641151
2671226
3300653
899769
2162128
8909099
3382509
3164141
5749815
4240010
6086296
6348759
2890792
5997341
8787209
3338687
5398191
5218061
4517740
4016114
5365163
2056524
2079042
9386070
2451773
4061861
1392647
9017229
4814575
8870600
6932413
6311081
7508708
6052891
1393353
3954904
9290688
5928138
8991092
1419110
1299077
7424961
5152915
5570201
4436970
4103518
4886233
8555582
8417152
5376227
8190301
5509210
8630901
3046066
8361479
6407777
7245493
6102937
2026370
8106256
3988533
7259784
1814249
7750056
337961
9352809
7749063
6109255
3408679
7634424
1241262
9745348
1728784
8471784
89331
6951424
5667162
5269021
236879
9941538
8702690
2533044
5885558
6399658
9672879
3358734
4239631
4430187
4069628
443437
830795
2740110
1439375
8883528
8776711
6503437
2392226
8459310
8671529
5909400
2071669
3106077
9826715
7077868
8912135
8891194
3274270
3027117
9467123
6209187
681633
1040173
363281
9575807
6973432
89042
4393734
968384
6666981
7695270
4251549
9250212
8653744
1915269
2726328
9258591
4255786
8374937
4105271
2417671
1961819
307105
9185703
5254289
8919670
5215979
5474606
8043264
4325518
9307316
6535404
8167481
2905101
109411
7923825
6770508
487246
9257911
9854515
7850102
8706160
4501301
9904471
5212827
8883474
5306601
6023022
7840595
8794962
71851
3917168
16113
4166018
7540893
1627542
5878348
9286864
4371327
7395106
2768475
2569834
9470287
992042
7880672
7553182
6546957
4751389
8513894
7963743
4424773
6441597
2249115
1904610
4962790
8694129
9351247
7533843
1574542
2182556
3306629
3063657
1348324
5926092
9146317
9652657
5795676
532401
1971577
1016437
5323475
8463213
3353702
1599252
4778544
2430034
8660362
7217490
9468173
7315790
2757373
4854946
1543798
8460571
1021046
2976892
6691623
3639777
2239839
1860728
1362276
1932735
814321
5159734
8402218
7671369
2502490
2388638
4208454
4841919
8025222
8315493
864382
2883011
2801721
6813351
630089
8125961
3482450
8921741
3377955
4437679
7926433
9206461
7921043
7697760
3696846
3600426
3422696
276715
5392587
6376419
4039929
5991965
4058856
9551679
2121037
7722512
3775110
5844794
6872348
1527681
4115053
8919159
3594343
2124660
4006231
9692397
8513358
5877310
6842872
7141643
108604
849781
2479829
8546492
2673905
9302611
2446610
8720321
1463231
3222979
4935083
7901298
2776595
4900287
5347260
3899030
5186205
9030299
9124179
420005
1439688
8265887
8062053
1024775
8580791
7072695
1374247
3833254
6987783
1457832
132135
9059875
6196375
2686428
9538905
6031429
8537396
5456216
9507392
8662309
5477828
4386005
5823192
6487645
4921420
140891
1229813
461412
9742522
7017030
6090783
6019368
3491100
8333498
5461209
5810155
2357245
5145
3254060
7001171
1547156
5024729
2309701
581313
6648886
6547147
590128
8964691
5604586
8397619
699130
3349374
959884
1459613
3258750
7385521
6597836
7630300
3836859
7432925
8338778
5431191
9217652
1551329
554365
4390601
7720918
3850468
5074849
2616533
5985465
690593
3865729
2631317
2254773
8405928
7916179
5137400
9941980
4300347
9330414
4661395
1910711
8748584
3445112
513046
4655560
8323585
3715183
8193506
6264943
570291
6101958
212370
390998
485548
6470074
9680013
2958531
7283614
1448406
9622257
1081398
926284
7626983
6871501
6909221
100075
8604324
1541884
4121153
5193122
5883292
4858318
602134
6101558
822426
684054
2098705
9384263
6733047
4590867
9501843
329744
9581238
2882372
7192078
844075
1941716
313255
5666220
4193320
1873931
7436183
3009101
4762952
61738
1098844
6378473
1444082
756810
8184567
6282184
6793498
4839915
2644567
3642137
7707493
3307347
32091
2546224
597333
8600091
4533496
3152575
6647249
2240105
638888
9667085
185114
1662941
3848546
665521
5317241
6766847
2581714
6029392
7534295
2255974
7596904
3032693
2335973
5207177
8349502
6657010
7639716
6869704
9512839
5368463
5502435
1358005
886858
1225379
9096665
5815536
782632
8695683
2903825
1603782
864767
5942315
6518124
2126378
3367773
5925345
2148112
1937687
8497495
680707
1781118
5810988
1586384
9344300
5731202
429918
6185595
7998200
4296628
2171458
4635447
6345311
4206638
9825849
1556459
2484159
94961
1829850
3771535
4765143
7845764
7689827
7571209
2359747
7616496
7246563
3570150
4709001
778880
6639216
5075354
5369792
2588466
4796833
2358094
8209386
7871253
8012213
2641976
5269727
8643692
493283
4987778
5898337
1974100
2475336
2264365
3972833
2015571
2994120
8095972
1100152
4568226
6476630
9335444
3976130
6877226
2934900
9002295
2492368
4384140
3143783
2267677
2073055
4048807
7039719
7451123
7060422
8898274
7288237
7460086
6905731
6209964
6958831
9450187
8977358
6077863
1036883
6794498
4244284
1379310
2827729
6651127
4639336
3057620
949719
3370735
1714757
1475011
7306673
1297969
7136311
7582817
8700567
6680693
5188344
550582
6449789
943087
8550739
6462561
4631864
7918947
9401608
4891059
7242636
1278632
8451987
9296050
2852774
1904358
8236893
7569362
1792179
1647237
9753351
7329217
9459275
8744895
897702
2597833
8228202
5717970
3534849
5351510
1979650
8032549
5773587
3345417
7590104
6152747
1096766
2484324
7278914
6393236
6729421
1216620
1973425
2700116
2759702
9084147
2123623
2315044
4337714
1518616
4532165
9002534
4373084
8182294
5680742
626485
9694044
2328771
5947639
4444753
6092674
4128612
4722839
1929740
3881884
5221602
7896482
765601
3254199
5319034
813198
3313362
2186472
6558477
6393833
6731735
5090678
515187
842072
3129125
7259094
8348504
3284780
9744684
91923
4504203
7753527
4799984
1980958
834771
8350020
715721
2955580
6853111
2543308
640553
88195
7119604
8024423
6044333
7050446
4370644
9938548
4719877
2228847
408940
1498020
1273117
6298896
4071380
4371876
3846063
7460053
2400367
7684767
1651192
2305946
641094
5729764
3440832
50688
3287267
8340802
7222785
98811
5001216
4773974
7676110
7782320
2533053
2274097
7398626
5248772
5121831
973644
2415080
9124007
9435488
5849007
1761360
1903351
9954911
2156225
2656634
5702369
7660087
5558623
1645932
9239300
2241498
8249249
2191350
8474607
9702434
4582093
9305566
3424986
718012
7394162
9909004
5050499
5066796
1335514
3855066
4973650
8260491
6761510
826252
3489288
2768241
312213
9667712
2658643
8354125
2730369
5300064
7952915
6647993
7422144
1475283
3116973
5096072
531620
783557
6705377
43569
6848632
9628544
4794397
1922384
8792824
7995980
5945039
3023624
3218641
2787282
8614471
7250970
7922257
9886327
382114
6293866
4909469
9365003
5718144
1234799
689466
995367
8613625
854800
1222930
1466510
7729956
8620738
6442955
4726165
9173288
1941434
915833
9029924
2230776
7490053
296043
1429247
7689706
4229483
9674145
6403034
5336056
4059166
5393660
2988830
4915728
1024871
7530333
2700214
7920495
6763779
8552228
2317863
8591634
7070403
1151960
5794350
9950093
4231198
8655135
227749
9254052
4097733
8454781
1543839
943349
598380
9833591
9084604
7203633
5666724
765789
8776292
1804881
880063
5267297
94247
2857624
3258664
6641755
3606703
451471
4984719
3925223
988544
9845716
772113
3885721
9041485
3208445
4671488
401709
779425
9170822
8114506
8462107
7269274
2585018
5418778
8593189
2679025
5289547
6147366
8755625
1651047
9538113
2550683
8148158
2490476
8073463
9403723
2947406
7809056
6833454
5343212
1391380
8012851
5506886
7197495
5259471
2700659
644987
463861
6100607
331556
6616968
8967678
4528398
1093092
8652389
1210136
2778216
2109742
2380872
3773912
9513507
4441743
4341915
6650211
5939890
2284138
3967130
2823743
169221
6096539
5793203
1532951
4812244
4414855
8167636
769612
3261000
6472000
7720887
5734010
788872
422472
1788438
4192804
8428951
5409854
9783960
8934414
6857121
9558835
6446823
4391146
2589022
6102104
5799931
1926363
2905339
2304741
4398207
2218976
6642879
2371104
597411
8322922
8291801
3265660
6123103
3587300
8223933
1682794
8135894
2652733
3751330
2888346
4411860
7465459
1387374
8317555
9728602
7436416
410325
7542551
4850080
9743587
877535
120290
6815675
5398084
3879737
5622982
7234799
4542132
2657256
3093368
1913489
6580093
484769
2462961
9812455
7868739
7450336
3736943
6220210
8211854
2937842
9341816
9132191
5975357
4994656
404817
218285
8992671
4682272
8681355
5295446
3902836
6700835
4452652
6362074
1079127
8346235
1712727
2069370
301536
8496251
4832853
437768
2166089
3472599
9453399
1435787
2434646
750342
4401326
8246264
7018993
6696464
5147140
7088151
492425
2467306
7550922
8180953
1842692
1803039
1503711
9806272
4606598
1513450
7022099
4074746
368366
5980823
650827
54284
9631684
4037714
1764131
6714641
1963191
8607754
1197024
3363166
1771273
6201327
2311400
3025610
1924612
8781017
5156112
1221756
6720717
1418007
4810463
9556862
452007
8800492
8962095
2519852
6178213
2434694
658978
1179816
3812026
4259639
7855808
6195072
3073622
1150537
4993518
397908
8320860
8431428
5550979
3090185
3249215
4787208
3072894
1146958
5237777
3623071
845121
7223027
7869193
813949
3644286
6784731
6853715
7908813
8670263
2501654
7843720
202703
1554541
741445
1935396
7019501
245557
2643721
1711723
2133485
9722249
7785930
8170355
4819542
596347
2642160
3377112
7829844
8967261
3621978
2930084
7556471
505001
146189
4779281
6680188
4191379
8990089
518350
5408293
3192031
5128199
3348391
4535837
4653715
5315293
608968
4837418
588271
9471180
9888526
4594933
3900568
2417290
4976745
2144895
6891345
7267777
6606678
3758150
833927
5194946
9281393
3099933
9336391
5630140
1142485
8743929
9082187
9805124
4817314
2359562
9423766
2653632
2237090
4935928
2350275
9954194
3687810
9866708
678608
7222609
8023518
5617270
8878288
4730663
9015632
3014116
9063928
4361282
7650707
3621903
7018833
192967
9864121
4625496
3910035
8393758
9124059
4937751
1421899
3977280
955821
4897870
8190643
5340518
8697560
4782612
8971094
2869048
70194
6033588
1987704
3181756
605753
2834850
4199359
7498451
8450260
1838669
1768750
5264819
9363997
9253562
2747940
7963380
8010994
3753620
1627972
3986790
6014925
192336
6717248
6229241
1971713
7720597
7938915
8083120
2396737
8093756
7466564
7624056
7160494
8099416
3900973
1639753
2133789
2203176
1793216
4802707
8032111
8532304
7415825
901894
2273569
4582375
1620058
3820256
2854003
4050893
2835907
1244055
4190838
8098890
2969235
2678867
1400118
1690984
8181343
3059575
3705366
1636393
3063890
3330465
2176910
4901921
8899134
3123362
6032120
6062432
5459218
4148771
8208409
1865520
7895612
2736495
7895783
8007185
5129775
7356802
9038793
7805897
2372621
3281994
1732970
8814051
5616377
2017581
8805423
2326202
3873173
2811181
5325116
9052685
2756853
4540268
8727999
4056157
5377718
2056218
1123786
5695021
8563377
8383194
2042777
537884
6795916
6293023
5929230
442367
7985476
7142904
7432330
8588436
3595149
9158975
7171879
8756897
1489716
7369446
6182429
2264995
9901155
1961339
9948241
6506719
5561694
9881236
6615228
4425701
3598278
9109709
8185113
4761624
860907
4866356
7843711
9284395
4147433
4684536
9573645
8006202
4297969
5656198
3160408
3822056
9816039
227843
600754
5944077
5374374
7014250
289805
2986830
2766490
9300285
8643362
7485861
9590641
9221781
2385676
1459302
1851138
117725
349347
5686494
9086964
8435390
2677053
4657012
5921196
667082
454827
7676625
6895119
9209689
2093037
6631610
6098934
5416060
9611615
1215837
5454480
7674742
5241420
3367008
254864
1525729
510590
9764020
3797271
516161
6278317
199069
8188031
2382368
8599214
3771052
1704182
5944418
1536480
7949554
1783991
590956
2246595
6860959
3230541
4632604
2762667
123425
777278
6269231
9802607
8944219
636308
3557986
4510493
4010048
9524153
8043688
1941446
1143578
103437
4244731
4737872
2155387
4628452
6719429
1344318
4315368
4271162
5119167
9730052
3604440
3146417
4111063
6852607
221130
2841833
3280680
3803522
3109678
9978730
6965387
8202479
5251147
6393649
2187785
8456759
4917472
7136716
9532938
2412470
9947348
1694570
7391968
7674642
5505632
8822024
9968594
260623
2549817
5141178
2000652
2961307
4837479
3407389
1063963
8193762
4680043
5393056
1706518
9537326
8343868
9145946
8855490
2500627
369646
7476301
782120
4290803
9750733
7199118
5883540
1850053
9039391
2008586
3600570
455039
7444638
1173582
9084196
9129976
2517855
6393112
9616074
9656821
9262272
1985321
5234691
71938
9664846
7055274
4961039
6556755
2373362
3841844
3335256
2342541
7278292
519551
5767377
4129087
7986130
1461707
7560263
1935741
7646807
3513344
8403241
2932708
7245956
8439080
6638682
9611397
7399810
3591629
8280735
6916938
7969292
8843488
4696314
6917627
9368608
795691
583074
9527532
5744680
835905
4335126
4373158
5456436
265530
811257
5175606
2012798
2023629
1783310
1394058
4144731
2835520
5073192
7798480
94334
5954610
480970
6489263
2782139
4335690
7244856
505986
9246786
2466637
7870730
3290285
8619090
3719319
3459239
6852403
1541874
8830098
4338267
289628
3710569
6284141
2325282
5030118
8557827
4402198
2516241
5916613
3451316
3466721
8088180
7956232
4878879
670457
6994401
6893727
8486530
6159577
4456270
9059172
7180528
2299859
9216673
5689372
9381607
3472852
4252240
1911212
6994801
37231
5721655
2343312
3445125
7426233
1150943
6851708
8915715
1929426
984851
9663600
5742789
1282731
7926685
9315275
7325698
8782113
5293105
654929
9122814
2909873
2553020
222217
7384800
5280283
8431111
410851
5477356
2409287
6001039
7736607
4892905
311817
2487177
4886772
9861161
7433262
6605140
6696123
6298388
4209036
8357910
8561838
7829609
3666254
7699535
2367049
543502
3156198
8454516
8819738
7981565
5793914
3267727
9896025
7932296
1148685
568128
9919062
9368721
8992570
3361860
1295333
1923134
8009223
7187525
118257
8384783
5763465
9584399
8633536
1612754
1690640
1876962
2354472
6909262
2102293
5362898
5247804
2228644
9604297
3222630
3040255
4038441
9804613
9019445
1953545
5519259
2310738
9965384
6610438
5564182
843991
8802549
9522858
2760242
6100351
188885
6087895
9067340
2361762
7598400
7286990
1308999
9034448
3181085
7834210
8413286
3003368
5212706
4709768
8931892
5507390
1488504
5341194
1381238
5119787
1161855
1659305
6483704
9304566
3646027
197613
6974036
4390838
5070123
5721794
3567593
2935931
8010200
2229078
3943890
7085130
9983066
2626493
335982
1642415
3839667
5110014
9664628
9735608
3793380
8107966
6039311
355042
4869028
4737907
11276
1970134
5654987
6879682
6269438
5074747
9835982
8187402
6556538
3029476
6584207
6491769
3490226
6284857
4067989
5137610
3280239
376113
3658434
3931500
742637
5954266
1179503
2448540
5144619
88227
4235645
2538513
8738902
6128321
7856203
7369554
3964076
3003412
4048521
3085673
4639869
1774411
7298348
6747502
4019503
2493788
5988686
9493726
9920336
3545491
456373
7955916
6609300
6762074
7261162
4045638
7907500
6852900
1822634
9196351
639362
9493381
326222
6990358
5437189
6116293
7803838
4317369
5114411
6508863
7220966
813797
2991161
5926856
1434691
9264831
3508942
2583436
1007593
1253085
4770870
3094633
7145230
4055915
4852168
9524253
6356993
6249686
3606101
6410548
5796385
5399493
3431196
3932854
9162762
6631622
7237493
1874570
7073009
5827765
8223391
4909709
8942953
3883281
2684818
7844874
9646933
227900
1650742
1690222
880732
4250126
7437821
1174795
2353504
3683616
7621308
2071949
9349976
8781997
6482050
4224618
9206814
9199235
7787773
1800580
2281577
7095043
190614
6789854
6862099
574794
3131218
3172788
1129103
7487761
2744312
3702341
7121235
1613305
1338305
7757570
2645660
829525
5046668
1396917
2234136
889526
3864235
325023
3421906
5135423
426137
2344843
2569784
5778742
7322545
3473688
1940060
375652
883849
3748175
172257
3351596
6624521
2477452
858583
5184377
7174115
9250379
8472146
1250761
7163899
6003191
8216563
9595786
5615109
3660422
2188748
3246190
8516189
9611084
4203791
926922
3540482
9361266
4084967
3713533
72937
1481734
4700624
4159847
8691324
6598584
6292899
4161475
2022174
475284
5388792
2115048
8582208
6548682
5128120
3211180
6187634
401341
1596809
4814736
140551
3696938
761823
3618050
2321419
2999102
1259683
6670634
7603263
4904426
8529460
41219
4883288
7926038
7607996
5069039
2748609
3357552
6207325
5062108
2429017
5582471
545882
9658561
9536122
413267
9019468
7814697
9900815
8792781
437176
5801494
356384
4149281
8329656
4661112
6674965
5136584
5652621
3802268
7288295
9825091
2721713
2649796
4988441
4857087
81407
5816123
5006512
4140309
6988702
4534236
8756746
1031468
2782380
6225082
6661195
5199637
3558789
4249219
469770
554067
7105179
5077078
6646615
2613622
9135119
2159438
2489208
3074428
5143583
4230961
7979059
9245571
1793740
9432523
1971896
7436701
2357274
5670837
4248413
9762456
7052164
5256720
3914996
6867370
5103319
7928250
6255265
2425449
757161
384301
2650302
2157516
1314409
3617771
2994507
5939658
4355260
4208727
4540262
4548119
4788687
7510110
950775
4486072
7321092
4795949
2150036
9895615
6134326
6335805
9687498
395749
4558641
968799
2664023
3427438
6241609
1831606
6484701
9754759
3427325
7170978
7184784
446123
720738
7209987
5679391
2313839
8887869
611698
7573888
3167374
4436251
8906902
2458473
910813
7379291
6299639
548772
4058483
142280
9348532
454234
4182339
9374479
9749876
1001080
2530371
4499545
6154428
2335249
914168
3119497
944888
4711125
7298943
5031029
2994398
6075631
1913901
9064209
2341874
1124147
8678058
8929348
1152054
8975943
9627482
2064050
3853195
7637383
8364301
4510524
9009776
6322779
7795916
3941219
6223072
4307607
9633458
7805120
4787688
9852215
1022825
957014
7298496
6268462
1031611
3509265
8514799
6785289
6610893
2657741
5305209
6309579
490780
8621621
3932501
8531342
669374
4500055
9752649
1572016
3146629
4104913
9778827
2852752
4782300
6076534
8774728
5272800
5455372
4922268
1343422
6710967
7530797
6529523
4249816
6307151
3069193
712456
7293363
3334862
2186201
5443258
2199411
6498676
349224
7180877
795980
594099
4801638
3598705
2945085
8311254
5599941
8983675
2595191
1913324
7993006
9941500
3996806
8586532
3191865
8209305
2522425
68642
1527422
2115048
6400992
4800906
1857268
8902306
3096280
8908133
8765258
5985440
4093238
4816906
8567609
6175931
9187242
6377875
4400086
3111021
9709227
1988647
855585
1547929
9776841
9223571
633502
1438862
3737826
2352937
3818486
8511253
3617528
9161251
3173502
2917248
3736821
622356
5082296
2863994
3620683
6030786
8053556
4382395
6383872
1859553
6209795
9544226
7133338
4217697
736969
5984201
8711856
6169069
7715143
9588003
1535640
2314095
5238412
6117104
4417318
1724044
3859367
8038096
125222
7335015
3367911
3782439
1493808
9892157
4243889
5703636
3192858
7269912
1894087
4882688
1795266
4078842
4498297
471411
7770507
1504977
869640
9482779
384398
4626459
1100415
5238865
3026447
6726060
7812493
7383517
9604721
6527746
5211496
4099649
4373904
1895180
1065989
8551236
138536
301805
1329799
1014452
8118155
924254
9742636
2433085
2701564
6472815
3738202
690132
9082152
7648145
2619594
1726838
1041283
3936584
7301983
4449560
5040285
5942882
6772906
1615349
2585490
8310283
5657543
8922487
4167826
2687847
5494286
5718656
5409360
5485182
774052
8603229
5853483
8118959
9794253
9245096
4825245
729017
8126960
1114945
1694963
4924543
600012
1641502
352804
4902635
7012379
1844999
1740953
2193069
3757626
7918370
9383590
2797188
7856461
3732217
6249537
8835363
7747268
8478079
8956919
3603537
8472383
9798825
3657225
8955997
250935
6724944
2458624
5546085
3564487
5580673
7413279
4046198
1606518
1688749
4769291
9979207
8386095
8643829
6607038
4816086
9339900
4440821
5912710
9203665
5371486
2255126
9382433
4555262
1740487
9184577
370268
3373625
663966
6059164
7944705
7422739
5317810
3016602
1783461
4304715
7416104
6326279
6981335
4332434
2817604
479295
5031751
969843
6743543
9333618
7873344
8340484
739052
2512756
9641112
5423219
8162365
7204686
2183091
2617674
1838233
288148
2656680
1485509
4722613
6961574
2830228
4738007
4087138
7571029
247942
7830948
8474000
2659726
1657409
8602561
3168053
7752553
3127908
6431771
5277702
5904871
3165265
7785741
6844312
8510283
5548130
1494164
2824511
5938740
7668848
8596505
2162383
7047361
5472566
9546371
4877931
9546913
1448891
2344148
2598534
4249079
3715139
6158223
9829135
9480059
4041772
2174214
5580482
4058337
8013884
67916
3213864
4141835
3453863
931644
554282
4554306
994506
4095343
5133824
8993237
4389344
8157794
3572150
4405337
7023728
2825100
47076
8544634
1506767
6379158
1447034
8719329
389815
4436108
8779113
8846331
2523677
4711605
3405421
2429821
5930081
7922344
959233
9029776
3152773
4465861
6569830
9342758
9218611
2537422
1412713
1640464
6405331
3287051
7592248
2720371
6579812
4952584
7452185
5258175
9493422
322234
5648765
2012822
5208732
3282834
4332270
6007174
1262626
6474450
1303453
2011807
121942
4991415
6617027
2505527
592100
6777983
4557436
801281
196846
4696220
6345770
605732
2169787
5540858
8432121
9642147
4234510
4042648
6702528
1801606
8073250
1782680
2217661
5275759
6841345
5593489
5653171
7350704
3518698
6109010
9819046
5491233
8845083
1485836
604113
6355870
6110477
2615590
7151409
2005805
1484255
3009664
6268074
6532011
8238570
9707752
5554368
8096704
8988690
6489971
6163014
2831555
6084410
5820938
8467424
1927238
1632662
8038090
4723934
974603
6974653
2187211
1374873
6193105
8232554
253491
7731589
7664634
4210395
3814929
8943830
9278747
4536445
9303531
5532263
459924
9882047
9926327
6187096
5915422
535967
325280
6215371
1333133
8548405
6384507
9370487
5713835
4700251
1868242
9736827
9527238
7455502
8441388
1858173
2592767
5508055
1337269
3871589
5135915
8175309
5825430
1519332
2078253
8268247
7667710
2904670
1765002
2978658
4790156
398798
6377644
3935416
7304486
3428628
9822619
2693777
5055182
9009069
1602050
2941285
3684994
1888619
8474017
2639565
8784128
4364384
8616873
6612852
5462576
7643587
3143417
6778122
4134038
98232
5416095
1254948
7649404
5704508
2279045
4810784
9205709
1039767
1609084
8375612
5004639
2527756
2404455
1002086
8762038
8211240
4593417
5889951
4790240
6246150
343448
9760622
5266948
525256
954117
5145900
7793102
5307934
2893541
5526574
4144989
2641300
2388583
485949
2312099
808879
6024928
8750460
2898703
9026684
8218484
8161395
4019508
3695711
9941324
4869640
3332449
5378607
7143303
1645780
5980953
8364141
6577925
4718326
5779759
5254808
5159713
8439705
821234
4053283
5792491
192360
2588953
8342190
7291872
8043544
922070
8735122
1532270
6572427
5904480
4996532
7456210
4284703
1324750
5769112
4000256
7026631
1394878
6506717
5820000
6099499
89601
8640465
9430507
6833397
196284
5263988
7036095
8777479
2633551
2222129
6897958
5841777
8197067
7361565
1162377
3094102
9862188
7693318
9465863
3108855
6841273
7988704
9977794
4053399
1916265
9021922
1660862
848036
3824745
2361113
9836251
1476190
8416727
9850858
9238474
6473203
5972601
6619784
2246852
2193806
8564042
6309636
7962787
6628600
9075040
9390070
5210861
9594435
9536033
1497229
8974310
9909858
1765434
1195354
1223508
6672922
5806782
9893094
770923
5178892
1244433
2313825
6211031
6367047
2078459
4143454
8386121
568706
7134838
9510051
2579300
811510
9584952
6977012
5153041
3251084
4521669
8652639
1620079
129866
9237743
8751542
2323913
1780595
7300028
1500095
4985514
5051813
7231582
696904
9595091
8534098
9972502
29955
3601188
1438616
2882917
2434506
920239
2811752
3747429
1699311
6980378
712573
5002997
1995792
3797400
9801319
46676
16772
6275407
8351728
6597292
7094743
9486126
2061447
3023373
633285
9809091
9802195
4236092
8038714
5169609
8036341
3934591
7091439
5319506
8317924
2598550
6241723
8345442
7066258
916222
6454059
7018943
3889148
2953732
5913352
1926372
8772848
4975316
8128356
1568450
9021490
6847497
8982053
589618
1174296
9355391
5164676
5808577
8469959
3881362
480085
6748386
6525668
2661481
8964528
223965
9925
5905670
4270640
332516
1869606
4654519
8617125
9606295
9600272
1533745
6455415
3474268
3002857
3963183
3888352
4648328
2214751
4477622
729443
9266712
6152526
9338955
4904615
9865225
3479355
7930507
7695168
6180252
112780
7848862
4464221
6885854
8199805
7095893
1676463
1615952
3074230
7146869
4298446
2226855
9519490
4039544
3980561
2558885
520513
4379634
784418
4829253
6292705
2932517
2757693
7403092
1299155
4480286
6601806
4031115
832469
5689171
1538972
2206008
7936314
5869625
2846010
2039926
2974407
7967576
8600780
2632823
4378976
898227
8842400
5195431
681695
3805499
9173895
2480037
6351390
6882559
5059863
7789534
1954320
801228
764447
5441303
1886854
7472134
5664555
4234637
9684931
3256150
346838
4794094
813799
5630655
7795612
8704684
2096091
4740438
3091862
9162596
7337607
8664414
9590241
5531277
6024746
4217625
1344978
4411049
1274019
3727291
5082654
272146
700865
4686205
116635
2824031
5553059
3338622
6234715
6078446
7906362
2983294
2075647
942555
1477420
5493555
9780160
7746158
3886139
8739429
9531237
2460445
1198916
855247
2537243
4708114
891375
7308505
834355
6746130
5031116
3374000
2250297
5165664
9502014
5390285
5944779
2433313
8349185
1445268
3362345
5028239
1033652
4815881
2683209
5820904
2735948
6380952
5613408
8448982
5237343
2842979
7062934
324829
6263657
5033240
1266953
196619
8412728
7333288
8217548
3782346
4369702
3872584
3099011
185578
4399824
781524
3063908
5844546
9745565
5074635
8371707
7983964
5502001
2486957
5132427
1077938
6893763
7910572
5323984
3345834
7220213
8800533
8068669
2268889
2335096
3142516
9852723
9856065
7467215
9304819
9486867
2231563
7411098
4923652
250705
7499318
2628626
9673111
4889873
9553530
9757143
8587728
7212267
5350484
8412278
5932658
5879498
2114568
4573793
5884679
1687476
3258817
5068582
8783538
4516670
2944602
3687697
3292378
7897765
3142805
4701609
5312078
2271905
777111
1101161
15857
4510265
1950163
6685168
7183199
9041696
4620043
9532766
9307853
5046713
4225041
6864782
5307590
7165841
476448
5441027
8709635
7338548
8732943
797493
8562447
7552260
4373683
1212740
5861007
6341454
13380
1849910
3347751
8542201
9885884
2880032
4887341
6698318
1981214
8709958
9801909
2910974
3357402
6222106
9223830
394610
8994983
3671865
2093577
512471
9669890
1581822
7179591
1949743
1438308
6964136
1287271
6940263
4095571
1806175
2111086
9246121
1923762
568002
6826908
2098879
5866340
3342853
9225248
3495001
8600715
7287352
8358884
1350583
3551017
1709907
5272509
2516514
9592819
7703192
6560523
2710882
5710013
6287979
2752366
9355117
8212090
3689992
6654283
1349149
4051244
3964953
8669309
7420196
5089676
119834
1299413
6304735
5730606
9896047
4616756
5227661
1868252
7920070
9824194
7209795
8724624
5908441
7136179
8299205
1874791
4831038
2245544
722916
2514446
1304090
5475682
3662503
245410
6499526
4092571
9809662
8102195
3226549
7578540
7177137
7148912
7277584
4487965
8917422
1056499
5792494
334410
8554465
5391074
4926537
3233548
1710548
2704356
8427734
7708152
961638
9892471
535725
7282638
3503653
9569964
1855867
778705
1279563
6422044
5923034
5145475
8630967
9912656
9129171
6949257
2828847
8534994
7641589
9929535
4998360
2260489
9873427
7005801
3940295
3495679
1771857
8207822
9171575
7700300
7284525
9651618
6649624
3754699
7456782
9737047
8027385
8452395
8292562
9466729
9332711
7640998
6222769
5044159
6621896
9880154
4415541
2533861
8736211
9327167
5211306
7677005
6851452
3067449
7934405
9708533
4339057
1389929
5085631
6072065
7780807
3638401
4014203
8191825
6148114
8786820
4218852
149136
8841955
1672109
2164095
5835735
7669988
6502806
9080246
1136465
1631686
4946001
2452015
733741
4208695
393723
2915992
262941
9214573
753586
4809857
739354
4395199
7325990
1323710
2963758
3200831
469356
2353145
4693043
7055301
1660910
7411780
5748069
5559068
1246754
3718374
5090489
1165748
5414558
4622814
739734
9737942
428018
1554852
4320509
561106
3369155
3041126
9529747
9807457
6897141
9298753
4591331
5768443
6288889
1456703
78597
9502297
2086819
7729154
1932914
7400406
1930372
7207084
890103
4385072
2686011
9951362
7507686
8040249
4547751
7674667
6938939
2601856
2577420
9406681
3123407
6605168
6434911
5469075
8013424
3227145
6730085
726974
3458634
3694808
4719981
6978417
4263429
5260039
3983401
9544502
1626421
7254841
3759121
7472363
7761518
8832994
1676321
5459889
2648431
3475817
8348482
6536546
7820238
8411224
8869285
7972232
9655546
778761
5314063
7633840
2872653
7350115
4505917
7467857
940453
7115792
2400169
4698685
927171
303285
1287891
8023952
3715417
6315324
8917790
6371562
354483
5857362
4803308
365193
6818131
7194975
8669684
2342922
6076368
9176602
3605889
8587773
857719
2093440
4662445
9209618
8600912
2648691
326236
6181871
9958332
168814
131944
8805627
5014579
3972221
6427527
202558
1685741
5979067
3998852
5646482
921025
4340598
7241726
2610641
3872919
6044928
7891390
6887264
2575752
6188122
1490353
8063274
2763868
3971676
7008890
369007
2653750
6876339
5134168
9698345
2102399
7618049
8410013
9666169
2269821
4372099
1972370
9862711
9157075
7018135
7214629
9660181
5358721
3584432
1121089
3589118
3921617
5339172
8828385
2803668
1808627
3927008
7086894
4785642
423080
9427646
6018021
5164707
1468326
7575504
4587387
5253534
4778684
166014
23510
367770
2712615
1458684
3860251
8562830
7751937
292668
8917730
1306819
2919206
4590814
1268861
9791217
1665987
566242
6853459
2577382
5095346
4745968
6437911
3154569
5631495
2675685
9726102
1690796
2794515
5906721
7775428
7272362
5528924
9215036
9338516
103228
5337806
5215263
9979964
6617919
8895058
3581575
5766473
4432334
547977
4249151
9750387
7164640
4944138
1791807
3577924
6423086
6324023
8042656
7863283
3788310
8720356
9699209
3951910
5117745
2884453
3790152
5761980
5050026
7874808
550702
9617708
3409150
5094612
7691330
3237769
6938228
571205
3134131
4463321
1748560
6916472
7185308
6081497
1915511
269393
6212325
4966822
626851
6707195
2846262
3836839
2192273
7136157
9717672
4244003
7425111
6920514
5732442
5026198
7716188
5011760
6436447
3895018
6526147
2530124
1359857
738194
5102496
6000949
484222
3579659
3001340
8961321
3132509
2947789
18051
4484006
519258
8586785
1654781
4523274
1249222
5824034
5405749
8221798
1049374
7206395
4217456
8674994
9998347
4589324
6266876
4492549
1315504
4033463
4674886
6138380
5011844
9635920
9935303
2760280
943167
3905927
2646209
3607089
7803438
4236303
5492897
438027
9835408
6408973
3696065
7942985
9169980
9777372
319219
1671836
1787527
4954756
9663553
5960088
8353452
5291262
1083151
5615230
8555240
8487713
5365296
9454121
9775589
2166092
3072589
285409
5637311
5947065
4236840
6374580
2032732
2853973
8088840
7684812
3189710
2328467
1189898
6062274
9986837
7988980
9990255
7230751
6500502
9694719
6729424
8550681
3992811
9658043
6921495
3568577
6731334
2638450
9469751
525161
2599130
9678774
5392146
2577778
7787473
27940
5230829
2886262
3899562
5572968
1216033
5738320
7377039
6004684
3389801
2381013
5574411
8541355
7931144
9413292
4137989
5150544
2232034
3101574
6123264
7650763
7494519
1353762
2394057
205092
7689736
9235297
6001535
8943158
3204319
4314931
1307769
1746
701972
6234150
1468091
9648846
3932906
6266986
1256750
9300186
352643
8586416
2216076
8033358
9173325
7254747
5440513
2951306
6559472
8525690
1806147
4302703
1102626
2622123
7721288
6582777
8888785
3392800
1015536
4563206
5713273
7815766
727427
2784719
8226807
8466076
5899200
5552279
1482359
6135266
4246590
5825337
7937872
8173838
1097886
5163270
4927556
7699365
8320000
4671230
1357181
4781306
1563852
8323572
7635275
3374929
7075913
9075954
2748893
9486341
4348386
975939
9816974
3479006
7583174
5133131
3067027
3133536
6992722
421785
3312834
5051036
3376431
9056653
588983
8569359
5293311
5504925
8477929
5866878
3925727
5305587
1376215
3594682
8599575
429551
1482791
5830796
1477322
3887600
4623526
5707405
8194792
3895254
3135851
6250455
1583185
9650218
598806
7603249
8462631
2728993
9296046
1927606
8446368
5857099
6604253
2386465
1843094
806263
368739
4466611
58326
9378457
2991395
6168761
9424525
8257340
7618280
6656221
4850033
5213727
7374263
3632746
1049124
9662558
3326485
8580898
5902972
5685766
7575953
1778109
1223516
3629069
1918254
9171347
5464186
1481052
9611984
9771345
1094323
3901994
2408308
7634622
2876514
3603811
5342807
8229802
9256923
6324322
7564375
4052895
9532099
8505338
5015790
1589350
8660996
9474694
9143148
405719
6437801
2173053
5224989
7404576
2331454
5829249
9320215
9995201
8736887
8251425
7289238
6935581
5671450
7062149
3107132
4440972
3666227
3268807
8953697
5863374
8906894
4556105
1859822
3353702
9937665
5163500
2052614
8597362
7591633
7787714
1026190
5724245
9897951
2350121
4295368
3675954
5195533
7418853
2773096
6332309
6461758
2461717
130446
6982233
6899046
5816167
4158070
5877833
7662608
3228770
6736007
1082868
6631721
6862396
3337333
587115
2778251
2242009
3708711
5187399
2275123
2941197
7149166
5628754
1449206
2332690
6049795
2513034
2240161
2520514
8014549
689104
6088111
377024
5283229
6615242
3984194
5787533
6782611
899217
4724517
1750431
2019092
4008624
445719
8065995
2902908
3937735
4079856
5630489
8647842
6908670
6923675
1151393
280032
4101022
4534301
9966858
770158
7289645
7644201
2213887
5944077
4706779
9880325
2112011
71778
7296695
211175
9395415
9355660
26671
7783861
5526516
4699147
5530704
2594554
4208504
6854801
7495514
6546267
3316624
1056947
9283402
1968469
6536383
5435589
3734175
4673404
8387368
7327160
193555
262770
8914322
2218928
9184151
8067425
4249957
345494
9794107
4076214
2974435
6898910
9757139
9296668
4907261
5313848
5805527
8976532
1731707
3475554
5921979
6126231
2449262
9220507
8542452
9375543
2874423
4189676
2997722
7076640
3836339
465693
6670093
9672427
948481
2991320
363543
5933783
5956392
4649058
3002681
4350178
8566222
1469347
3628271
8785966
393352
7397721
8688135
6953329
2200010
6799983
7311208
3284745
7416111
2989959
4891836
8533179
4160866
2202246
4552656
1221272
3287124
5529520
7764071
4156259
8038611
8788742
9331236
8097990
9876750
4271948
3217891
2539814
3705808
2522209
796483
3993272
2898478
297250
5894165
657158
6966154
4318275
4209979
3570820
229029
6741024
3888472
2199251
2565702
559067
3999344
9106713
745757
4188388
3886169
177163
2321733
800537
3985506
9848208
4388364
7305067
781351
4257264
9551609
2401033
269294
7879044
7928998
5282793
7080464
6632904
7377486
4360829
2621677
1175977
2670976
7469036
2848486
4683746
719105
830544
4725264
9424460
1549503
906220
9634111
2542535
6723184
2468747
6833880
8568896
4142641
2215742
7965117
9685565
3390127
4541623
4285553
8742671
7870560
7842404
9333575
7954742
5288609
5214167
2281113
6432291
6379764
674023
7320894
7363737
5035825
6709408
442034
9823677
5725862
5927155
9767499
3734770
2210758
4085533
8789371
6311138
4744787
8827845
2928593
3942404
9657810
8309385
6467646
8162387
9754682
2150446
888147
3102960
6289644
5494226
5311823
4429990
6375403
7270
2115133
4676115
1476565
849871
8442216
8628924
287545
4432239
7679681
2483464
2440656
691835
840716
5239439
8923375
5635373
2115957
3766562
9264266
3338993
4247677
51931
5212562
3762463
7660213
7391918
164840
7334820
5479976
1269517
5718689
2805560
2272622
9669225
2095701
8891494
7654413
8578024
7084655
2331960
5977578
1332555
307187
6135721
3010464
6939645
9446993
9102585
8683134
4412151
1541954
1145648
249460
2426184
3457978
4421691
4849684
5026822
3545667
9452876
4855904
2592267
5582557
2789237
1643163
6201871
4708203
9193416
6013606
8458791
1789085
3702344
589207
3043197
1122519
4019202
6972790
685622
1902041
6614057
1114335
6010252
8772393
185075
8578720
7314091
9801071
3825470
3128476
2125066
7626837
6949157
9516880
5806829
9141077
3953545
155462
3999945
2667231
8653670
5481982
8486039
5913876
8881227
2216609
6773394
4817260
9695969
1013381
8285709
3068932
6683435
2114518
5216370
1512514
5626793
9805569
5103634
9356349
8359681
6170918
6812008
3708118
5134018
9932084
7815157
2464690
5381342
1341500
9436874
5934887
8272888
9110020
9744939
69950
8791765
3664264
3054254
2700575
9445802
409892
2593653
5810704
8550579
9370484
1216465
271497
2681504
3406206
3238619
8661459
4654200
3424010
9312801
2516403
6519596
9032328
2073355
7157305
837411
9964490
347864
7800247
4043328
3764999
2313512
9701790
9101604
5297866
4904354
1346664
5013015
1748557
6247535
155824
5472688
8449916
9531658
7878405
5001633
8107216
6905452
5590601
943273
5436640
3760393
8261583
7435769
4440891
1401236
1647984
7139942
8984659
5587814
8467705
4053974
5311458
9632924
4759855
2636444
8533531
3067472
114008
2492635
5282895
7870859
1179481
6850001
191442
8390796
6455613
4231689
4575235
8464326
480876
3107563
500674
8344089
8950344
6344941
936409
6095185
3714852
1124426
3615703
8857830
8692503
5543463
1255183
4843646
4483526
8293917
9563798
7123413
8459455
6338330
296149
2261450
9277522
3993726
2463834
534768
4102631
8748607
702410
1466091
876590
2296704
3340826
207823
7929690
1530678
4442539
1909081
8930049
7011530
9262253
4944961
268322
880830
3260211
2346666
1117205
5288636
8800179
9226508
930389
7622845
2256724
6162572
5695787
536640
2173077
4925423
2066647
8383898
3326849
5439615
5603106
881710
8587389
6752852
35290
4176886
4577909
7739381
693089
663608
3741985
4990105
4393245
9038065
9498031
8195958
9750134
3930240
4658624
8686185
5290504
8531237
1260192
2148476
7420704
7314402
6736623
3132191
1523808
518165
8228735
2952277
9574240
3867630
149540
3934645
1041563
8989586
1448168
9170525
3576130
3447039
4890460
4441265
7719011
7582345
9701952
1622846
3791060
6885421
951503
9560065
5046281
9403179
9556304
213163
2101845
1123278
8615517
4652495
8550042
7582152
8966353
6335224
2731551
4716443
706472
2214532
8019579
8759231
3270922
2421669
6297126
178899
2157814
2158888
3485310
6675259
8966024
5290136
4304656
3866582
8398196
2983597
3336374
4581946
8830451
5468774
9543901
7365483
9480150
7323619
1849769
7038387
1933837
6123730
666855
7586917
6011293
7728633
641768
2032685
6152160
9601334
9790503
4263661
9231129
7802594
7390003
564016
3525780
9699872
4156267
2605955
647990
5534368
7847523
4888369
4663383
5086533
6899388
9227693
7992335
7110125
1187107
1747059
950229
3148731
5015043
9962427
9609006
4382558
3000436
4148883
5566476
8545119
6336710
9494697
2617636
7181517
8841016
7037517
9275419
1827121
8332925
6357844
1233435
7286428
1404124
1210064
7533757
5444044
806993
7922419
5182517
220618
7794021
4776048
3811269
553103
8646242
4953165
8154787
9941067
9984345
9393944
7945584
5019469
8643816
670942
2045084
6012934
2888472
4828348
318752
6539764
8465189
4418794
2330647
2837051
5863117
6758438
1862132
4206954
8583131
7828147
7614291
6262105
4058672
9784246
4814273
4181223
454643
8109281
5099510
8532272
9316541
4851099
8139838
4708591
2649174
7402866
9337574
5054815
5372095
1419084
8051759
3422212
828636
5283753
3760966
7396621
815528
9889634
1639626
3209416
1838190
4599236
7017860
2486788
4274317
693359
6040319
6510416
5016167
9021786
895323
8369777
7459249
9024498
4094573
9534127
3104897
6613309
4751777
3173772
7626771
9679413
1603257
9745270
3076816
9363152
1903900
1236237
3594993
6838497
2027424
7964349
196471
9300184
1262097
3851311
9284124
6084090
9195243
3170471
1281759
7270186
9178
1255761
4937994
5310172
1879357
419257
6436244
8608571
1175855
3742903
3146027
4274196
8510922
1933008
7416048
1791900
3049073
4359425
1480811
5312948
5405169
9620658
9714288
552523
4568377
5108527
68138
2595524
2967392
3840079
9003580
1426267
6946361
5329188
443271
1504463
9246972
9742450
9291338
6048208
8079237
73567
4677703
2095022
5687340
229042
1903238
3495591
4095990
7831568
3834299
145889
9021098
3901423
7304517
2024453
3356944
994997
1593889
756060
9895527
4692984
6703383
9952252
8849310
8374734
7490308
5221657
1410270
186292
1255387
9617831
8454217
6932431
2131637
3321919
8016544
1593383
1526849
4318297
7735855
7066733
4515596
892355
669654
5202074
3162471
8511556
1068331
4124093
4248974
2177025
2971515
4866267
1846428
5659576
3222550
9093103
2145866
5402062
6252798
2872902
9321192
9368937
8228143
8656548
1808692
5642395
6811389
4773131
6803249
3140300
3246881
7511972
2246047
7506280
9851550
1178751
6769898
7381761
7812992
9553146
5933423
7137437
2120981
8710495
3437641
596544
8775734
6495592
6169577
5235257
7976304
6116269
2009825
200833
1391464
9417625
8013918
9142327
9246486
6092513
1518304
1298505
9349520
5553628
8401457
3623481
810754
4943802
4804610
6645697
8103681
4836743
8596392
5596711
2379025
5603218
2978815
4290485
3781289
6044536
7415826
123925
9409734
8140243
3450289
1135876
4380750
8930864
1008164
1289599
5843311
859501
37030
4813306
62388
7749133
4159061
3791385
4067010
4041238
6816725
3698890
7785323
9405488
5280497
767456
6672533
7041108
5833951
2591310
9099188
8821446
9072374
7811480
13244
8332272
8813411
5717768
8999108
6698015
2600734
2073805
3621736
1351653
7689613
925310
3042503
6519954
1024866
2218266
4252229
7200799
3220781
7813857
62965
1755585
865938
5653830
8715617
1167741
1131725
3702418
1918310
9056172
3346762
3637428
3423206
4690530
1332718
4132266
8617891
9608319
5092777
7056506
6944329
2286280
1438153
8461344
5274365
5053704
8453905
2304925
9955550
9706014
5409969
8600524
618689
5599944
1940342
7712295
3462709
2385060
3293996
8131074
1295180
3080265
7439497
2988365
3256762
2406938
1620095
8126957
8236420
3248971
8653139
5966670
8976969
13118
9357329
4130960
7015935
6468148
1796996
5663338
6360592
7289800
6179113
8440794
1052090
2852312
2164881
9353077
5218644
792347
6166481
4398106
5077458
7373780
2303617
3105108
6998218
2197976
6940854
9244414
6274447
8537231
7163874
7088073
6541386
2883744
4856042
9510995
9899905
7283865
7061649
2792434
3406848
1474388
7153486
2087437
6192947
8144953
5267708
7733751
1230976
105483
1748192
9106958
4273591
6528087
1867470
7260420
9606541
9837439
9141698
6853881
2006153
4624879
893504
8190397
764005
9936440
8742287
187939
4082534
3124530
9156722
1135990
868677
971327
6826979
2605257
9028966
4415237
4452671
9983405
8251578
3750618
4035938
6013173
4334852
4714014
402655
6174157
6843986
403186
9472162
2050688
159077
2568590
7840165
4954234
136610
6207805
