30
3
3 4
4 10
6 10
9
3
3 4
4 10
7 10
9
2
6 6
10 3
13
2
6 6
10 3
14
7
10 10
15 5
20 9
25 5
30 10
35 5
40 10
49
95
748726 1000000
758662 670115
870794 768936
966567 618398
1073289 921407
1115702 577900
1230265 655210
1273227 562837
1497440 748711
1497442 748710
1497444 748709
1497446 748708
1497448 748707
1497450 748706
1497452 748705
2246152 748710
2994862 748710
3218969 717749
3297028 918988
3452085 586025
3484720 966625
3582937 797529
3622253 724615
3721566 664977
4386531 664962
4386533 664961
4386535 664960
4386537 664959
4386539 664958
4386541 664957
4386543 664956
5051495 664960
5716455 664960
5765054 664145
5830250 564537
5878469 720946
6086426 708005
6284681 541840
6289500 813276
6298422 874476
6880377 581952
6880379 581951
6880381 581950
6880383 581949
6880385 581948
6880387 581947
6880389 581946
7462330 581951
8044281 581951
8071067 625480
8132802 821006
8269193 987206
8281882 715603
8523370 634193
8547652 775188
8568892 901185
9093491 524596
9093493 524595
9093495 524594
9093497 524593
9093499 524592
9093501 524591
9093503 524590
9618092 524591
10142683 524591
10195269 723463
10305199 617245
10409205 675320
10489372 959178
10539727 995176
10608648 528576
10659966 887906
10667262 524576
10667264 524575
10667266 524574
10667268 524573
10667270 524572
10667272 524571
10667274 524570
11191839 524575
11716414 524575
11752505 503890
11796190 998807
11805344 525408
11967335 727653
11968360 642575
12053120 859084
12194481 954714
12672536 478052
12672538 478051
12672540 478050
12672542 478049
12672544 478048
12672546 478047
12672548 478046
13150594
1
200000000 300000000
400000000
95
830579 1000000
927337 835448
960119 721034
996940 853671
1083245 806788
1094041 789542
1213187 797104
1238408 978089
1329233 598102
1341507 894950
1466026 797306
1510985 987359
1561263 789108
1565403 749274
1586927 714035
1657328 516150
2300934 714004
2300936 714003
2300938 714002
2300940 714001
2300942 714000
2300944 713999
2300946 713998
2300948 713997
2300950 713996
2300952 713995
2300954 713994
2300956 713993
2300958 713992
2300960 713991
2300962 713990
3014947 713995
3728942 713995
3738714 814802
3846364 732608
3847813 954417
3935979 958671
3963779 640886
4037072 945429
4042415 836870
4165708 920048
4192605 777735
4253083 821665
4269617 810899
4333740 869657
4353472 539104
4377248 865465
4408567 676518
5085057 676487
5085059 676486
5085061 676485
5085063 676484
5085065 676483
5085067 676482
5085069 676481
5085071 676480
5085073 676479
5085075 676478
5085077 676477
5085079 676476
5085081 676475
5085083 676474
5085085 676473
5761556 676474
6438031 676475
6456219 842871
6468188 783993
6502525 808952
6564809 951481
6572333 871385
6622260 681562
6622547 804383
6631492 850145
6634105 683781
6886293 650117
6902433 994752
6924867 569246
6945215 969748
6966512 720309
7020027 696140
7114478 676444
7114480 676443
7114482 676442
7114484 676441
7114486 676440
7114488 676439
7114490 676438
7114492 676437
7114494 676436
7114496 676435
7114498 676434
7114500 676433
7114502 676432
7114504 676431
7114506 676430
7790936
99
10 92
11 51
12 42
13 20
14 42
15 10
16 24
17 70
19 54
20 10
30 10
32 14
33 43
34 21
35 64
36 18
37 51
38 37
39 32
40 10
50 10
52 82
53 52
54 23
55 24
56 63
57 25
58 92
59 49
60 10
70 10
72 58
73 47
74 91
75 78
76 50
77 99
78 91
80 89
90 10
100 10
102 83
103 32
104 92
105 35
106 15
107 83
109 23
110 10
120 10
130 10
131 17
132 90
133 78
135 91
137 18
138 65
139 23
140 96
150 10
160 10
161 56
162 70
163 45
166 36
167 32
168 96
169 67
170 45
180 10
190 10
191 74
193 26
194 40
195 37
196 74
198 29
199 43
200 48
210 9
220 10
221 92
223 20
224 75
226 46
227 26
228 15
229 65
230 12
240 10
250 10
252 77
253 38
254 95
255 85
256 25
257 39
259 69
260 23
270
99
987778 1000000
990665 704537
1053679 538054
1270892 781394
1351312 682667
1543074 879001
1633360 929760
1677635 544993
1918696 853519
1957640 634313
1975540 987759
1975542 987758
1975544 987757
1975546 987756
1975548 987755
1975550 987754
1975552 987753
1975554 987752
1975556 987751
2963300 987758
3951058 987758
4170633 887741
4286601 525623
4305500 886625
4519259 711531
4588430 612341
4605331 684266
4653578 743578
4659212 579998
4745746 743353
5489083 743334
5489085 743333
5489087 743332
5489089 743331
5489091 743330
5489093 743329
5489095 743328
5489097 743327
5489099 743326
6232424 743327
6975751 743327
7184531 700391
7268844 782683
7346072 658200
7374647 502653
7444567 848406
7525730 658001
7633803 860665
7658656 894118
7677004 770059
8378241 701234
8378243 701233
8378245 701232
8378247 701231
8378249 701230
8378251 701229
8378253 701228
8378255 701227
8378257 701226
9079476 701233
9780709 701233
9806131 976525
9827598 892328
9841950 964576
9890152 743622
10060276 848838
10218458 674123
10278512 753095
10342054 865632
10355865 663192
10931005 575137
10931007 575136
10931009 575135
10931011 575134
10931013 575133
10931015 575132
10931017 575131
10931019 575130
10931021 575129
11506144 575135
12081279 575135
12096686 736085
12146515 894450
12231160 954039
12232069 789170
12243428 687899
12487224 919920
12516932 783567
12609787 652221
12649575 551863
13201422 551844
13201424 551843
13201426 551842
13201428 551841
13201430 551840
13201432 551839
13201434 551838
13201436 551837
13201438 551836
13753274
99
681989 1000000
1363974 681982
1363976 681981
1363978 681980
2045957 681981
2727938 681981
3409915 681974
3409917 681973
3409919 681972
4091889 681974
4773863 681974
5455833 681967
5455835 681966
5455837 681965
6137802 681965
6819767 681965
7501728 681958
7501730 681957
7501732 681956
8183688 681955
8865644 681956
9547596 681949
9547598 681948
9547600 681947
10229546 681948
10911494 681948
11593438 681941
11593440 681940
11593442 681939
12275381 681939
12957320 681939
13639255 681932
13639257 681931
13639259 681930
14321188 681931
15003119 681931
15685046 681924
15685048 681923
15685050 681922
16366971 681923
17048894 681923
17730813 681916
17730815 681915
17730817 681914
18412731 681914
19094645 681914
19776555 681907
19776557 681906
19776559 681905
20458463 681906
21140369 681906
21822271 681899
21822273 681898
21822275 681897
22504172 681897
23186069 681897
23867962 681890
23867964 681889
23867966 681888
24549854 681888
25231742 681888
25913626 681881
25913628 681880
25913630 681879
26595509 681879
27277388 681879
27959263 681872
27959265 681871
27959267 681870
28641136 681871
29323007 681871
30004874 681864
30004876 681863
30004878 681862
30686738 681864
31368602 681864
32050462 681857
32050464 681856
32050466 681855
32732321 681855
33414176 681855
34096027 681848
34096029 681847
34096031 681846
34777877 681846
35459723 681846
36141565 681839
36141567 681838
36141569 681837
36823404 681839
37505243 681839
38187078 681832
38187080 681831
38187082 681830
38868910 681832
39550742 681832
40232570 681825
40232572 681824
40232574 681823
40914397
2
10 10
11 10
21
2
10 1000
100 10
110
23
10 58
11 87
12 40
13 27
14 27
15 20
16 80
17 36
18 35
19 61
20 45
30 10
40 10
41 32
42 51
43 85
44 66
45 17
46 57
47 36
48 24
49 56
50 77
60
2
10 10
11 10
20
5
100 100
105 5
110 5
112 2
114 2
120
99
187916 1000000
187931 877399
194210 791571
205555 883100
207327 524020
214994 556229
219295 551481
225284 667795
234943 840741
239669 886422
252935 886759
253035 594377
255312 829953
255709 646358
266280 819047
274229 912745
281997 712692
289983 805057
291469 910045
316281 540110
331255 883020
351708 782941
355035 503401
363979 720036
373790 915295
559618 185825
559620 185824
559622 185823
559624 185822
559626 185821
559628 185820
559630 185819
559632 185818
559634 185817
559636 185816
559638 185815
559640 185814
559642 185813
559644 185812
559646 185811
559648 185810
559650 185809
559652 185808
559654 185807
559656 185806
559658 185805
559660 185804
559662 185803
559664 185802
745458 185810
931268 185810
970429 903812
986078 620994
989948 538886
997413 651689
1011066 989286
1016741 931291
1017204 598505
1018752 810388
1019870 982283
1026799 550598
1042603 761908
1044031 702613
1048124 959254
1054323 926196
1058400 532488
1061456 638463
1065860 819485
1081228 879401
1085771 777722
1088737 770418
1089672 861607
1095890 855306
1097774 868684
1100539 504415
1269764 169222
1269766 169221
1269768 169220
1269770 169219
1269772 169218
1269774 169217
1269776 169216
1269778 169215
1269780 169214
1269782 169213
1269784 169212
1269786 169211
1269788 169210
1269790 169209
1269792 169208
1269794 169207
1269796 169206
1269798 169205
1269800 169204
1269802 169203
1269804 169202
1269806 169201
1269808 169200
1269810 169199
1439009
1
10 25
25
99
423871 1000000
847728 423854
847730 423853
847732 423852
847734 423851
847736 423850
847738 423849
847740 423848
847742 423847
1271588 423848
1695436 423848
2119270 423831
2119272 423830
2119274 423829
2119276 423828
2119278 423827
2119280 423826
2119282 423825
2119284 423824
2543104 423828
2966932 423828
3390746 423811
3390748 423810
3390750 423809
3390752 423808
3390754 423807
3390756 423806
3390758 423805
3390760 423804
3814563 423805
4238368 423805
4662159 423788
4662161 423787
4662163 423786
4662165 423785
4662167 423784
4662169 423783
4662171 423782
4662173 423781
5085951 423784
5509735 423784
5933505 423767
5933507 423766
5933509 423765
5933511 423764
5933513 423763
5933515 423762
5933517 423761
5933519 423760
6357275 423764
6781039 423764
7204789 423747
7204791 423746
7204793 423745
7204795 423744
7204797 423743
7204799 423742
7204801 423741
7204803 423740
7628537 423746
8052283 423746
8476015 423729
8476017 423728
8476019 423727
8476021 423726
8476023 423725
8476025 423724
8476027 423723
8476029 423722
8899749 423724
9323473 423724
9747183 423707
9747185 423706
9747187 423705
9747189 423704
9747191 423703
9747193 423702
9747195 423701
9747197 423700
10170890 423707
10594597 423707
11018290 423690
11018292 423689
11018294 423688
11018296 423687
11018298 423686
11018300 423685
11018302 423684
11018304 423683
11441987 423683
11865670 423683
12289339 423666
12289341 423665
12289343 423664
12289345 423663
12289347 423662
12289349 423661
12289351 423660
12289353 423659
12713012
99
950048 1000000
1900002 949951
1900004 949950
1900006 949949
1900008 949948
1900010 949947
1900012 949946
1900014 949945
1900016 949944
1900018 949943
1900020 949942
1900022 949941
1900024 949940
1900026 949939
1900028 949938
1900030 949937
1900032 949936
1900034 949935
1900036 949934
1900038 949933
1900040 949932
1900042 949931
1900044 949930
1900046 949929
1900048 949928
1900050 949927
1900052 949926
1900054 949925
1900056 949924
1900058 949923
1900060 949922
1900062 949921
1900064 949920
1900066 949919
1900068 949918
1900070 949917
1900072 949916
1900074 949915
1900076 949914
1900078 949913
1900080 949912
1900082 949911
1900084 949910
1900086 949909
1900088 949908
1900090 949907
1900092 949906
1900094 949905
1900096 949904
2849953 949951
3799904 949951
4749761 949854
4749763 949853
4749765 949852
4749767 949851
4749769 949850
4749771 949849
4749773 949848
4749775 949847
4749777 949846
4749779 949845
4749781 949844
4749783 949843
4749785 949842
4749787 949841
4749789 949840
4749791 949839
4749793 949838
4749795 949837
4749797 949836
4749799 949835
4749801 949834
4749803 949833
4749805 949832
4749807 949831
4749809 949830
4749811 949829
4749813 949828
4749815 949827
4749817 949826
4749819 949825
4749821 949824
4749823 949823
4749825 949822
4749827 949821
4749829 949820
4749831 949819
4749833 949818
4749835 949817
4749837 949816
4749839 949815
4749841 949814
4749843 949813
4749845 949812
4749847 949811
4749849 949810
4749851 949809
4749853 949808
4749855 949807
5699662
99
688409 1000000
694332 579384
695949 935279
700607 645711
712315 833425
721538 922786
730399 954003
734159 557849
745298 641230
749688 704406
762013 851032
762609 977351
767553 668312
819293 646026
824653 557771
856720 994554
867487 850565
870530 524836
873326 809930
908422 635578
922445 898613
936885 767188
940657 937781
955338 921834
961296 558155
1030045 674513
1037933 679579
1055677 600673
1061631 828610
1081366 571404
1089748 597465
1098585 699601
1113293 901313
1116818 992613
1118180 632933
1137025 634175
1142776 820764
1173857 547129
1174369 639793
1238161 802850
1241893 803354
1266762 902253
1283519 836501
1297864 651796
1302739 747331
1311304 591159
1312683 771332
1320329 687219
1320587 633448
1359570 748320
1376722 688310
1376724 688309
1376726 688308
1376728 688307
1376730 688306
1376732 688305
1376734 688304
1376736 688303
1376738 688302
1376740 688301
1376742 688300
1376744 688299
1376746 688298
1376748 688297
1376750 688296
1376752 688295
1376754 688294
1376756 688293
1376758 688292
1376760 688291
1376762 688290
1376764 688289
1376766 688288
1376768 688287
1376770 688286
1376772 688285
1376774 688284
1376776 688283
1376778 688282
1376780 688281
1376782 688280
1376784 688279
1376786 688278
1376788 688277
1376790 688276
1376792 688275
1376794 688274
1376796 688273
1376798 688272
1376800 688271
1376802 688270
1376804 688269
1376806 688268
1376808 688267
1376810 688266
1376812 688265
1376814 688264
1376816 688263
1376818 688262
2065080
3
5 5
7 5
9 5
21
7
10 10
15 5
20 9
25 5
30 10
35 5
40 10
45
99
46960 1000000
93826 46863
93828 46862
93830 46861
93832 46860
93834 46859
93836 46858
93838 46857
93840 46856
93842 46855
93844 46854
93846 46853
93848 46852
93850 46851
93852 46850
93854 46849
93856 46848
93858 46847
93860 46846
93862 46845
93864 46844
93866 46843
93868 46842
93870 46841
93872 46840
93874 46839
93876 46838
93878 46837
93880 46836
93882 46835
93884 46834
93886 46833
93888 46832
93890 46831
93892 46830
93894 46829
93896 46828
93898 46827
93900 46826
93902 46825
93904 46824
93906 46823
93908 46822
93910 46821
93912 46820
93914 46819
93916 46818
93918 46817
93920 46816
140734 46817
187552 46818
234276 46721
234278 46720
234280 46719
234282 46718
234284 46717
234286 46716
234288 46715
234290 46714
234292 46713
234294 46712
234296 46711
234298 46710
234300 46709
234302 46708
234304 46707
234306 46706
234308 46705
234310 46704
234312 46703
234314 46702
234316 46701
234318 46700
234320 46699
234322 46698
234324 46697
234326 46696
234328 46695
234330 46694
234332 46693
234334 46692
234336 46691
234338 46690
234340 46689
234342 46688
234344 46687
234346 46686
234348 46685
234350 46684
234352 46683
234354 46682
234356 46681
234358 46680
234360 46679
234362 46678
234364 46677
234366 46676
234368 46675
234370 46674
281044
99
17335 1000000
18130 897727
23479 682950
26664 762665
30367 798705
34664 17326
34666 17325
34668 17324
34670 17323
51993 17323
69316 17323
80686 706296
82037 736970
84071 721847
84905 757281
100488 15580
100490 15579
100492 15578
100494 15577
116068 15580
131648 15580
133546 543084
134113 567757
138542 873964
146328 687224
161002 14671
161004 14670
161006 14669
161008 14668
175673 14671
190344 14671
193389 598518
194080 737930
202272 897453
203776 823466
217202 13423
217204 13422
217206 13421
217208 13420
230626 13422
244048 13422
246563 866699
248539 736396
249047 531375
251557 576320
257464 13413
257466 13412
257468 13411
257470 13410
270877 13413
284290 13413
285911 771874
291552 679252
294127 966801
294805 714130
297697 13404
297699 13403
297701 13402
297703 13401
311101 13404
324505 13404
325056 772196
327652 594705
328455 915553
329725 886633
337903 13395
337905 13394
337907 13393
337909 13392
351298 13395
364693 13395
368807 915872
375013 692218
376776 792709
377283 599596
378082 13386
378084 13385
378086 13384
378088 13383
391470 13384
404854 13384
409210 761173
410370 908668
415592 802768
417567 800285
418232 13375
418234 13374
418236 13373
418238 13372
431609 13373
444982 13373
447021 571524
448138 991658
448449 558302
455768 663110
458349 13364
458351 13363
458353 13362
458355 13361
471716
4
5 5
8 3
9 4
11 3
14
99
75848 1000000
151682 75831
151684 75830
151686 75829
151688 75828
151690 75827
151692 75826
151694 75825
151696 75824
227513 75831
303344 75831
379161 75814
379163 75813
379165 75812
379167 75811
379169 75810
379171 75809
379173 75808
379175 75807
454980 75809
530789 75809
606584 75792
606586 75791
606588 75790
606590 75789
606592 75788
606594 75787
606596 75786
606598 75785
682377 75791
758168 75791
833945 75774
833947 75773
833949 75772
833951 75771
833953 75770
833955 75769
833957 75768
833959 75767
909721 75772
985493 75772
1061251 75755
1061253 75754
1061255 75753
1061257 75752
1061259 75751
1061261 75750
1061263 75749
1061265 75748
1137010 75751
1212761 75751
1288498 75734
1288500 75733
1288502 75732
1288504 75731
1288506 75730
1288508 75729
1288510 75728
1288512 75727
1364239 75726
1439966 75727
1515679 75710
1515681 75709
1515683 75708
1515685 75707
1515687 75706
1515689 75705
1515691 75704
1515693 75703
1591395 75704
1667099 75704
1742789 75687
1742791 75686
1742793 75685
1742795 75684
1742797 75683
1742799 75682
1742801 75681
1742803 75680
1818477 75686
1894163 75686
1969835 75669
1969837 75668
1969839 75667
1969841 75666
1969843 75665
1969845 75664
1969847 75663
1969849 75662
2045511 75662
2121173 75662
2196821 75645
2196823 75644
2196825 75643
2196827 75642
2196829 75641
2196831 75640
2196833 75639
2196835 75638
2272473
99
10 73
12 70
14 68
15 92
16 33
17 75
18 58
19 78
20 54
30 10
40 10
41 68
42 17
43 51
44 14
45 31
46 54
48 34
49 36
58 9
67 9
69 28
70 78
71 31
72 25
73 92
74 75
75 78
76 77
85 9
94 9
95 60
96 31
97 96
98 45
99 22
100 56
102 79
103 68
112 9
121 9
122 40
123 34
124 31
126 72
127 14
128 100
129 46
130 15
139 9
148 9
149 72
150 59
151 54
152 77
153 32
154 33
155 12
156 33
157 9
166 9
167 78
168 89
169 74
170 42
171 22
172 48
173 17
175 61
184 9
193 9
194 66
195 88
196 87
197 81
199 68
200 18
201 23
202 45
211 9
220 9
221 89
222 24
224 86
225 21
226 54
227 51
228 64
229 87
238 9
247 9
248 56
249 60
250 51
251 100
252 23
253 52
254 73
255 32
263
99
596250 1000000
1192496 596243
1192498 596242
1192500 596241
1788740 596242
2384982 596242
2981220 596235
2981222 596234
2981224 596233
3577455 596235
4173690 596235
4769921 596228
4769923 596227
4769925 596226
5366149 596228
5962377 596228
6558601 596221
6558603 596220
6558605 596219
7154824 596219
7751043 596219
8347258 596212
8347260 596211
8347262 596210
8943470 596212
9539682 596212
10135890 596205
10135892 596204
10135894 596203
10732095 596205
11328300 596205
11924501 596198
11924503 596197
11924505 596196
12520699 596198
13116897 596198
13713091 596191
13713093 596190
13713095 596189
14309284 596189
14905473 596189
15501658 596182
15501660 596181
15501662 596180
16097841 596181
16694022 596181
17290199 596174
17290201 596173
17290203 596172
17886375 596172
18482547 596172
19078715 596165
19078717 596164
19078719 596163
19674882 596163
20271045 596163
20867204 596156
20867206 596155
20867208 596154
21463361 596155
22059516 596155
22655667 596148
22655669 596147
22655671 596146
23251817 596146
23847963 596146
24444105 596139
24444107 596138
24444109 596137
25040244 596139
25636383 596139
26232518 596132
26232520 596131
26232522 596130
26828650 596132
27424782 596132
28020910 596125
28020912 596124
28020914 596123
28617037 596123
29213160 596123
29809279 596116
29809281 596115
29809283 596114
30405395 596116
31001511 596116
31597623 596109
31597625 596108
31597627 596107
32193734 596107
32789841 596107
33385944 596100
33385946 596099
33385948 596098
33982045 596099
34578144 596099
35174239 596092
35174241 596091
35174243 596090
35770333
99
780926 1000000
1561818 780889
1561820 780888
1561822 780887
1561824 780886
1561826 780885
1561828 780884
1561830 780883
1561832 780882
1561834 780881
1561836 780880
1561838 780879
1561840 780878
1561842 780877
1561844 780876
1561846 780875
1561848 780874
1561850 780873
1561852 780872
2342712 780884
3123596 780884
3904446 780847
3904448 780846
3904450 780845
3904452 780844
3904454 780843
3904456 780842
3904458 780841
3904460 780840
3904462 780839
3904464 780838
3904466 780837
3904468 780836
3904470 780835
3904472 780834
3904474 780833
3904476 780832
3904478 780831
3904480 780830
4685303 780836
5466140 780837
6246943 780800
6246945 780799
6246947 780798
6246949 780797
6246951 780796
6246953 780795
6246955 780794
6246957 780793
6246959 780792
6246961 780791
6246963 780790
6246965 780789
6246967 780788
6246969 780787
6246971 780786
6246973 780785
6246975 780784
6246977 780783
7027744 780799
7808543 780799
8589308 780762
8589310 780761
8589312 780760
8589314 780759
8589316 780758
8589318 780757
8589320 780756
8589322 780755
8589324 780754
8589326 780753
8589328 780752
8589330 780751
8589332 780750
8589334 780749
8589336 780748
8589338 780747
8589340 780746
8589342 780745
9370072 780760
10150832 780760
10931558 780723
10931560 780722
10931562 780721
10931564 780720
10931566 780719
10931568 780718
10931570 780717
10931572 780716
10931574 780715
10931576 780714
10931578 780713
10931580 780712
10931582 780711
10931584 780710
10931586 780709
10931588 780708
10931590 780707
10931592 780706
11712298
