30
3
3 4
4 10
6 10
9
3
3 4
4 10
7 10
9
2
6 6
10 3
13
2
6 6
10 3
14
7
10 10
15 5
20 9
25 5
30 10
35 5
40 10
45
99
208780 1000000
417466 208683
417468 208682
417470 208681
417472 208680
417474 208679
417476 208678
417478 208677
417480 208676
417482 208675
417484 208674
417486 208673
417488 208672
417490 208671
417492 208670
417494 208669
417496 208668
417498 208667
417500 208666
417502 208665
417504 208664
417506 208663
417508 208662
417510 208661
417512 208660
417514 208659
417516 208658
417518 208657
417520 208656
417522 208655
417524 208654
417526 208653
417528 208652
417530 208651
417532 208650
417534 208649
417536 208648
417538 208647
417540 208646
417542 208645
417544 208644
417546 208643
417548 208642
417550 208641
417552 208640
417554 208639
417556 208638
417558 208637
417560 208636
626184 208648
834832 208648
1043386 208551
1043388 208550
1043390 208549
1043392 208548
1043394 208547
1043396 208546
1043398 208545
1043400 208544
1043402 208543
1043404 208542
1043406 208541
1043408 208540
1043410 208539
1043412 208538
1043414 208537
1043416 208536
1043418 208535
1043420 208534
1043422 208533
1043424 208532
1043426 208531
1043428 208530
1043430 208529
1043432 208528
1043434 208527
1043436 208526
1043438 208525
1043440 208524
1043442 208523
1043444 208522
1043446 208521
1043448 208520
1043450 208519
1043452 208518
1043454 208517
1043456 208516
1043458 208515
1043460 208514
1043462 208513
1043464 208512
1043466 208511
1043468 208510
1043470 208509
1043472 208508
1043474 208507
1043476 208506
1043478 208505
1043480 208504
1251984
95
386749 1000000
474268 723924
521406 634047
666936 993485
667799 560340
684836 930587
724577 561626
758329 925384
1129897 371565
1129899 371564
1129901 371563
1129903 371562
1129905 371561
1129907 371560
1129909 371559
1501462 371565
1873027 371565
1881800 743310
2004579 646184
2009318 686998
2039999 913984
2148100 585137
2184506 922010
2211721 947591
2550403 338679
2550405 338678
2550407 338677
2550409 338676
2550411 338675
2550413 338674
2550415 338673
2889087 338674
3227761 338674
3270987 645487
3338144 572780
3362531 729560
3370828 764565
3435928 592621
3476816 902647
3494258 907531
3566423 338659
3566425 338658
3566427 338657
3566429 338656
3566431 338655
3566433 338654
3566435 338653
3905086 338655
4243741 338655
4270273 868957
4405012 967685
4438700 768969
4471727 945169
4514995 820939
4518726 615629
4576143 910102
4582384 338640
4582386 338639
4582388 338638
4582390 338637
4582392 338636
4582394 338635
4582396 338634
4921030 338634
5259664 338634
5314710 849457
5352563 630308
5373739 899562
5447179 870630
5476812 973386
5487853 698028
5507571 948617
5598286 338619
5598288 338618
5598290 338617
5598292 338616
5598294 338615
5598296 338614
5598298 338613
5936907 338617
6275524 338617
6290661 641671
6353118 981548
6420533 822453
6501551 518226
6502509 751823
6514868 651600
6547779 589309
6614129 338602
6614131 338601
6614133 338600
6614135 338599
6614137 338598
6614139 338597
6614141 338596
6952737
99
13408 1000000
13766 879130
13967 792698
14297 978095
14643 813908
15009 640486
16533 978565
16584 757011
18065 964971
19205 566748
19542 726172
19573 964910
20190 829392
20421 974919
20708 654435
20847 882786
21507 975195
21920 675148
24361 545230
25100 640797
25106 841601
25127 935242
25463 703688
26173 502114
26698 582408
39942 13241
39944 13240
39946 13239
39948 13238
39950 13237
39952 13236
39954 13235
39956 13234
39958 13233
39960 13232
39962 13231
39964 13230
39966 13229
39968 13228
39970 13227
39972 13226
39974 13225
39976 13224
39978 13223
39980 13222
39982 13221
39984 13220
39986 13219
39988 13218
53198 13226
66424 13226
67375 988995
68074 776194
68371 638599
69189 971041
69567 728148
70242 775539
71339 833655
72826 703996
73026 526016
73128 834645
74157 648216
74377 524065
75046 956707
75775 671911
76146 630966
76211 841104
76530 898457
76591 856850
77489 896657
77887 684766
78357 589234
78461 919719
79153 919629
79413 532429
79604 13177
79606 13176
79608 13175
79610 13174
79612 13173
79614 13172
79616 13171
79618 13170
79620 13169
79622 13168
79624 13167
79626 13166
79628 13165
79630 13164
79632 13163
79634 13162
79636 13161
79638 13160
79640 13159
79642 13158
79644 13157
79646 13156
79648 13155
79650 13154
92804
3
5 5
7 5
9 5
21
99
10 54
11 30
13 75
14 88
15 80
16 45
17 100
18 90
20 11
30 10
40 10
41 55
42 81
44 30
45 71
46 15
47 100
48 33
50 58
60 10
70 10
72 19
73 38
75 58
76 36
77 12
78 81
79 41
80 84
90 10
100 10
101 58
102 19
104 23
105 39
106 69
107 54
108 18
110 62
120 10
130 10
132 90
133 76
134 77
136 35
137 100
138 96
139 75
140 14
150 10
160 10
161 26
163 77
164 82
165 15
166 11
168 11
169 84
170 76
180 9
190 10
191 66
193 27
194 57
195 26
196 85
197 88
199 11
200 32
210 10
220 10
221 64
222 94
223 77
224 66
225 28
228 15
229 36
230 41
240 10
250 10
251 25
252 36
253 66
254 56
255 12
257 51
259 36
260 97
270 10
280 10
281 65
282 82
283 56
284 89
286 19
287 67
288 73
290 12
300
1
200000000 300000000
400000000
4
5 5
8 3
9 4
11 3
14
2
10 1000
100 10
110
99
358712 1000000
717330 358615
717332 358614
717334 358613
717336 358612
717338 358611
717340 358610
717342 358609
717344 358608
717346 358607
717348 358606
717350 358605
717352 358604
717354 358603
717356 358602
717358 358601
717360 358600
717362 358599
717364 358598
717366 358597
717368 358596
717370 358595
717372 358594
717374 358593
717376 358592
717378 358591
717380 358590
717382 358589
717384 358588
717386 358587
717388 358586
717390 358585
717392 358584
717394 358583
717396 358582
717398 358581
717400 358580
717402 358579
717404 358578
717406 358577
717408 358576
717410 358575
717412 358574
717414 358573
717416 358572
717418 358571
717420 358570
717422 358569
717424 358568
1075986 358573
1434560 358574
1793040 358477
1793042 358476
1793044 358475
1793046 358474
1793048 358473
1793050 358472
1793052 358471
1793054 358470
1793056 358469
1793058 358468
1793060 358467
1793062 358466
1793064 358465
1793066 358464
1793068 358463
1793070 358462
1793072 358461
1793074 358460
1793076 358459
1793078 358458
1793080 358457
1793082 358456
1793084 358455
1793086 358454
1793088 358453
1793090 358452
1793092 358451
1793094 358450
1793096 358449
1793098 358448
1793100 358447
1793102 358446
1793104 358445
1793106 358444
1793108 358443
1793110 358442
1793112 358441
1793114 358440
1793116 358439
1793118 358438
1793120 358437
1793122 358436
1793124 358435
1793126 358434
1793128 358433
1793130 358432
1793132 358431
1793134 358430
2151564
2
10 10
11 10
20
95
75054 1000000
78157 847323
86756 539188
87612 581969
96471 592997
96516 576173
102647 828512
109927 514990
110452 667768
114666 936608
117037 958064
118864 806956
118937 552853
125212 712840
143335 680786
150020 653245
150080 75023
150082 75022
150084 75021
150086 75020
150088 75019
150090 75018
150092 75017
150094 75016
150096 75015
150098 75014
150100 75013
150102 75012
150104 75011
150106 75010
150108 75009
225114 75012
300126 75012
301944 983901
309676 707758
312201 865652
315461 709667
318414 998416
320567 636256
320810 536094
321361 782592
321968 993629
331978 666295
338680 811955
354773 628026
363474 962211
371780 523474
372197 864552
375110 74981
375112 74980
375114 74979
375116 74978
375118 74977
375120 74976
375122 74975
375124 74974
375126 74973
375128 74972
375130 74971
375132 74970
375134 74969
375136 74968
375138 74967
450105 74966
525072 74967
525276 929020
530442 906172
535881 692655
541538 742000
547756 664376
549969 904742
552016 614213
557215 817997
566618 907562
567398 655951
582546 713103
584782 953059
592932 702343
599582 775828
599960 639060
674820 74857
674822 74856
674824 74855
674826 74854
674828 74853
674830 74852
674832 74851
674834 74850
674836 74849
674838 74848
674840 74847
674842 74846
674844 74845
674846 74844
674848 74843
749691
99
842469 1000000
1684934 842462
1684936 842461
1684938 842460
2527397 842461
3369858 842461
4212315 842454
4212317 842453
4212319 842452
5054771 842452
5897223 842452
6739671 842445
6739673 842444
6739675 842443
7582117 842444
8424561 842444
9267001 842437
9267003 842436
9267005 842435
10109439 842436
10951875 842436
11794307 842429
11794309 842428
11794311 842427
12636737 842427
13479165 842428
14321589 842421
14321591 842420
14321593 842419
15164011 842420
16006431 842420
16848847 842413
16848849 842412
16848851 842411
17691261 842412
18533673 842412
19376081 842405
19376083 842404
19376085 842403
20218488 842403
21060891 842403
21903290 842396
21903292 842395
21903294 842394
22745688 842394
23588082 842394
24430472 842387
24430474 842386
24430476 842385
25272860 842386
26115246 842386
26957628 842379
26957630 842378
26957632 842377
27800007 842379
28642386 842379
29484761 842372
29484763 842371
29484765 842370
30327135 842370
31169505 842370
32011871 842363
32011873 842362
32011875 842361
32854235 842362
33696597 842362
34538955 842355
34538957 842354
34538959 842353
35381310 842355
36223665 842355
37066016 842348
37066018 842347
37066020 842346
37908365 842347
38750712 842347
39593055 842340
39593057 842339
39593059 842338
40435397 842338
41277735 842338
42120069 842331
42120071 842330
42120073 842329
42962400 842331
43804731 842331
44647058 842324
44647060 842323
44647062 842322
45489383 842323
46331706 842323
47174025 842316
47174027 842315
47174029 842314
48016341 842316
48858657 842316
49700969 842309
49700971 842308
49700973 842307
50543280
99
907519 1000000
1815004 907482
1815006 907481
1815008 907480
1815010 907479
1815012 907478
1815014 907477
1815016 907476
1815018 907475
1815020 907474
1815022 907473
1815024 907472
1815026 907471
1815028 907470
1815030 907469
1815032 907468
1815034 907467
1815036 907466
1815038 907465
2722490 907478
3629968 907478
4537412 907441
4537414 907440
4537416 907439
4537418 907438
4537420 907437
4537422 907436
4537424 907435
4537426 907434
4537428 907433
4537430 907432
4537432 907431
4537434 907430
4537436 907429
4537438 907428
4537440 907427
4537442 907426
4537444 907425
4537446 907424
5444854 907440
6352294 907440
7259700 907403
7259702 907402
7259704 907401
7259706 907400
7259708 907399
7259710 907398
7259712 907397
7259714 907396
7259716 907395
7259718 907394
7259720 907393
7259722 907392
7259724 907391
7259726 907390
7259728 907389
7259730 907388
7259732 907387
7259734 907386
8167104 907401
9074506 907402
9981874 907365
9981876 907364
9981878 907363
9981880 907362
9981882 907361
9981884 907360
9981886 907359
9981888 907358
9981890 907357
9981892 907356
9981894 907355
9981896 907354
9981898 907353
9981900 907352
9981902 907351
9981904 907350
9981906 907349
9981908 907348
10889246 907358
11796604 907358
12703928 907321
12703930 907320
12703932 907319
12703934 907318
12703936 907317
12703938 907316
12703940 907315
12703942 907314
12703944 907313
12703946 907312
12703948 907311
12703950 907310
12703952 907309
12703954 907308
12703956 907307
12703958 907306
12703960 907305
12703962 907304
13611266
99
928851 1000000
1857698 928844
1857700 928843
1857702 928842
2786544 928842
3715386 928842
4644224 928835
4644226 928834
4644228 928833
5573060 928834
6501894 928834
7430724 928827
7430726 928826
7430728 928825
8359552 928826
9288378 928826
10217200 928819
10217202 928818
10217204 928817
11146021 928817
12074838 928817
13003651 928810
13003653 928809
13003655 928808
13932461 928810
14861271 928810
15790077 928803
15790079 928802
15790081 928801
16718880 928803
17647683 928803
18576482 928796
18576484 928795
18576486 928794
19505279 928795
20434074 928795
21362865 928788
21362867 928787
21362869 928786
22291653 928788
23220441 928788
24149225 928781
24149227 928780
24149229 928779
25078008 928779
26006787 928779
26935562 928772
26935564 928771
26935566 928770
27864334 928772
28793106 928772
29721874 928765
29721876 928764
29721878 928763
30650641 928763
31579404 928763
32508163 928756
32508165 928755
32508167 928754
33436919 928756
34365675 928756
35294427 928749
35294429 928748
35294431 928747
36223178 928747
37151925 928747
38080668 928740
38080670 928739
38080672 928738
39009410 928738
39938148 928738
40866882 928731
40866884 928730
40866886 928729
41795615 928729
42724344 928729
43653069 928722
43653071 928721
43653073 928720
44581793 928720
45510513 928720
46439229 928713
46439231 928712
46439233 928711
47367942 928713
48296655 928713
49225364 928706
49225366 928705
49225368 928704
50154070 928706
51082776 928706
52011478 928699
52011480 928698
52011482 928697
52940179 928697
53868876 928697
54797569 928690
54797571 928689
54797573 928688
55726261
99
662965 1000000
714550 927582
736701 952405
932267 798616
1324090 907463
1325924 662956
1325926 662955
1325928 662954
1325930 662953
1988880 662956
2651836 662956
2659719 756596
2824204 592565
2897834 835482
3011039 727466
3314786 662947
3314788 662946
3314790 662945
3314792 662944
3977736 662944
4640680 662944
4734448 854238
4846784 869213
5024148 646029
5271415 512941
5784350 512932
5784352 512931
5784354 512930
5784356 512929
6297283 512931
6810214 512931
6870136 853559
7042860 608512
7055790 568434
7128716 580252
7323139 512922
7323141 512921
7323143 512920
7323145 512919
7836063 512920
8348983 512920
8464258 585937
8503826 582457
8616604 570143
8626291 973258
8861897 512911
8861899 512910
8861901 512909
8861903 512908
9374810 512909
9887719 512909
10148053 837903
10292362 573856
10355614 785689
10366664 777061
10845603 478936
10845605 478935
10845607 478934
10845609 478933
11324542 478933
11803475 478933
11815525 590423
11998079 953711
12202403 778448
12256953 609419
12710425 453469
12710427 453468
12710429 453467
12710431 453466
13163895 453468
13617363 453468
13727055 514903
13757516 898476
13890179 934460
14043847 658732
14470325 426475
14470327 426474
14470329 426473
14470331 426472
14896803 426472
15323275 426472
15430312 977717
15470112 507183
15542238 523704
15622073 681593
15749741 426463
15749743 426462
15749745 426461
15749747 426460
16176205 426462
16602667 426462
16657207 999261
16790567 563670
16912130 606700
16997789 571623
17392905 395113
17392907 395112
17392909 395111
17392911 395110
17788021
99
565755 1000000
571092 653134
587673 898828
602945 949777
636481 692050
644968 987013
649651 883706
687768 636081
698188 633174
698867 852018
718254 791168
729620 889175
731768 885689
759360 813515
771566 668094
779779 827980
782629 575149
782883 808369
796769 975476
802747 910116
818673 599259
838366 901322
848960 604401
852227 738354
857452 986317
873832 947918
879240 679414
882539 966789
896022 875934
901401 708186
931478 999652
937314 544445
947497 576399
965361 597181
975918 696600
975970 650407
1007227 698979
1012189 845917
1019745 646291
1023253 659217
1026445 553522
1045690 917703
1049439 830884
1058081 934030
1081615 696645
1084499 640914
1086390 748166
1101887 964074
1110777 837560
1125864 567979
1685877 560010
1685879 560009
1685881 560008
1685883 560007
1685885 560006
1685887 560005
1685889 560004
1685891 560003
1685893 560002
1685895 560001
1685897 560000
1685899 559999
1685901 559998
1685903 559997
1685905 559996
1685907 559995
1685909 559994
1685911 559993
1685913 559992
1685915 559991
1685917 559990
1685919 559989
1685921 559988
1685923 559987
1685925 559986
1685927 559985
1685929 559984
1685931 559983
1685933 559982
1685935 559981
1685937 559980
1685939 559979
1685941 559978
1685943 559977
1685945 559976
1685947 559975
1685949 559974
1685951 559973
1685953 559972
1685955 559971
1685957 559970
1685959 559969
1685961 559968
1685963 559967
1685965 559966
1685967 559965
1685969 559964
1685971 559963
1685973 559962
2245935
99
52965 1000000
53944 691076
55575 645671
60875 757692
79681 876423
84112 753416
86244 715871
96670 842009
99672 822129
105075 748620
157169 52091
157171 52090
157173 52089
157175 52088
157177 52087
157179 52086
157181 52085
157183 52084
157185 52083
209262 52089
261351 52089
267624 790371
278287 617709
281310 849094
290823 566947
294543 863933
299114 590229
300041 597497
300792 833747
302569 677098
343771 41199
343773 41198
343775 41197
343777 41196
343779 41195
343781 41194
343783 41193
343785 41192
343787 41191
384975 41194
426169 41194
427244 583796
432094 861293
435485 951826
444475 692460
454826 502566
457125 847540
459005 528714
459495 747370
464971 937748
467347 41175
467349 41174
467351 41173
467353 41172
467355 41171
467357 41170
467359 41169
467361 41168
467363 41167
508527 41170
549697 41170
552527 907753
555199 536761
560054 650686
562989 677656
563980 695995
568341 840745
574564 783765
589664 797053
590584 530611
590851 41151
590853 41150
590855 41149
590857 41148
590859 41147
590861 41146
590863 41145
590865 41144
590867 41143
632003 41150
673153 41150
675472 886392
678032 721796
679739 975262
682280 743944
688581 644624
689418 898020
693786 753566
700105 770041
710493 731427
747817 37321
747819 37320
747821 37319
747823 37318
747825 37317
747827 37316
747829 37315
747831 37314
747833 37313
785146
99
322824 1000000
645634 322807
645636 322806
645638 322805
645640 322804
645642 322803
645644 322802
645646 322801
645648 322800
968443 322805
1291248 322805
1614039 322788
1614041 322787
1614043 322786
1614045 322785
1614047 322784
1614049 322783
1614051 322782
1614053 322781
1936831 322784
2259615 322784
2582385 322767
2582387 322766
2582389 322765
2582391 322764
2582393 322763
2582395 322762
2582397 322761
2582399 322760
2905155 322764
3227919 322764
3550669 322747
3550671 322746
3550673 322745
3550675 322744
3550677 322743
3550679 322742
3550681 322741
3550683 322740
3873416 322747
4196163 322747
4518896 322730
4518898 322729
4518900 322728
4518902 322727
4518904 322726
4518906 322725
4518908 322724
4518910 322723
4841627 322729
5164356 322729
5487071 322712
5487073 322711
5487075 322710
5487077 322709
5487079 322708
5487081 322707
5487083 322706
5487085 322705
5809786 322709
6132495 322709
6455190 322692
6455192 322691
6455194 322690
6455196 322689
6455198 322688
6455200 322687
6455202 322686
6455204 322685
6777887 322687
7100574 322687
7423247 322670
7423249 322669
7423251 322668
7423253 322667
7423255 322666
7423257 322665
7423259 322664
7423261 322663
7745917 322670
8068587 322670
8391243 322653
8391245 322652
8391247 322651
8391249 322650
8391251 322649
8391253 322648
8391255 322647
8391257 322646
8713899 322650
9036549 322650
9359185 322633
9359187 322632
9359189 322631
9359191 322630
9359193 322629
9359195 322628
9359197 322627
9359199 322626
9681825
2
10 10
11 10
21
99
10 98
12 32
14 88
15 39
16 18
17 97
18 75
19 35
20 69
30 10
40 10
41 40
42 98
44 32
45 99
46 47
47 18
48 26
50 84
60 10
70 10
71 67
72 31
74 95
75 99
76 45
77 61
78 84
80 51
90 10
100 10
101 42
102 88
103 100
104 11
105 79
106 97
107 15
109 18
110 10
120 10
121 75
123 11
124 93
126 42
127 16
128 99
129 81
130 64
140 10
150 10
152 99
153 89
154 95
156 99
157 43
158 76
159 17
160 62
170 10
180 10
181 73
182 27
183 37
184 49
186 53
187 50
189 50
190 90
200 10
210 10
211 17
212 40
214 57
215 32
216 66
217 43
218 93
220 38
230 10
240 10
241 95
243 95
244 91
245 37
246 22
247 41
249 29
250 11
260 10
270 10
271 53
273 58
274 77
275 69
276 91
277 83
278 27
279 11
288
99
424561 1000000
849108 424544
849110 424543
849112 424542
849114 424541
849116 424540
849118 424539
849120 424538
849122 424537
1273655 424541
1698196 424541
2122723 424524
2122725 424523
2122727 424522
2122729 424521
2122731 424520
2122733 424519
2122735 424518
2122737 424517
2547254 424517
2971771 424517
3396274 424500
3396276 424499
3396278 424498
3396280 424497
3396282 424496
3396284 424495
3396286 424494
3396288 424493
3820780 424494
4245274 424494
4669754 424477
4669756 424476
4669758 424475
4669760 424474
4669762 424473
4669764 424472
4669766 424471
4669768 424470
5094234 424473
5518708 424474
5943168 424457
5943170 424456
5943172 424455
5943174 424454
5943176 424453
5943178 424452
5943180 424451
5943182 424450
6367626 424456
6792082 424456
7216524 424439
7216526 424438
7216528 424437
7216530 424436
7216532 424435
7216534 424434
7216536 424433
7216538 424432
7640969 424433
8065402 424433
8489821 424416
8489823 424415
8489825 424414
8489827 424413
8489829 424412
8489831 424411
8489833 424410
8489835 424409
8914242 424411
9338653 424411
9763050 424394
9763052 424393
9763054 424392
9763056 424391
9763058 424390
9763060 424389
9763062 424388
9763064 424387
10187447 424391
10611838 424391
11036215 424374
11036217 424373
11036219 424372
11036221 424371
11036223 424370
11036225 424369
11036227 424368
11036229 424367
11460591 424372
11884963 424372
12309321 424355
12309323 424354
12309325 424353
12309327 424352
12309329 424351
12309331 424350
12309333 424349
12309335 424348
12733683
1
10 25
25
23
10 64
11 72
12 86
13 87
14 40
15 78
16 14
17 59
18 99
19 31
20 72
30 10
40 10
41 61
42 64
43 21
44 69
45 19
46 40
47 91
48 22
49 98
50 45
60
7
10 10
15 5
20 9
25 5
30 10
35 5
40 10
49
5
100 100
105 5
110 5
112 2
114 2
120
