20
17 9 4 32 9 40 41 2 49 18 12 19 16 10 28 11 9 25 6 46
2
1 22
38
39 10 40 48 50 11 33 19 45 19 43 8 4 42 5 41 13 20 36 24 46 15 41 33 30 5 49 28 6 13 9 41 14 4 23 9 37 26
2
8 22
17
15 16 7 42 39 5 27 26 21 22 21 22 8 6 27 23 10
17
24 3 25 16 9 18 20 22 6 22 25 47 38 11 6 32 49
57
10 6 46 4 48 13 49 11 7 21 10 30 5 47 15 9 40 47 38 4 31 46 3 32 16 43 37 23 3 26 22 4 3 18 21 7 13 43 18 27 42 27 46 43 11 44 12 20 36 7 50 41 25 35 4 46 34
31
16 20 45 31 3 48 12 39 42 32 36 25 3 8 17 23 50 35 50 31 7 17 43 46 25 44 48 20 17 14 43
14
25 34 19 1 36 7 45 7 36 2 2 9 3 49
12
8 46 40 50 36 9 39 1 15 8 3 8
36
50 2 11 32 29 17 12 47 16 25 44 29 32 46 47 4 33 3 29 4 1 25 10 18 25 10 37 48 14 14 35 30 26 27 49 39
52
46 17 24 10 36 36 42 23 38 3 26 42 34 34 33 22 15 9 48 21 16 3 21 1 32 32 31 11 46 37 48 2 22 5 44 18 20 34 14 19 13 27 10 22 22 26 40 8 1 37 35 37
37
43 4 31 27 21 10 18 49 23 10 12 38 5 38 6 40 30 24 39 8 25 18 19 33 20 14 47 38 46 37 31 29 45 37 30 30 3
59
21 4 27 35 33 21 3 24 47 49 36 22 14 12 20 38 50 41 49 13 20 40 29 9 41 47 10 47 47 27 49 5 49 29 31 40 7 27 9 47 33 21 22 34 5 37 6 39 21 7 21 45 30 17 18 1 40 22 6
1
38
58
1 15 25 40 40 43 17 27 1 16 48 19 37 17 26 47 28 33 31 9 50 14 7 46 46 38 35 43 18 4 26 15 32 41 14 5 12 48 29 6 3 28 19 1 14 33 12 26 28 24 13 19 23 20 42 11 35 33
50
49 14 47 34 41 45 39 45 33 32 50 17 31 48 12 19 11 37 34 41 2 45 30 4 23 41 41 31 18 31 14 42 5 29 12 43 7 18 24 39 13 4 27 29 44 29 8 3 32 35
28
10 5 41 41 43 50 29 7 42 1 20 1 1 43 40 33 11 16 33 31 42 7 44 44 34 36 19 23
2
32 29
27
32 1 50 23 49 11 10 45 43 19 3 11 13 40 26 42 31 40 47 35 37 46 25 1 32 45 47
60
44 3 6 27 40 41 23 21 2 23 49 48 17 50 43 18 50 26 43 31 14 45 49 16 42 40 22 19 43 25 36 10 34 42 36 9 33 20 39 15 20 10 38 2 27 7 40 26 18 45 34 43 35 14 20 45 49 8 31 37
47
30 16 19 3 2 23 16 42 15 43 33 17 8 12 41 19 7 24 12 49 43 41 39 28 26 6 19 40 38 8 29 45 14 11 47 7 10 10 28 29 44 38 28 7 31 16 36
49
3 37 8 22 46 49 12 21 33 7 12 46 43 37 21 17 42 35 34 4 11 46 21 21 16 10 26 12 28 41 44 28 11 37 14 13 38 15 32 12 11 32 48 36 50 34 31 44 31
56
6 48 47 43 6 8 26 42 3 48 6 4 28 34 48 1 16 47 11 21 10 2 20 7 25 41 23 35 38 34 48 44 40 21 37 17 32 21 7 6 37 18 32 6 17 47 44 41 23 42 20 45 7 46 16 11
60
16 2 7 16 26 47 29 28 16 19 17 18 24 42 28 50 22 22 32 28 13 44 37 18 47 16 40 1 44 11 11 35 47 20 13 21 39 4 42 30 50 39 5 24 50 23 41 23 40 3 12 21 41 26 21 24 35 35 4 3
22
12 38 20 49 48 9 15 17 10 49 27 6 4 42 7 29 41 17 7 9 13 2
34
45 29 1 37 41 32 16 20 33 32 10 22 2 9 43 15 36 16 13 19 23 15 41 14 11 48 23 34 33 48 36 23 34 4
40
43 48 27 33 8 11 37 45 3 21 45 19 47 39 34 6 37 2 44 11 8 13 1 17 38 1 24 37 13 37 1 4 33 21 1 30 1 32 27 2
48
23 20 45 12 28 26 23 36 42 35 2 9 36 12 17 26 44 28 30 2 10 19 28 44 25 23 6 6 11 34 17 11 42 6 26 15 39 9 20 17 28 15 8 17 10 21 8 26
50
13 22 2 48 30 27 23 24 16 18 6 5 39 8 47 23 27 14 45 42 47 47 17 42 31 31 15 29 28 9 38 29 14 50 34 31 45 35 17 8 7 5 26 43 41 14 41 29 11 33
46
21 18 38 29 11 33 8 26 32 16 15 19 25 8 4 16 35 42 42 31 12 38 38 11 4 32 15 6 45 47 32 46 45 12 32 44 48 1 3 49 5 9 23 22 42 35
5
50 7 26 39 1
5
19 20 44 4 41
59
28 17 14 41 48 40 40 21 6 39 43 24 20 17 26 25 36 27 23 42 20 22 17 28 20 10 31 28 5 22 30 34 38 26 4 46 21 36 30 32 20 25 37 24 26 32 4 50 31 27 1 23 29 26 23 43 3 14 37
59
27 30 21 11 29 9 20 22 23 2 17 3 46 45 30 47 29 21 28 39 6 38 36 48 18 3 32 41 33 12 40 20 36 4 3 6 9 10 47 25 29 44 40 49 8 7 46 12 28 38 46 38 15 20 15 28 23 17 10
30
9 38 3 24 28 13 12 26 34 2 20 28 44 4 19 16 37 22 36 22 1 3 49 1 34 18 3 29 24 36
48
50 21 37 9 23 4 26 34 2 41 35 21 49 6 48 41 30 45 17 30 21 46 9 34 30 39 49 29 1 34 39 19 48 9 41 13 25 22 44 40 37 46 18 43 39 35 5 26
24
2 10 32 11 9 22 30 40 10 7 19 25 26 11 3 17 18 25 23 26 35 3 43 25
20
14 3 15 22 33 39 49 17 26 10 18 31 10 31 4 35 2 20 3 26
50
8 27 44 47 36 4 4 41 7 1 21 34 26 42 8 11 44 10 34 18 9 19 32 13 27 25 50 30 18 22 44 44 36 32 1 32 30 29 44 35 32 42 45 39 36 40 6 39 44 18
42
36 24 32 13 13 43 42 23 12 25 4 43 1 14 16 33 33 25 29 26 43 18 10 38 34 36 46 35 22 41 30 40 42 15 21 32 44 9 43 40 14 41
53
6 21 19 19 15 16 6 36 37 5 24 1 13 35 50 45 24 35 10 28 4 14 7 20 23 27 37 35 48 14 29 20 28 5 5 16 4 2 33 16 1 13 27 2 30 6 25 3 27 36 24 3 12
21
3 30 6 6 17 17 49 20 31 37 42 1 3 48 25 32 35 47 11 1 47
7
38 11 47 23 17 38 42
26
24 2 24 48 4 47 12 45 10 18 20 17 23 18 39 41 2 33 42 38 21 12 1 17 7 32
14
31 5 21 47 9 23 34 16 1 26 27 37 15 37
28
39 33 27 6 28 19 9 34 12 38 18 2 40 39 49 4 42 31 16 7 6 9 14 4 22 48 24 7
43
27 23 47 8 1 2 42 27 40 12 24 3 24 47 6 39 8 44 26 4 3 8 26 2 34 32 26 42 31 45 25 16 45 45 50 3 37 12 27 10 28 2 41
22
30 25 6 15 37 7 6 48 36 23 36 44 26 12 28 47 17 7 1 19 32 36
19
46 28 3 17 38 4 39 44 9 18 46 29 23 22 29 1 48 17 17
15
3 33 43 48 45 39 33 38 9 12 25 7 11 20 49
29
4 3 23 3 4 50 11 17 10 21 41 41 33 18 27 5 30 23 40 10 24 48 47 3 20 3 18 19 16
27
32 16 35 47 9 37 13 45 47 21 22 6 35 7 16 18 4 44 22 40 21 30 14 45 45 6 28
55
38 24 28 35 29 46 19 3 40 18 46 22 43 24 17 29 17 44 34 28 2 31 44 37 21 43 40 10 25 2 9 10 9 3 20 10 25 34 44 36 35 16 34 14 34 15 41 11 18 13 48 19 45 19 10
41
15 22 24 39 24 43 42 47 20 15 13 29 27 8 32 13 10 23 21 22 28 11 21 14 47 23 6 21 32 19 42 47 32 34 34 4 3 14 9 11 11
11
30 29 25 19 45 42 28 16 17 18 27
55
40 38 50 33 25 49 12 23 40 25 50 42 46 43 8 28 46 15 38 37 33 37 42 44 33 37 32 38 8 15 23 29 28 6 35 29 30 25 37 2 2 24 20 9 19 15 42 13 50 29 35 13 26 37 17
38
42 36 20 43 28 11 21 7 9 1 9 18 42 14 2 39 8 50 47 29 31 37 17 3 44 42 23 16 22 18 17 32 35 13 49 31 43 13
11
13 44 40 9 34 15 41 7 11 36 10
37
47 9 16 15 18 1 14 44 6 49 29 50 28 45 29 15 33 4 33 42 26 9 27 28 27 49 33 40 4 34 46 49 47 29 5 44 37
46
16 1 20 4 23 7 43 40 44 10 35 32 20 23 28 40 41 13 12 48 45 15 15 2 18 10 43 28 11 9 50 39 30 48 37 41 4 2 47 26 45 22 12 40 16 37
4
4 8 21 9
11
50 3 37 41 33 50 36 46 15 6 8
59
38 5 43 38 18 33 40 42 24 39 38 5 9 33 15 6 32 33 8 33 21 31 25 41 7 33 2 35 12 13 15 18 15 7 3 35 11 10 12 16 48 27 46 40 17 23 5 30 19 14 44 30 28 20 8 5 6 8 38
38
18 1 46 28 40 2 6 10 27 37 6 4 15 43 36 43 12 16 42 49 39 19 46 50 30 29 11 35 36 26 31 31 4 3 6 50 20 32
6
35 42 46 20 6 27
1
22
28
26 49 45 41 5 12 42 9 48 18 23 11 19 10 48 36 10 15 50 49 14 7 1 1 34 27 18 41
2
24 26
55
21 11 6 30 40 9 20 17 33 24 42 1 7 49 41 48 12 28 39 44 44 26 46 36 6 21 4 13 3 49 42 18 13 50 39 41 5 23 33 43 7 21 15 10 26 33 41 11 24 20 50 21 42 28 8
41
1 34 4 28 10 38 24 49 47 18 22 2 31 28 40 39 38 27 34 41 23 48 9 9 42 27 16 1 32 28 38 20 14 47 1 41 30 37 25 39 35
42
4 43 32 46 14 29 30 36 17 47 13 33 44 18 40 44 35 11 7 47 17 25 38 50 10 41 46 14 6 45 47 49 1 22 43 34 14 47 1 10 34 50
36
27 16 14 18 19 12 26 9 16 12 25 25 49 36 10 46 41 48 38 35 5 35 31 40 13 31 22 38 27 13 4 22 22 22 4 43
21
2 46 18 36 38 3 16 7 36 2 48 3 49 25 25 26 38 49 2 49 49
54
23 50 5 33 21 4 47 26 17 44 21 37 30 43 9 1 19 50 17 10 44 26 11 29 45 34 39 15 27 27 4 15 40 36 1 25 3 36 27 15 3 23 40 20 31 47 28 18 49 18 47 26 28 13
15
14 47 39 44 48 45 30 5 45 44 32 2 11 35 22
6
12 34 41 38 26 29
25
5 23 42 13 41 20 40 16 38 18 20 40 23 39 46 28 23 27 26 46 19 21 39 2 5
26
12 50 39 11 10 12 14 15 34 42 2 9 31 1 38 19 45 24 42 27 15 39 26 18 48 18
8
43 33 30 46 35 41 27 33
53
10 37 30 48 43 44 22 24 4 40 48 37 15 39 26 42 26 25 10 13 4 1 10 21 10 13 3 31 33 14 29 22 16 6 23 25 2 34 13 26 2 16 48 9 2 7 18 12 20 37 2 28 13
41
27 22 43 22 40 21 32 2 39 3 14 35 45 48 38 24 44 11 34 48 7 35 45 22 39 49 1 35 50 9 19 10 25 6 28 6 2 7 12 27 12
39
8 27 49 27 38 36 39 24 32 11 14 4 8 31 11 24 4 49 44 47 18 10 38 41 35 4 46 29 49 39 25 47 33 39 9 46 41 1 19
19
35 42 41 23 18 5 48 43 20 30 34 50 12 33 46 31 13 29 48
2
9 7
47
22 33 5 40 23 20 12 39 41 5 27 25 32 35 33 9 47 2 6 31 1 2 9 36 9 21 14 34 14 14 27 2 15 48 16 3 40 33 36 38 29 38 17 15 8 35 10
45
27 26 42 11 6 50 5 1 15 50 42 27 41 2 18 14 38 45 7 3 11 6 44 41 25 21 32 24 34 1 39 1 12 44 49 5 6 13 14 30 7 3 48 6 33
51
15 39 39 21 45 46 12 39 26 32 43 2 19 17 46 32 38 35 7 26 35 3 36 8 11 36 42 9 42 23 48 43 5 33 40 25 19 14 9 25 5 12 39 29 9 26 8 22 30 29 6
40
35 10 35 33 16 40 28 13 41 25 2 24 10 27 18 36 18 39 43 17 38 13 44 47 3 27 30 12 39 28 45 34 39 41 40 28 6 3 16 10
36
42 40 24 25 39 12 25 40 10 43 23 21 40 5 17 35 16 9 35 50 38 31 12 47 22 47 9 24 23 2 43 16 24 24 3 14
9
35 32 22 21 43 41 32 34 12
4
43 8 46 14
54
50 19 49 35 49 29 14 38 40 30 29 1 35 18 38 35 23 48 3 25 7 2 35 37 3 41 31 33 5 2 5 38 27 41 5 17 47 35 35 11 5 49 27 17 26 16 15 31 26 50 32 40 35 28
10
23 45 29 10 1 17 48 28 14 48
47
4 2 26 49 2 45 50 26 18 47 23 40 4 21 24 12 44 7 37 18 22 32 27 48 25 45 50 13 49 7 13 47 11 37 13 37 37 34 6 12 45 27 45 49 19 15 6
8
2 30 10 29 7 24 16 10
53
15 45 3 48 10 9 31 3 18 22 17 13 39 47 30 38 48 17 41 19 41 15 40 5 42 23 27 47 8 29 15 31 5 32 20 25 26 42 26 5 36 7 43 30 47 40 10 4 40 19 13 2 1
35
19 49 2 6 19 33 36 43 18 41 11 21 2 13 19 49 13 44 38 43 37 28 48 9 47 40 37 43 16 5 8 46 49 46 31
43
4 22 28 38 15 33 20 41 47 35 43 27 47 28 33 10 13 47 23 11 40 19 34 33 15 9 39 49 49 11 10 36 42 43 40 43 45 42 42 33 11 4 44
3
42 19 14
0