5000
525922
322581
515875
463708
398394
286220
747801
468985
463156
853891
567696
675373
756983
458127
597540
429055
184568
732065
483160
204639
471113
463980
367968
566192
305390
912122
816836
214367
630027
799492
778090
580365
865310
732340
517787
295626
701209
746176
749390
636159
533075
158668
39178
150214
232191
39939
155842
130978
507066
199160
247850
197036
763475
103133
294643
150657
184531
713894
121076
758169
236707
263206
883990
353691
539250
818421
594734
662711
658843
353619
92896
151885
989638
543234
577026
487775
75489
895229
424589
651672
951274
930416
671715
501056
251891
17102
309025
160370
603700
68471
842114
160322
717811
310279
676101
662597
770213
771913
182328
326104
694282
128599
282255
366982
997462
368393
856318
67519
558229
941617
700437
795101
859996
95926
20212
565535
346803
715059
138879
440380
862988
618283
950751
231528
856791
217419
477271
180738
834316
376083
661778
647365
976965
866427
823828
607766
280415
898044
245306
658951
77575
228185
460458
673199
455190
668085
963004
979403
774674
126891
717940
712595
616692
178670
677901
479939
471513
831702
552359
663086
549780
41167
753279
177566
664180
309138
206342
602052
400324
249724
660280
733094
833932
239683
799410
238556
32717
787632
45155
394265
547279
503006
754593
13824
968899
569123
829284
55118
680303
564281
986283
120143
513993
740872
356245
418109
452824
783844
538019
908027
304756
983600
477245
420782
695753
738139
923755
322203
783982
869449
654979
215932
922813
648363
614421
193282
795906
897698
893040
111454
510316
641574
348017
855534
700341
753119
964989
752458
924872
106319
213845
58504
361970
885530
427413
938069
1980
419456
710642
318677
785824
897884
251249
53825
630780
497919
474021
418189
814122
671493
639418
868970
702339
535013
183168
182844
254470
496904
330002
41640
694163
749051
838233
830005
979616
607543
932221
221588
563478
53240
816424
279575
578705
669431
106941
172388
372826
571543
171422
214058
553912
384523
256420
960208
324826
257533
969478
522632
696566
478028
391079
609420
746277
385480
860340
307108
452660
292740
208368
984479
281295
794347
588630
602191
27539
238262
412253
724593
457033
864467
319480
199495
724351
86767
358546
537626
559945
779868
859969
744701
680073
251542
139994
363168
775416
403663
375496
459833
590839
167957
576770
58470
329937
330522
341182
979942
6436
835687
651730
714571
969425
240171
456265
556047
937752
722498
98728
323282
394324
415513
372005
572873
250230
223971
235760
979706
197433
698337
324281
795285
70112
57499
427551
209945
5079
404425
9586
211462
272765
577138
663106
763502
718465
792681
386339
68039
340007
176359
810621
720994
880716
480376
478061
351510
210866
370385
773534
39962
996954
217835
81315
329619
657841
371228
743354
772754
473344
348534
350672
631176
988714
894482
542211
833977
76253
848093
796774
462191
475281
500618
297250
637822
330331
843945
540025
338633
160451
230455
215480
986265
584064
30115
577566
294991
37013
400133
261081
407125
307422
57138
859255
211156
43676
786605
519142
565037
5873
888559
9364
719287
39480
833359
101635
757699
734553
650487
781018
994486
890211
552380
880925
949161
495876
470223
658077
984764
33671
47033
648437
776475
394881
713020
561278
442457
74028
799846
839050
775629
493517
129427
3879
86544
653555
417481
339723
818295
476332
666844
417705
615925
169613
206481
52490
922349
848553
460620
896453
188759
953101
965207
697592
209717
720365
128533
735641
200499
639030
700680
695421
685860
575304
251769
45500
400353
387913
839220
449825
852822
830993
969070
87553
808180
41108
239051
449502
972852
291393
420083
136765
971664
965183
973037
389389
593280
496722
960192
861544
851787
702538
875650
715614
211303
700544
273780
615601
813990
727632
893750
728945
983296
242910
374963
866342
281116
732783
956151
556300
607921
755631
329714
211932
339260
733672
54006
788480
829957
524220
7163
828700
555826
591902
419685
928750
982056
73681
673396
937087
296466
562741
643811
992673
490582
847215
321418
586547
884600
293895
601171
62482
97790
594173
672987
239278
924512
107188
273234
115841
621405
274171
968535
161565
551525
317204
152693
846315
694163
359736
313319
467136
355997
358508
183694
455111
547014
422260
490801
405550
498928
649744
470339
458884
182230
528640
121426
243308
519954
77783
673736
595800
405305
55906
107752
770736
70631
242277
248587
928458
639474
696244
161014
514162
238502
408600
912569
652633
296418
228377
101195
131845
660771
138510
794805
26110
143591
23197
915875
256102
87153
93580
703426
239959
625559
45412
958368
874734
734268
24294
514793
907210
756332
2710
487783
993947
818344
149022
143618
945616
147840
143013
900453
196572
214413
84021
187564
548854
676330
719253
763389
892611
879498
493333
98084
739592
930440
588190
898577
366396
947800
181185
436226
847424
139207
191047
866062
92867
32236
963122
576917
694397
39949
380211
435761
515215
275738
456106
839934
753671
482886
151522
487691
969590
388478
415930
37835
908463
176141
524156
577512
618820
285358
101282
84603
192349
596577
74063
3628
403600
963751
406467
507094
659335
857161
542084
206715
599587
184958
498811
104010
857837
511725
764131
989280
673665
887747
540659
432987
597601
212313
928063
765179
432839
715746
62329
139394
87237
766629
200349
90990
880167
689296
555382
683366
921101
973509
580886
109062
278191
436062
920145
58475
369889
551307
750312
620664
983161
612949
115801
994177
259925
289357
737733
74144
403935
727538
676714
195321
775590
229244
98402
938412
513254
661959
291611
927359
386824
656654
11128
243322
182558
773403
776263
297730
294258
5757
257140
25173
608238
762856
47398
282980
553573
511822
718037
134968
595874
271182
403664
550363
441415
268072
530927
720617
923586
64216
521305
437442
193983
887757
724899
525090
904739
719326
468619
535343
648143
316717
903409
71333
988877
314973
831617
679226
877637
323144
709778
349623
364851
118627
208199
85236
2543
342548
293835
787152
343063
919496
88990
530716
322893
865491
969777
60079
970832
496785
487140
722007
219659
616676
792448
611878
965003
150771
679967
771973
628599
479308
7213
197309
651685
619536
35919
732401
911359
539652
699693
685791
561632
225500
127420
448636
923388
999497
474858
112700
722206
442576
279770
607281
325175
463859
989499
242880
273325
287602
703155
20761
297096
436921
386864
356642
26293
225494
735702
441154
860813
997114
450596
828093
730164
993330
546673
802658
587912
566220
271636
67828
447363
665787
840146
692025
530638
990658
592949
654003
805724
884580
83160
11301
914067
736329
79260
53264
431432
704488
643060
820960
211098
515232
34540
888426
961784
262894
103769
856579
998756
171561
711798
107453
172801
985802
814507
842045
336881
958743
723623
898239
529315
792965
659810
50931
719903
593627
84103
204850
836740
568180
735256
183873
64358
153739
189985
986325
124063
924249
686450
448821
217885
520200
519632
380070
222528
789787
910165
469468
15906
408781
418590
956268
697503
941619
347738
33349
112216
424663
486696
253985
475988
590896
313
545777
819735
418043
726143
769649
950261
7438
552382
617572
745101
348545
410905
338836
418761
552881
782359
484921
939481
981917
695731
670038
531057
5456
20317
752739
320082
272921
159601
529374
823553
144416
262884
966487
517939
149303
387001
800603
624493
766374
450102
426894
920664
817864
466224
7724
129914
204817
687038
648588
816714
558288
444411
475827
990770
896812
550433
524313
707805
267716
326426
524194
397151
970871
463969
143812
346627
790655
954540
680300
732588
241821
863382
19304
964159
296038
255937
291650
422266
972855
676207
378736
945157
321051
370021
60671
404500
700728
875116
625798
683222
225007
74711
477311
979813
644375
773171
622665
67793
84908
207356
222345
727809
736995
962180
911895
965259
999373
192231
28290
794798
709084
207737
825473
113051
594478
596807
905900
631642
514196
147534
772856
614594
188857
458679
654195
231565
426956
635702
783144
672850
90413
184815
434900
496021
735825
555224
605050
233426
589799
316837
358490
407684
709790
196129
971829
433558
980053
722790
641868
299699
541540
669777
723344
77729
463328
612864
266203
222024
926
321430
511067
142217
958783
518737
369759
956054
605230
396199
95733
60726
179725
604729
619425
892781
550568
915753
926516
637533
109977
29067
292305
286237
761778
877265
360066
16790
373259
780807
394939
474699
460927
232067
81727
999220
37365
707741
417581
116588
972968
137646
263926
246725
419612
170872
878297
348869
86028
125387
82274
108568
46703
424113
685369
476011
164879
685270
945407
450255
305207
941127
481554
860487
637806
614204
73111
64791
386899
75401
743451
45166
468216
402394
288312
355866
172723
521455
523130
13392
15702
41287
529377
424799
732753
163493
2610
285260
151649
72316
1313
603070
392450
949783
207465
495821
684324
867009
896783
310630
95033
681964
397253
855829
375300
815103
549363
901671
457529
312852
677489
803117
954399
575657
493583
567578
235213
604009
635860
838576
686315
102371
11236
969260
309206
987655
996867
732485
859440
229878
873420
835744
37052
549334
486707
540347
376557
802869
181868
781128
278199
223766
308979
761468
564882
204198
281966
107188
246127
637440
781849
778182
298632
273167
365320
69489
976024
740443
536546
435657
951297
569920
572205
318694
101208
110252
596926
566106
786969
706748
427693
520979
372898
319384
422674
69239
22342
948251
755587
529679
128459
607356
533903
256999
373453
827158
910067
435633
54423
659157
457404
460749
308735
829968
305126
400891
88068
662565
104528
71427
929296
497023
610897
304896
811230
714727
734286
453884
854609
559628
964433
82287
937767
499353
102131
180940
252621
105258
63701
281215
272717
923800
948472
41904
583619
710888
916233
911278
684183
993640
745204
354939
323970
596698
939674
764866
560325
223798
707989
849898
401141
370558
784312
959679
611759
977225
781080
653304
948331
551314
363928
64995
79919
973449
282417
542175
895776
194783
339667
548295
838396
553403
564377
234125
73913
192688
422890
563358
981615
901503
629089
884738
872359
811833
32522
1507
747709
402234
132589
193703
593058
339185
510233
820641
526324
570683
719273
745876
871946
214900
855422
519412
227465
22479
242388
183637
771719
925142
836959
472178
130351
998422
55303
151068
523992
528589
824115
588354
320751
702761
915757
154671
611664
384524
711949
570686
679204
89623
404074
474719
307987
986171
677863
713110
329047
842867
514214
343862
205931
589792
985843
791054
392920
754438
779523
755889
565232
914022
447474
646831
857279
56711
487031
104123
292330
833647
143894
889417
650519
480165
560987
412541
806159
224088
924490
387118
905368
201427
355643
206071
84746
163582
232711
195616
359081
843311
652186
650594
494465
13157
803139
796853
122685
117334
184182
633438
166442
970407
2981
76184
285014
399701
55366
902357
260518
439713
114551
26573
268035
510644
843186
844409
243326
852040
187684
237505
715824
402738
70542
950398
72869
504157
909999
560400
772546
391586
295682
45584
809671
995366
927170
740229
364099
624454
274327
712611
800766
557768
986984
371455
517770
954691
876230
519284
563893
836812
264687
11415
452897
40582
819544
12326
225826
488789
823966
849098
188893
381149
835025
477176
492384
419458
46978
478299
965787
274798
683445
743761
852469
566682
807078
924428
499814
180281
543659
653496
633104
669511
571989
615586
42842
190726
695768
484111
979046
595219
43038
361746
211972
971441
324262
467270
806460
887262
344860
340019
856487
539493
95828
124478
689437
618797
61071
250985
33833
316478
376852
883830
844773
320390
911746
146245
881614
289843
802349
686156
879278
405274
972055
401901
810819
26840
65858
832592
814995
637763
705377
874791
929955
750359
678847
758733
423374
193057
66621
194363
297263
327780
351047
819336
784404
241254
530457
812795
988134
958100
867316
175038
199277
428247
749540
36673
749931
493788
204343
709443
613990
443701
709183
611050
152425
151593
465528
623046
816148
563514
978002
799089
738188
418609
873623
910867
923815
173764
468488
85291
548050
869739
410223
377765
587561
347030
245953
81293
808421
184138
830818
675373
258976
271840
883029
631136
506330
844210
62539
306078
255217
948089
680232
829261
116783
944992
205427
643771
706830
500436
100770
897133
705568
763234
799946
611830
21930
772078
991061
911262
896887
398706
78420
983072
719410
269112
650240
722341
941678
840773
561442
475215
787570
602721
861512
719697
892559
572200
697525
335400
838369
346356
76107
645848
613090
456581
935349
112336
935625
680120
473348
860632
26219
989051
855256
995114
522394
973265
273174
973241
386311
288202
967482
2256
266817
205558
778419
863861
86476
826073
498988
110253
961447
594690
139933
913647
571471
672373
193558
516639
803688
328055
444567
150087
490579
259203
411811
194514
43327
198151
478708
625648
314605
652070
550603
108628
14777
834954
228960
829897
561454
67855
220061
470096
120241
798392
136692
698630
863953
427541
667239
152353
473091
107260
980039
290475
842081
658589
750293
692359
2792
139431
737504
222639
376722
853411
528706
392932
882304
692372
796656
986241
540769
460666
972252
446139
859137
125172
948159
52631
824704
535008
174598
841334
619902
529643
381801
987351
204313
349153
498452
648077
892448
508847
665088
343414
892216
884370
630997
680655
96875
274905
760679
947153
434111
577017
62090
799977
730057
496125
369629
446290
988000
755330
915336
943220
776600
970032
785041
709660
222318
462476
210714
958153
397287
506061
757922
323450
924946
105345
681859
799054
744075
369204
719966
876991
280241
573057
247855
388619
730177
691072
509784
376050
421352
654990
210563
701796
344481
622274
658222
178955
620131
500383
666567
116416
998289
632493
53198
10015
548643
728007
520047
652957
276546
108237
543592
177241
354992
50398
602054
778245
274413
659356
686746
188707
392250
287647
645889
866486
119305
403574
30044
694374
362711
958427
329189
34860
68889
774545
881246
67795
100273
173265
215282
765200
19537
840579
420246
884533
690359
810437
460643
459174
524533
840344
292745
649523
711286
983542
555230
585698
56157
456108
383516
666305
157063
207403
370141
255647
626901
965884
910950
811369
858557
572163
559645
546387
487114
976331
111820
905145
114943
180735
188393
796582
853107
405028
441873
253751
162299
567288
257731
48569
838657
833519
633926
444417
881156
76108
466093
777499
718996
372935
7685
535727
808765
536460
150781
100751
45649
479428
381573
242494
924412
117306
475344
454886
383976
241149
454850
938664
979324
643310
751407
775411
469908
59444
553540
612449
346022
352191
581299
199486
774630
679861
951331
220084
121107
803666
237541
415452
640172
756372
488309
984430
149548
663704
533904
821447
605876
393955
949544
861356
929909
210868
331673
289370
93171
371734
598593
824783
43625
840299
575465
39375
251646
52224
179100
49194
86836
527201
624687
855370
223777
545760
793145
820281
772898
885824
532547
596448
893822
391739
562003
748007
962162
250469
126370
911262
675129
930937
273256
677006
189266
533466
53001
707778
674466
563854
199066
525633
494839
501942
693552
961375
295605
821349
156850
437823
743408
204885
153329
579984
795717
313204
340556
599915
660051
559077
322265
183911
566532
974990
978849
16016
595295
407070
947325
73338
592385
142071
577520
228086
63459
855136
651779
12183
345836
430813
248631
233721
121691
642503
738947
158091
975810
909439
809398
694289
100536
412176
702573
365285
46666
958078
911495
743604
263585
33683
780174
399909
901465
182325
430860
468869
737356
356732
199045
603561
269451
713077
865129
669626
142047
398242
827389
810213
597440
657381
3312
478895
526489
436268
251146
945195
683780
497690
15473
85769
79978
44408
162823
616895
457522
865887
524981
494375
415977
95442
528225
176710
231085
240334
782928
285396
921273
804704
696417
647214
854622
731783
989275
39783
210796
240203
360062
383186
458040
276084
669104
943947
651803
343410
911936
351275
455971
245443
186255
934174
106572
194560
148110
964311
84245
202788
465473
924682
755364
636891
1276
448988
732257
860982
574669
171419
92775
664769
505300
735518
938511
762840
701394
83027
157572
369144
363437
644779
36213
980724
101297
161727
694584
166628
828055
738172
613434
93614
115297
519090
811315
734205
14407
934418
861047
744530
278612
989805
134599
954220
31461
410135
577652
106582
428246
872339
274820
194683
676548
167010
114538
447824
60893
828638
42280
857175
651121
844300
130065
107393
203774
164535
57627
828767
292335
627095
495955
103453
20214
928126
157609
472557
65700
192412
322989
214880
163615
562187
321818
417507
574095
865008
196321
90145
702125
532326
610097
316536
660306
767862
502561
141389
377369
585785
666150
978534
959212
590412
391301
237791
973464
454066
837826
135219
545641
677312
507546
133445
221908
708610
916907
191092
685749
47926
444612
556485
855273
197858
942913
183366
435271
495307
184187
151817
299450
546234
206051
105781
152462
397919
662231
927500
773543
681371
124497
198105
815732
312153
776978
113932
911513
960542
710257
11578
649019
804180
783065
808241
505784
878911
719621
950615
649919
610319
7152
553551
965395
76649
240567
707050
271018
48356
558865
293771
575078
237843
184288
279399
848232
388881
970038
879289
177337
266560
629825
581181
938193
340955
699537
836273
101297
221308
893871
340027
55900
174439
334061
399861
351541
837148
325914
732029
710117
226109
241299
485093
436719
280297
502187
726639
594041
313874
76529
118137
553294
250233
618590
724672
822968
895102
363105
613011
506758
308974
553360
748751
464738
514795
818415
88592
680398
801868
157936
190482
744257
393513
420363
765044
577952
767109
393881
231040
684364
108074
62950
106350
227594
351408
666262
270767
286444
770400
596410
535414
97560
785614
372797
416661
66879
822341
819605
530925
648519
668072
387874
713740
223611
104507
202357
648702
744366
519239
824121
597473
895420
211016
73602
28501
589231
610144
460324
109502
133947
9664
299004
764723
246724
849840
600596
676185
642711
463463
459074
625273
815370
815327
737052
501023
379904
423636
607274
172773
901186
542567
704333
137077
430982
988206
125464
366524
331967
264067
918549
607847
201630
396834
9925
625082
591156
723926
158261
931949
263388
546308
945465
360672
459496
552538
442990
200654
197652
25567
154039
296044
481834
457739
819688
257
810408
358020
201634
391108
637549
922473
455796
176257
941189
760148
244767
935242
246902
489315
433168
624234
862884
930452
249635
428116
462380
952714
906862
829605
481580
488408
4494
484780
746081
670611
275355
22088
958653
303298
126356
409559
945959
335149
102929
83509
652607
242382
596446
348457
329306
26215
126681
577746
705707
505338
179907
562
648271
93149
30164
907796
711705
121375
147041
774720
257371
438759
31771
177492
90854
356411
875436
165968
28237
113851
242920
777439
590589
842092
7519
646267
213562
859739
211150
588528
321323
957481
575114
265166
545537
808814
344560
464409
932835
662286
791219
514516
218343
79920
517431
530853
598182
691304
773127
767353
647138
74702
706116
597759
562678
237979
481962
375493
11661
920521
510432
269379
206456
877964
307812
455556
295507
127335
594725
184139
442522
801261
407373
204592
926644
714768
832579
293159
200372
343478
111369
232734
504491
707985
161536
956363
429494
860650
799047
471938
447542
129019
364525
4476
996225
685138
910656
340559
944419
98851
996931
590141
762881
828063
100819
865091
544460
367469
56531
61837
181763
964430
965666
764286
568449
978680
50574
614737
929976
28028
590316
8419
636348
920914
573871
605368
2318
172690
487690
623389
624949
205318
598047
840664
997690
758568
176915
811776
547175
659094
386215
491066
70581
273268
961866
861564
188244
271488
968271
824145
610641
330356
677108
317934
199040
800043
754818
109008
229157
41651
356569
250349
119831
543114
354502
340790
415756
504106
762485
132545
691134
325729
267692
133081
126033
116949
563966
679134
127790
318786
276891
455163
873121
18672
844041
822530
49146
474727
556672
580166
639592
25937
157772
420882
193424
859641
397533
389205
265658
303761
573770
440552
326197
969135
135988
697992
958039
784438
211908
552915
962342
765791
265918
211275
344422
322807
573600
796798
463735
467724
456365
987513
588627
567170
502596
219297
238495
959432
697113
909157
407270
376952
138808
446598
853470
400784
316726
759571
357139
493694
586536
872633
85179
271197
230589
649140
604997
490099
858173
546880
511605
548069
727810
62772
243791
293323
312946
953202
58867
926184
413904
420695
877484
564405
469460
231222
686648
470738
991725
633430
825418
254468
294282
837133
345436
440917
24092
115277
86343
814353
568799
925069
902323
180554
928331
290208
964872
939862
228387
975423
430908
436106
336115
321944
663652
313802
564214
955051
224095
710435
687992
799183
579964
470378
237800
394717
852711
734775
508231
644660
97614
903277
390183
228534
515170
485815
700781
527569
907857
832372
489987
378920
805900
16010
122486
588032
87981
541037
850923
270784
334306
185936
722086
135662
551839
290609
964501
906269
303236
318613
493479
848675
513208
295026
216362
798439
443555
539932
208905
912464
590038
711992
207239
7841
398945
369323
443825
276782
249185
101060
289628
23639
696484
970369
646614
883471
712109
708358
528526
497760
14610
640135
563272
528940
246861
683321
271367
389706
750923
97111
762994
781689
756083
469465
839883
745405
560580
431561
896494
705886
215132
14018
174285
992398
904436
920112
2593
955385
55123
925310
65618
47390
363419
93921
856687
630920
699053
223192
321119
363662
527960
797825
825865
97836
420400
765599
221125
91174
873357
632801
957275
342112
927302
721588
987061
827290
819580
86584
766952
322383
963042
164916
921388
605917
573
468756
957616
130620
903768
334553
351552
883954
845923
735623
498249
251675
493801
989651
363342
984004
202865
94386
840639
498934
226459
832126
895502
383884
411350
652057
768852
266994
345671
324586
976788
827790
205435
951097
63774
345134
807003
976132
954517
960298
644370
33655
310012
929067
131114
774000
642512
94237
346738
353915
648028
982286
652915
985697
840298
637862
468133
755791
906016
496513
168898
924663
573751
731707
38273
365656
756350
150790
719329
839847
538703
468430
482727
73612
319973
803276
8072
663326
692990
352166
995131
452900
669215
7673
49686
116105
46352
600895
987585
484513
410358
393042
571877
941579
647798
323853
703598
588703
992726
779001
471323
846938
525474
326023
925362
976126
666354
341544
79016
435191
869991
865068
474670
926010
498653
577995
990078
88225
890377
902473
523415
397060
829133
308726
624023
779015
308698
770498
555239
491159
66327
288874
369419
501174
813787
881765
388999
627380
110761
956813
212052
80969
79389
326922
69558
516364
151546
364103
602323
194059
305172
880613
44025
880942
384097
130690
486754
895663
17841
700852
767426
539986
582054
749781
101842
551844
195557
409180
334228
442606
740290
430306
136145
971225
22235
329284
129276
480739
61536
363907
760514
644825
422658
799742
846718
193969
821362
17863
77254
382494
966111
618544
77167
429256
648415
26183
901991
669162
184915
379651
882667
792805
241351
77436
718745
124551
204123
137873
667654
90666
552055
323678
23744
307882
158503
741139
214012
228927
197328
837984
822201
642548
418540
133697
478905
782845
409241
659444
149824
761226
231285
180611
194792
749136
964304
824721
996863
344044
274231
119062
959985
145508
405406
463289
96761
262906
539530
36134
390958
36967
490551
196135
684499
979299
514359
622791
158344
807171
79031
886758
259298
529214
903684
412738
852487
584694
381630
924830
906639
976223
235058
389509
961290
811190
565945
812356
401421
111452
233924
603884
844878
491257
900961
885255
402835
366981
196797
3422
644732
61535
964738
556552
851009
760039
342975
250101
823594
142624
918595
639855
236587
962339
442804
544606
777212
675351
560684
3652
805020
433529
219
783339
228226
158223
954219
386169
449853
682512
239169
375282
122399
623192
195020
81355
259616
369544
466670
940350
51535
37303
858441
701505
577579
778962
245601
369907
746916
673339
422153
497034
311423
945132
350668
955077
680276
287434
679695
680627
203810
711782
622129
183523
255406
916886
800007
782103
793352
116493
344701
733258
440523
753393
859733
990554
813809
215331
705521
483003
705433
552791
110718
414846
420800
186017
959149
778986
827147
341326
692310
441348
355787
433231
738394
366067
710988
972531
10622
612784
542360
519390
531831
387441
384812
281270
27600
218627
645257
303270
421546
718366
53727
819105
554195
135632
488616
553420
367660
917152
715306
179658
388782
907301
606210
357036
777367
95893
327086
949397
638046
272144
462333
942076
203850
56164
8916
892278
229977
923419
562856
885011
468933
64594
265867
239936
403358
892506
716725
537577
511645
35141
33660
665168
491316
790090
454554
257700
967091
318406
182726
556609
879148
601375
299301
640623
493591
2647
465392
261198
335811
154976
607411
590318
469323
970574
224209
730258
243473
573716
78962
284959
796055
103057
448072
769678
384893
678513
689408
789243
434922
858382
291093
87077
909641
901171
924104
841893
892548
289935
405156
778656
424028
257108
59222
429383
786678
152527
703944
70500
98845
171143
668908
250065
86830
218930
192733
215061
849460
415909
35743
536573
260349
644592
503770
429300
237298
351132
767438
427864
170716
750495
369852
200676
829374
3038
546795
745060
45605
776135
723079
544177
379975
708545
348812
576976
294758
485371
93018
549155
130339
363491
661568
187265
815315
843492
796691
43814
228353
461638
708916
848177
79219
831610
201668
333982
606024
215391
721593
997450
534180
270293
275412
848977
590368
294973
31438
524678
321048
301906
448131
32940
322785
395548
535966
616725
764422
530756
754
516527
180797
72991
354867
4373
132672
5112
58522
235685
121348
317678
229246
892153
673421
352545
737956
876239
623671
640926
877148
414363
827604
69874
522983
284927
127636
938759
680329
275222
795578
911943
43613
764945
413890
809119
922734
63688
728123
935267
692934
639946
339461
970762
173426
621893
653450
326965
297042
227784
590212
585600
801309
371475
896855
453997
262826
378243
365520
199995
544633
934055
245956
942227
728452
292646
702228
934910
591039
391720
258827
13500
585939
446851
95088
8518
552988
66982
936036
55123
371952
575092
168094
137206
487726
870065
472072
12838
194422
572591
465377
479996
227745
585
218452
934046
234377
158036
315065
522803
122746
667876
406476
598534
147055
960211
225659
982750
852415
395981
292992
186296
897769
815722
547980
983670
148465
803801
599068
631836
532410
887274
148552
288992
990590
51316
122645
593897
407708
301484
869043
851318
452659
844228
673132
487543
587667
414340
407442
571501
79880
409356
108089
811875
690115
554984
589931
621846
215057
646365
742266
564566
321328
390442
607147
687719
4889
401766
221463
907763
198244
700348
790242
100044
658788
27696
96143
805242
180419
998069
659434
800548
358588
300809
523680
10944
360459
424577
513946
398587
488104
902171
262453
968514
819322
270189
676913
419862
539788
78276
779250
598684
99874
351814
608324
122013
574645
125686
514161
25574
20495
595029
80380
73450
967203
940641
363693
132908
544535
797067
468815
808435
260393
663608
782067
973892
493453
220889
499987
962204
232746
175793
501511
394736
45132
72221
572708
47390
606577
838626
273132
680855
102810
384134
292564
451706
747720
452347
782610
612715
589719
278980
653003
778025
818805
518101
580505
11232
267733
503711
881468
172599
11658
507847
721346
504325
859398
456657
626369
343249
218602
867617
57715
789855
138257
943128
916800
74958
144016
261221
820734
957227
874631
783323
234902
12030
807574
602467
869243
628903
375018
730632
835736
634483
542596
337860
765050
471044
675742
72909
513700
717026
125975
413899
32655
712816
314490
447477
802709
264199
960080
353276
906969
553570
233108
99201
383416
272657
983399
444591
762266
118496
356142
675236
450737
384834
235766
53986
782733
563131
116255
453486
149884
163177
497506
666319
845916
355857
116679
841153
953318
386240
517990
6666
58990
150727
600761
151492
693937
406556
790071
60102
230332
137246
733467
450636
78800
388427
181000
554069
99428
439727
159603
695666
600904
514618
736822
489201
588787
167572
737818
564643
155368
182420
684867
433988
949094
548401
392386
791909
535319
33683
541586
354118
739484
112877
720988
148627
471977
167302
793738
840977
326547
533232
983745
803685
867547
11654
305503
64259
489405
860098
291656
719744
912078
162845
546265
319870
153754
463172
435849
734442
265391
377140
322613
587024
643123
176802
449716
510869
973402
570710
894851
625773
569187
728315
708187
280846
895138
558175
955677
130205
860520
333254
764901
456304
953930
428990
482730
330330
984795
176892
106092
850313
29085
143027
630853
747336
977534
771680
289547
656954
504054
324478
779707
860926
678183
36399
122260
293395
770788
954399
21643
533258
797626
701258
117421
851059
859147
958946
648262
642727
478005
95556
846840
972540
292839
910237
939516
446254
104652
920358
663285
8731
826449
95424
975227
438241
806407
327127
207709
231487
687408
161292
625943
690797
681933
549006
177978
293134
934214
675051
649745
553840
496772
349310
32936
143127
602726
205182
173103
874354
1770
708240
525250
445228
595198
489879
474112
415047
373877
489984
202202
425366
950604
696693
386609
52180
424690
823634
516222
590350
83129
48596
190672
759277
22320
25983
179279
217350
704525
292875
161379
65157
942037
32097
587057
836445
215197
909624
762569
300945
435951
661683
595133
567088
448078
115232
476714
382809
517866
338458
261851
818862
39890
35900
617409
9670
569128
400676
281979
44724
617337
824918
485290
645319
427432
654294
631897
666547
543440
89595
668604
560415
734554
916729
540087
72486
695710
30178
641013
977452
912556
401277
783530
815030
357910
388693
905681
940106
276700
145343
177928
246774
336103
453665
406863
669529
359622
473346
909857
557675
297388
104354
178070
32130
780679
633269
148744
431508
17033
244097
290270
94404
979698
424546
740132
530822
470306
495079
379479
950828
174866
391173
158733
569360
392299
130129
891102
111443
331679
838857
706252
41505
299883
605764
860564
436083
770383
608258
438686
754068
612433
538232
311424
513834
144240
243937
23071
747696
40495
220863
886158
578852
569416
68640
66140
526048
105977
98740
288319
732434
30673
871879
173265
357729
756358
287371
508764
763737
57304
699088
588779
107501
465266
429463
668883
72546
132021
747989
809043
773619
312878
122345
256599
34213
977969
898869
761442
815890
686212
799513
592552
107205
155099
498742
619488
176397
638280
32533
413543
100291
604587
116380
647204
921510
721594
142283
274859
144749
555862
740563
569589
692295
988959
594668
814868
40692
485154
901965
65301
226533
866225
412094
417137
688831
90978
816952
46623
645271
420189
87718
827831
497394
426470
801002
873468
575720
939574
888767
113594
942299
980064
238943
710279
583802
261488
540188
784376
889188
85667
526499
720173
80628
735766
634813
604763
250824
709209
569196
771023
269932
427798
72475
417891
906289
937061
501260
284294
286264
605698
45474
625518
451624
553254
173217
974450
282053
962790
174821
189739
230978
779503
486688
892642
115169
46870
3665
148573
969638
561065
968252
476584
310175
360546
964002
709432
557483
715621
267917
340603
352515
23923
284342
89145
15727
743912
849783
394029
22440
859880
264836
867310
320570
665855
660634
955119
830746
312760
604766
196620
727708
749770
303923
821262
469675
776594
539971
767966
178925
518323
906044
971630
657385
135833
87609
46771
183529
739431
160584
83227
966527
764110
380997
466888
22240
876351
399214
88101
45506
293610
877346
549554
908128
489684
333169
813415
110207
828821
948259
989829
71086
386382
892291
541873
979246
15499
414454
742214
689589
11449
417754
212528
905966
443791
614019
707275
777272
747447
979808
611013
384708
509589
556202
966856
725065
968404
996836
905711
168601
718537
870185
93505
916326
103325
641031
776419
929169
108343
197852
824389
851716
933040
122712
579671
575953
913856
999450
403031
701510
889337
143399
420055
83763
628516
395033
32310
958662
830213
958934
852450
700869
15723
889775
796210
663085
995574
217907
832140
125903
12349
969827
357137
690045
905748
182098
396936
687354
533443
662911
745064
5424
815747
265626
95048
891730
319409
991264
4781
69856
539267
441190
127283
779935
484966
219787
927957
129100
349243
868522
668643
749082
175663
363293
313279
293982
976086
142857
919075
699956
570102
750019
688278
64285
513285
840398
966555
642683
796229
967325
473812
546626
919094
301656
576977
433347
258359
916875
230427
140730
17674
278655
901774
244553
393063
534562
71283
58543
507148
263537
835851
176334
305046
992655
456396
607719
569387
62733
604506
83697
913072
558347
369939
825749
429951
443341
326217
482498
122552
477799
322871
434517
236153
627752
938984
349955
460601
249896
524998
742222
961010
737173
196425
407310
120348
864378
152044
12949
781362
831224
955013
790212
32225
750124
182614
620657
613893
636594
631920
891796
220450
204037
403328
51760
721525
368173
505211
588056
980550
812831
223112
143434
602555
283401
710341
355067
710517
196531
387468
712100
777309
561590
803890
187872
784633
422144
515245
32163
637713
537318
21440
761805
549206
357025
624432
746369
691352
915181
369784
683083
995936
158524
280502
728400
355878
984924
668062
831618
618921
289646
762199
463276
664849
983819
716871
622636
564790
484817
532141
571976
741612
91998
851511
450462
254140
624497
401876
136547
974973
132027
78032
670879
937448
246945
534173
638706
518758
809163
332398
586469
47951
107715
896098
822959
982354
390913
723067
539746
377670
881925
847528
158040
678817
838197
946433
269269
56597
146690
461010
139412
908590
842258
648287
931631
147429
15305
238015
571229
333213
663669
39932
817046
617306
500373
199632
441194
442396
546829
798670
583629
26642
397219
689478
322564
240984
105712
557173
42081
913703
784777
90705
174209
570804
893055
696049
362060
941944
151590
623269
647402
778808
208055
834103
81183
845556
808303
368422
85321
330239
224936
441298
36314
379473
960720
164344
427525
848505
210626
217462
718682
263753
448506
202722
873711
496462
227063
67752
13690
622716
923884
879327
50470
12903
566274
893622
406988
354742
787045
70830
571774
730987
36030
838076
268931
862158
11858
498186
391014
170795
710272
64713
99419
203206
493021
565598
67728
151527
930200
536299
111740
440742
825084
822364
768704
895388
742851
364270
775074
950182
856927
872778
76887
816080
998340
553814
430181
177644
71656
852153
901857
103565
72332
15851
977668
260730
454826
311875
26287
456373
742653
79027
885909
437524
937204
577270
308683
32568
12309
633644
419142
536122
359263
301005
446436
455481
733150
310416
564667
543239
378687
623157
304817
338425
526944
948326
524461
429538
258541
963974
198089
753419
418716
45886
240941
15900
842015
129757
180198
214388
