5000
681658
383498
371238
547112
523246
450040
445665
411608
784481
26394
75725
629015
349800
509033
7045
907570
683791
349271
13210
753805
70972
712014
110054
799787
836440
754938
140548
520278
489764
500377
677756
664346
165329
671731
984082
114146
329411
225980
6639
875839
664002
674068
918310
271517
263471
975464
451929
511914
491458
805716
191478
721114
829578
850510
889142
292399
344713
650664
195193
194799
62612
222685
162602
391941
465249
892247
862298
385907
222175
443687
511919
658951
706897
751215
650589
659594
234101
870839
346567
693349
482288
847474
866080
459650
529687
656171
482034
380321
873986
271116
954554
785458
318993
755452
875758
22558
861292
543888
325945
710228
757196
926253
948792
589930
802809
923465
320625
308910
567700
346823
359201
230776
13472
50801
138547
480823
113048
790188
573345
373094
963480
925270
281700
92561
80571
492207
967684
950125
740070
880325
984374
423085
865003
337430
950699
146386
885042
458634
707825
937018
657287
764097
264971
314327
677154
624720
821393
317468
162049
85669
607754
6131
785919
51578
683773
55360
357917
403848
327784
724066
833843
867983
466050
613598
338210
227246
866284
483940
158525
291807
741674
754097
284863
385970
808249
874390
919272
834413
407034
171369
270495
91575
447419
628533
67517
288610
803894
991907
851610
459755
499503
84640
119677
19386
415199
52911
772455
608725
551468
257972
252850
708266
479770
373272
641562
855712
753308
277708
383467
518479
693869
877437
855035
836623
846247
898967
403437
292665
792119
486465
974475
565326
529307
738365
576464
575696
715291
170856
588606
966956
752590
939391
792535
23576
381024
176071
366934
203674
37646
599778
944657
156221
331347
579515
967276
710206
683246
861839
561530
148837
618928
434648
628759
2350
982012
566045
352477
748828
29593
690324
560010
252775
627438
106574
281958
122193
370634
401936
191601
22284
721000
93053
424072
469834
231231
857011
646297
642001
475155
153317
804903
389234
242780
508725
935777
123405
320929
496606
469757
55129
209408
83814
141053
601285
513129
490846
37755
686486
281170
916811
994524
381976
681806
946745
667956
368881
110525
740398
989530
213129
313655
138019
23947
291963
925573
856423
873708
59686
950497
116593
702256
321271
819983
548661
55006
802471
22648
141894
206380
59855
393082
328128
552226
193874
848822
573287
653433
716245
250888
430571
692626
694360
319267
702267
67889
708900
550728
442232
629770
178729
429423
714465
298214
476326
663353
713925
311592
994436
133385
649308
379778
106302
352200
923667
742121
75384
580453
478835
335443
132816
632925
778605
865940
792058
274052
521263
946883
292706
905312
799312
62850
156328
887009
979296
941751
995957
266681
359064
131350
816182
69764
719515
587350
379028
853540
342082
437784
430760
432161
251571
41615
756750
240871
702021
854816
649950
426458
641324
949788
806242
859229
920836
492202
74600
813368
449241
842007
859201
653724
334921
882853
952418
11168
887276
307641
774065
182640
746102
451101
162953
867064
428686
57933
657889
737392
419274
366532
86915
599395
301422
253477
777865
265884
934130
566962
895224
675589
543317
628715
180067
274895
453866
593419
748378
353679
748069
223741
575687
667410
915808
302206
296219
364891
983093
910017
64376
39853
2141
231014
454392
145679
809271
815779
114373
888879
743340
980605
652875
472227
270040
466837
651177
43454
739806
891455
237853
89698
666095
389936
530617
489797
997934
72616
33479
995842
922258
250963
488260
127772
998352
587314
256302
670083
773180
908823
129447
198270
629777
696748
492087
714116
797741
447506
564207
535978
614870
749350
609314
184313
247867
932672
622132
506917
595097
883793
783331
992538
727061
203716
393993
987812
503072
359370
838024
248666
795843
422918
310778
554050
831824
81901
748700
838533
288996
977999
115674
977447
551546
521857
368521
819016
121420
768260
18743
36082
441699
601022
644148
387665
465059
890962
689605
684115
747716
117853
30964
214482
250575
348605
103976
693251
377998
683346
191354
726323
346934
334882
503897
518629
528522
786761
315448
761393
401393
375540
202911
176523
693511
766219
28953
294738
601061
143782
236492
529690
683766
747787
263228
29231
971713
6511
265250
425133
592694
155973
141690
568959
15287
735684
342142
320064
980990
82794
825089
334078
438716
467454
403943
830143
489191
527022
204312
621855
257074
879274
677858
517948
503227
768700
262471
565879
953296
809994
710354
864567
352556
87558
276705
292708
44059
574081
544400
543860
941449
469222
150710
31229
825361
953210
691667
878954
894923
199409
854535
802711
288303
601691
224010
891935
361250
76719
403155
320785
136243
512239
140028
172972
766988
942526
416340
834370
641123
275933
775814
605208
460233
798017
747469
537967
458216
95067
406979
996641
871624
890296
310012
492190
451032
784069
95212
400458
951951
785413
746245
757675
877799
9308
897273
673742
58305
624631
279800
938012
400486
150643
657472
41756
524097
474162
402352
384234
91198
556652
923675
499085
803416
542637
358345
389849
211689
753104
561893
922154
886968
253777
976441
379778
353171
745443
717414
320867
797493
603870
685119
169222
36888
589399
831115
5974
93821
423916
590652
357171
690053
401913
784110
835212
661331
860661
534632
942228
606811
229216
97375
514077
482171
188177
974729
15705
495936
737543
803640
64710
948346
942475
393619
294665
474844
985472
155296
925056
580078
159322
575487
691479
729043
91217
391980
487596
356875
689984
484575
855479
673072
315667
457998
251513
19537
412417
205901
64670
779973
693037
158910
425272
41032
886007
255948
408319
464161
469393
919465
509585
555688
811460
832184
260759
687161
715477
123676
202421
241525
221234
774834
152559
850437
465858
726541
976816
874236
49827
936781
49993
126474
311758
393899
430498
880908
661049
247118
364005
531256
335758
530686
12037
980863
826654
115
634556
623084
595547
684474
820988
583122
960227
795044
975016
683063
309312
970014
751144
306058
816359
316656
628554
883460
22923
171071
666865
970177
960810
538538
696528
278236
406066
247810
43683
393380
429514
982934
319265
539348
677603
797142
787924
748099
985012
413141
298761
217638
682829
100618
364001
988065
206435
557648
301196
454170
128358
167898
23742
329895
557656
174675
954202
665007
829919
479541
632158
71090
119490
880523
964379
199632
432911
669211
414698
902494
244569
125274
697138
12423
606513
894544
906710
35854
687936
549729
723070
323932
973909
682484
951202
530164
628982
906004
900230
748531
15633
880406
881432
600314
600768
956478
262341
129454
845809
793634
309290
994810
222305
771977
497599
875324
360812
828885
937899
607786
731592
434938
490408
705739
833529
658711
433668
76251
248356
350653
987543
519567
38033
866208
999450
346511
982243
718124
326676
959327
784282
751858
998881
128597
875453
446646
948153
275076
462549
975493
988726
25652
252157
668521
693310
125876
113128
535277
775368
469291
260582
900544
376078
41220
455093
392354
834852
321260
90834
849883
995551
769627
345437
664920
347567
933989
604712
746345
164263
343520
204214
593831
811957
391369
383151
730498
885587
530384
201725
410607
764887
733573
921372
423615
946834
397011
263062
992045
597116
238267
392126
156636
280236
80087
922038
905855
872204
866002
838008
860668
933353
718920
845913
549307
429722
215734
136163
387884
846363
561577
886935
295150
383207
371879
564806
929519
566368
19974
871523
824939
825889
903801
913574
392445
623697
523276
110354
702286
84112
889689
604957
816638
799842
128680
514831
697371
881927
672186
564688
162461
424764
290608
539328
602317
565880
482
840461
367307
268749
974765
36358
120758
188878
544105
117131
61277
872714
404810
2547
807919
762666
384666
398419
84245
161771
822948
205945
604963
632865
754723
770952
949412
323476
12252
517535
704340
247529
492522
720429
29774
520347
403000
197477
532636
130358
549493
420735
321491
32381
519194
943263
152313
991726
825897
418194
878747
268743
634587
652116
788665
333336
567895
491096
762134
118615
967488
754298
694051
464560
778122
697405
167144
278756
296217
881529
964129
842495
677892
584692
587371
373005
296329
594680
108839
819299
646214
217356
447688
295281
760290
654110
134674
249072
224342
394074
526972
593506
528499
863081
239655
730304
821034
858850
980356
826050
54046
905007
565608
61778
893440
303903
760804
596362
119766
502867
266674
20190
295225
268578
319814
860999
750303
651958
2614
99589
646529
791291
932623
485219
22521
835196
627299
454437
716529
269981
57471
201250
422278
85198
169971
760290
573239
935444
183863
337059
450521
134815
621754
25887
978778
74887
794694
525488
698261
942487
418710
400969
538485
734360
314477
366682
905357
838060
12761
442809
714563
428063
810542
300437
969340
225518
133976
942589
119699
681280
928250
331400
760625
339241
873601
409626
382496
643456
924018
209391
288059
137521
319370
358838
366838
450637
440223
554829
575615
118293
44278
146679
29693
345025
144397
459424
710390
526263
829113
134746
851210
870104
247660
653366
537531
59884
191226
533109
687977
14229
817090
683747
404568
915808
675231
747815
243494
4131
432693
23608
486060
217244
975062
783327
371848
82645
813456
83425
527710
578281
769185
154870
205659
321038
38132
362329
254213
623213
33100
360826
64824
264824
716972
25922
1582
972236
721454
193844
609260
64579
616334
998253
31579
363738
437924
793092
66733
349326
353942
356090
49170
611662
78206
722370
477175
698211
745313
228944
513251
923227
426425
819084
186205
172979
571788
559283
129783
70712
644231
139592
555667
225057
290776
565795
38300
47847
632130
211382
259684
169564
474501
124920
244982
458534
763928
100506
127387
122115
322103
703399
555693
862354
184280
275724
419755
767445
215818
250532
701397
232250
283794
190061
64610
657208
874224
518676
181440
723555
867269
311030
129595
854195
210626
376970
843582
350939
307544
255487
355688
327823
155765
950014
809411
252078
534420
440141
366878
955107
33874
996630
319639
216495
376448
827119
171567
905241
254568
398534
95708
924545
120340
708163
245936
326029
956474
770118
858725
199974
648184
75270
489027
591030
403454
23802
621162
972690
359645
598354
832423
683176
565088
653591
237898
362603
995732
140204
453752
900952
771397
138266
763767
319479
266575
464221
476715
962981
20767
704973
332678
876269
55591
824810
112014
663030
816611
811485
44708
231859
392194
182763
842424
848735
493115
350826
795664
115472
703618
842167
132774
688701
16341
890802
592375
60363
610463
863162
233691
574186
730475
43075
640179
269841
818233
543737
393134
349754
612556
456945
546818
140726
246869
701853
587874
71327
747349
765873
988448
587179
235452
652398
328716
645108
723697
106671
481633
170466
778449
125799
80098
731162
937004
833204
777384
795824
936964
203961
405425
147792
638076
508210
425415
743862
135410
752678
705639
382881
813056
623330
360576
236966
632127
444334
411400
237241
65369
291621
155776
948580
758563
517781
419749
239304
951219
304987
892896
943758
419806
499937
650217
79079
235711
310931
603422
54550
179253
183704
798212
369909
426505
174719
672076
333593
115362
356003
722858
77884
54279
444161
293631
141393
529617
213513
106299
280005
720486
302462
300514
53578
56455
385527
626963
742104
129300
19096
309356
846774
303961
600180
917944
371550
256610
804774
626124
74379
341625
195203
446139
123405
605731
156615
690266
682335
699418
344561
208301
917678
883084
975999
958000
536154
261431
517450
247242
358053
426614
810770
183756
422676
66408
546687
660587
397625
380268
901703
321314
458320
467737
188537
449922
544286
216715
471922
594042
918682
179101
574142
773333
851340
954339
102334
825509
512760
858819
3384
26406
255740
53745
954736
311014
520615
357235
515150
143246
707736
40493
339703
799989
395047
419295
626554
137995
714719
720375
59782
649137
727876
994274
691066
59857
891233
666255
232591
92063
493142
643864
3923
609598
323658
710847
218015
445176
746460
64216
639412
702910
931876
276031
830124
132537
66758
361922
770563
319096
681979
142778
195856
393855
325542
239039
286387
563279
172535
18047
970742
343808
430743
181559
159938
299959
710956
997165
564225
928242
847826
813522
403028
761805
254399
251129
676494
516494
135842
952684
666476
42429
348655
465665
514552
581371
865480
702878
554735
208552
686943
922084
121693
401661
370236
525600
108322
489927
538811
495319
331382
924959
682127
126244
472072
978
424238
104516
696614
181947
465937
432794
449843
806151
945493
447692
775942
530671
214740
32818
839277
110594
876878
695009
951454
205167
913689
609770
187312
365135
113238
485194
708705
375390
418927
409047
111863
442945
56159
674119
865429
658631
584154
540626
482750
306937
712277
788270
256964
997337
343476
925881
968451
265832
645262
869072
332262
678573
396710
736612
709275
908699
977467
460471
287937
382550
417408
212521
760288
642124
651695
359777
575623
146017
177222
965173
928911
656194
145976
312428
506865
14126
551419
117312
753265
942183
136126
955004
720787
896195
934109
93817
722026
877546
890256
824227
159716
412716
479238
947770
889911
159529
907896
624832
929441
891599
514041
485311
941475
886838
218552
862601
832917
673610
99022
71171
320584
88324
983400
36764
649475
521504
964141
526138
927320
474056
696202
463872
313583
427043
870393
546214
246546
102304
643408
741514
125267
665923
343965
606732
413222
227770
438346
715619
651854
821171
624676
384080
563123
922712
440828
701011
909539
212498
400087
196890
618952
220836
14615
854227
758290
259182
587315
145228
452153
181422
34262
810627
904129
630066
728489
834452
470901
858405
325162
230221
559480
867155
654994
930228
448243
515192
721263
293598
719548
692747
594320
4050
170762
503027
228021
509271
244932
507298
690944
66055
859199
185338
63664
266666
117089
400100
119433
153424
595220
75217
492408
357139
549845
667135
320102
246634
650728
285611
766619
230365
557844
191879
544783
350852
943058
388955
952919
204237
804388
508375
102159
979686
10287
602850
705230
801705
198503
742602
599236
969388
42484
487492
547828
198188
656035
771049
83150
688416
789370
770008
313647
398291
893047
401001
565445
814462
413719
917312
977847
768254
368659
296532
407176
216169
504103
140170
367241
462969
836879
930082
237792
638760
911136
599548
335168
732986
773931
662205
734405
930368
683031
557193
755044
316378
519977
812203
52573
532504
121017
598596
932090
395748
959177
949484
310003
291214
655916
991074
181522
810578
158606
238559
662775
578575
544500
492631
895751
144209
949632
652512
618385
861936
779669
713413
123559
255432
927937
549238
680641
457577
28646
171892
300345
64070
539279
473243
437760
405734
829018
781089
43044
846189
574736
457401
327378
655331
924923
997458
603511
93605
943607
707494
388069
956696
168276
672325
145114
815326
513409
164667
484789
410025
888744
915914
803315
724519
432975
684296
601364
777365
385013
813494
296775
333728
345783
202047
874578
697712
82460
921141
620598
354955
88938
978053
427250
851367
515493
7450
373762
993990
324619
504683
616975
215004
989144
905988
342716
149442
603121
519960
268459
670293
803772
358080
321232
861042
805062
835456
535781
904136
42413
687606
366544
739026
825524
619735
720122
292259
856220
226346
589512
676003
84748
57686
732410
831944
702069
63586
854426
371918
59393
140801
70861
158993
901306
778605
974723
305980
153576
486870
893978
349301
195409
557138
166796
554994
22825
90558
73300
757479
441804
67389
712123
851668
948590
234323
922924
502006
170421
958533
884391
808799
121055
532921
470956
699662
842820
230523
5999
196289
25108
905471
474330
558453
155935
169936
28999
207420
733677
289212
334455
193782
178201
2212
714218
615727
454841
930758
814441
680639
456451
148750
8150
491732
919358
67839
563490
263791
354396
641708
420349
936769
967040
363297
706284
295087
130384
622124
691846
873830
315155
295596
677496
127999
614002
774579
450285
368458
427015
464463
871244
305629
473632
852523
685124
23770
408909
291203
786348
42650
79868
60695
137501
148866
527871
835616
515509
624434
509673
815273
940637
603687
102437
481014
73624
102476
769631
20828
352697
928113
744379
966358
897143
761928
521674
559005
26188
260651
809825
329521
248905
570459
647387
376720
194271
29751
60831
18510
40652
73403
981370
997057
249742
497085
791893
169746
817847
326159
658821
103205
222589
819287
69650
731922
810400
850710
440510
686537
846420
970035
203329
69226
170184
673300
660312
795559
19061
817158
563545
833360
645198
762863
638567
585588
772827
552864
643966
580054
475004
291712
140250
499424
200247
896564
504627
747230
410910
491882
880057
183515
407835
401969
838700
739424
764266
301351
109393
827998
832220
149648
236187
266418
115742
597637
466897
551127
677984
551429
178310
976589
476466
739403
415388
339083
587123
224765
626127
767402
649809
439221
368902
405517
104059
923496
199997
924650
838093
340093
951344
788169
170742
910882
985066
80721
70638
266376
893529
244157
472119
750063
403229
919947
888232
563106
632748
528977
195648
668544
901865
271252
932236
89516
897095
455889
833538
813120
489348
666615
401662
844816
898792
690504
135435
718984
878759
913717
203491
983071
473243
694470
323483
654728
268898
165981
151175
455660
304167
705493
620360
619063
668138
705350
378030
832124
136396
837316
512974
472076
406723
153314
351513
746175
717439
446518
886856
319544
232693
50550
469327
624248
800470
878083
869468
413734
751384
314589
352716
271315
28642
698119
271825
132694
352103
279234
435259
427038
712110
262942
789040
134076
895741
6763
637355
281605
786912
328470
868469
811589
156246
316606
252812
279391
556080
67321
292332
425048
838025
383155
210239
149687
241166
498552
408690
649276
435276
420182
655924
222036
141400
903944
93104
862879
30931
391190
855160
961965
644037
749105
226652
728878
100080
437693
866088
759676
856088
187688
553971
116103
263133
608791
972758
304796
124837
84078
80594
197440
91792
744166
883158
14122
313260
252076
923115
708208
642509
258693
299537
129187
508089
109854
443642
870192
959013
507559
47417
211904
416721
123676
266175
443681
333314
189224
477269
877585
501610
321510
380761
600578
585710
494828
492361
969431
479247
617447
411023
595465
15089
772118
389660
22304
478112
12765
27944
397955
976904
531727
18210
320768
777064
649236
837851
657885
602741
419615
214115
852630
526065
760966
36172
450879
163150
345051
678654
461808
220282
649031
300687
303981
128680
856028
907733
707977
64810
118523
660734
915599
764679
116086
667159
536935
195262
749028
578776
179819
700508
802313
993472
766742
211350
598818
643234
777360
967291
640431
127167
299638
514740
915165
658013
195112
614877
647322
312315
646597
649949
194704
953688
269136
809673
784639
855970
237567
65285
929913
254237
706071
79055
735366
666894
147208
314567
144190
661582
395950
20279
687921
31210
389216
756118
474049
331587
457177
446189
934579
143897
952921
626705
543363
702614
839710
15959
57770
937086
408875
799575
787870
707260
623620
751663
983195
526012
311533
338780
765994
565535
229575
586710
83254
501456
779072
693563
505484
811743
691083
438751
890351
778955
355258
906020
146425
306029
835346
355290
381525
639615
702398
513771
161237
64277
79768
213888
601939
765981
440696
190605
70652
433905
842086
195971
492273
238357
461347
505450
784003
857090
557921
659149
884868
771882
237508
513789
92422
290167
51270
65713
680706
448320
428974
670710
248521
80586
590012
627
424505
262999
7068
273336
584427
205901
416486
217226
269804
167079
313603
299872
436813
424292
898115
254626
600105
698973
907729
185935
941486
543527
758321
840269
928454
146423
268536
274673
755603
513862
606219
993395
235659
256668
582954
292596
446933
429382
860769
521759
764301
695630
749503
151730
662374
485748
805050
999919
327307
22697
854943
503355
363511
509088
509163
112013
911564
451976
490109
148606
618377
20946
4099
496401
82292
380571
965458
102849
903225
465021
907890
819837
386230
767784
377624
840496
534836
625296
708066
433669
177116
403413
57774
212453
504245
927393
831416
388890
762776
879413
166553
937407
453280
628354
292220
641389
452589
160139
785213
142761
199078
148733
742827
961601
823387
958698
778083
233072
313992
959113
382482
614909
966861
550033
926919
932386
96221
938448
968809
735178
569768
844599
894907
81278
557120
583030
834490
658334
149911
471002
350226
773808
132372
87825
357493
893566
720373
624643
977083
498077
55132
86204
259906
369032
806820
412200
889881
890633
131814
274351
394246
765091
917513
671860
76506
633602
336599
357353
787725
103288
780192
305390
149438
195207
629192
98399
581742
302524
692926
81305
829376
239033
820910
181273
665015
261819
327236
300553
309600
632095
626243
240793
559629
533562
476519
246757
414410
73919
65142
228821
958723
743278
602338
573314
953700
156341
86249
143451
797394
758170
37657
779479
796630
515755
99912
415245
388201
141191
742779
642422
675528
617356
240707
703556
44507
275727
195004
756402
146029
365161
671502
82365
496705
184391
625457
587355
834015
576437
947945
742548
950246
640423
49163
667254
468098
417908
506505
245228
540934
435900
361785
198677
415538
930630
861074
686372
191660
525876
934974
872734
287984
572765
238230
714303
576979
980630
970053
783571
377634
133431
335338
630343
273675
221395
687583
443685
140613
597275
403664
752010
56326
615650
962546
937901
728437
139121
698163
503475
874609
748480
34954
754351
719909
236372
131767
668373
353737
187113
380780
65289
769204
993769
288440
565833
113617
242172
793996
389283
370136
464199
384832
741910
854956
611116
44459
565204
776945
22616
231711
199858
922250
184695
574665
698701
268104
107431
547470
547372
40503
47521
546322
546188
900612
491371
135472
744218
136113
690191
997073
831456
357085
285781
155944
297897
50651
114225
742420
775276
506832
359371
986523
128750
66090
288777
297436
500309
37961
277604
518998
553135
137209
919881
943279
812842
296659
301201
795081
373748
350234
105387
991860
228448
167158
158684
667274
906374
239868
782322
546084
206635
820420
386262
402920
439527
660939
450814
794044
409961
163255
580161
189494
514809
932444
86071
803078
515335
972904
175198
403670
305883
526350
895372
407522
829164
923371
209259
220866
12035
153681
417794
467463
669252
722155
268197
954360
293857
158542
653931
306965
688216
322129
287041
715141
315491
558767
416037
655463
248507
544176
174503
50042
435655
74301
674181
958104
590897
209643
362600
569971
618727
681672
35781
435481
311737
249025
936861
661446
651369
215086
807567
269878
763190
408938
369349
928646
761266
601515
664680
53207
108612
310591
690278
635940
934458
362686
584809
886581
410812
120268
530783
69821
986418
468879
606708
494214
880889
265465
613274
448987
701152
280264
810797
38122
362511
889696
200928
259951
604152
639488
206333
964052
720825
463597
610857
795930
598436
284376
88343
981300
597914
165088
245561
707474
214300
681845
613062
464769
70209
306836
877210
815155
636554
618548
500338
765897
509763
922768
886807
573296
856030
121121
655850
183984
32556
780610
109802
867132
16317
80865
927772
847348
948334
113874
856444
692634
476076
724627
230231
348383
474339
755263
301270
132515
747002
39067
499989
640445
111571
796791
633271
60881
323078
303081
554345
720963
762575
521420
196204
71075
878085
33098
279988
760682
786665
770005
489909
512616
816945
9415
742932
19647
546676
909614
35434
527448
663234
239563
593308
302259
902171
99004
188757
154632
509599
155764
926193
573778
11161
836314
563982
228589
213508
373147
577665
437161
795141
47349
166835
519342
247943
992273
599796
996915
741374
100961
26286
666545
347983
674988
560500
430011
146674
940513
760371
434973
781485
212050
488747
317421
377534
849201
114062
172594
408125
991783
648046
207497
126904
369213
57983
45887
362844
836156
584941
431246
966311
674970
591286
128147
501551
600581
232072
774539
41597
613598
766925
554521
826417
318547
904577
7900
173265
831270
678029
991126
703591
40620
858399
68214
481946
867472
456396
224310
141676
925715
443309
4766
530878
47096
943093
440696
124963
64612
116075
11733
824751
855495
860296
662022
708575
532086
384282
472546
106611
208715
979604
878915
699251
425739
954699
242028
608476
779172
508254
571801
987172
175529
172072
212636
863528
46061
635506
318419
978126
356093
610757
447483
325602
715954
917876
501672
939102
415922
189746
283868
310307
122665
688037
160827
377781
985106
816988
193180
74969
57384
342638
100268
112429
730526
117671
944353
304120
123708
640614
885551
155195
89573
509500
881324
448498
898917
777114
704159
771498
849414
797180
234845
299255
784079
92054
775464
73523
767809
140992
878604
222185
383528
608500
17969
30405
757903
368225
817786
959664
192178
890049
990377
430700
674393
934592
356606
340935
475726
704479
867692
622096
56985
361248
87043
700818
109792
763770
473914
602023
216621
165600
345501
41809
746600
455702
62015
177589
882520
906069
482968
919659
641709
542566
914114
152172
897134
51705
194278
62173
811054
847251
246984
256490
180607
473528
823804
299266
162309
84591
486573
875103
283194
124444
112088
904726
18790
297086
89921
480758
295919
764559
127235
648423
572948
649407
621431
447813
297269
827554
385719
13597
563590
1435
11468
279097
374503
790197
330141
16860
353741
958101
715734
264954
950806
21313
375575
725800
525273
362703
615478
210738
990667
643935
892271
938772
904687
177159
462557
22446
221947
453134
391548
645179
920796
390112
298762
10683
995935
93824
843947
503562
818688
513028
771122
258893
581215
231998
759805
665508
707528
954213
795499
140262
773226
915430
235849
311549
349937
894755
186141
76560
851391
766764
95479
158795
507202
998554
968352
763647
167309
695920
205653
637640
999963
349157
8167
514548
583191
44051
909183
445532
158307
687371
279174
898109
499581
597913
801150
294744
152219
868790
108328
631733
779525
590025
501815
360753
587269
837199
370678
999864
497042
267968
837520
43443
106743
626347
685076
562243
996450
886189
613758
206152
852599
973575
190865
604133
104221
542121
880268
62951
498281
433276
165974
645717
53885
442482
642745
180735
950338
385525
594439
795382
554686
218598
12391
959778
787829
250202
989187
997971
667745
194959
81223
295891
808118
573688
39699
214741
273113
24319
470256
511672
716871
615980
616900
613541
336292
792965
859466
399824
27896
759184
346475
214530
206609
796696
877855
526854
237590
53808
512919
438083
405781
262536
286111
88226
122787
237383
114802
204388
148561
630465
877423
855755
317427
64750
436338
304584
385337
305950
721531
187846
157646
136893
116336
283019
430671
628738
783848
745254
418723
669026
961497
314417
626935
584157
958879
564317
691789
709740
463356
522316
616798
103132
576359
750518
205276
431665
890908
122945
62058
801491
780520
274380
814582
853689
965117
395942
293748
957446
671122
818008
720734
957268
88637
905430
16782
668202
459257
85962
882037
330114
353575
383590
49023
451016
816490
931664
470021
352524
699952
750694
589469
436145
864640
272626
821921
304391
128154
960872
694452
770116
481561
914280
832743
414676
999032
946953
451670
606470
646010
92562
2955
37159
147411
352013
693338
536290
804907
378195
278335
926117
469824
490098
193222
240088
451888
815385
193527
816392
483915
995587
193733
240090
624982
200590
174506
213124
693
296239
687223
917156
826623
357943
903129
15010
404687
265337
120149
848793
672812
881786
401032
371954
758817
767388
980344
49319
253085
72452
124239
20916
50984
379370
485513
136770
250118
428684
145919
402775
326357
424993
752326
270542
277568
809067
714697
482702
519792
762642
51416
561652
996408
350925
554257
472251
510467
498069
854570
939453
966791
41504
417316
772039
23657
616254
543105
414614
668663
989626
13908
313538
459274
856929
656136
428907
157988
116398
71951
499028
877390
500278
398548
874458
782924
918298
310640
893897
931534
173390
460890
287277
525678
386521
49455
372862
779706
32484
225438
982398
677609
111809
137202
642120
233256
234835
675177
277232
539453
648480
971457
746568
945849
766312
456217
557606
730437
271250
678266
314987
464157
19839
182400
857249
217833
936645
96009
627617
967385
96856
308685
748005
223792
698819
189918
479570
311931
163638
150910
300922
428403
55626
645739
461361
912151
109123
993540
64861
142453
659903
224380
440741
555115
630363
535570
107248
870782
134276
349097
537643
74092
103134
797489
93185
72144
542899
365829
97035
487800
460636
875747
738708
361948
949374
81122
435235
161478
889296
143211
243179
824885
753436
103281
606363
139960
279465
590012
863707
287635
837922
452675
115250
458482
532040
129648
253147
282033
911593
445085
171883
580869
546313
539107
612971
704563
969590
602892
361338
824530
696024
29247
348687
592348
330720
713347
23440
120344
955045
435326
850759
654209
430892
433015
442353
880954
531922
48590
161968
189301
486051
969426
321734
501333
455881
875543
804874
451191
489491
818820
381060
663856
579456
644933
660523
609764
264069
112093
868023
766823
426329
690601
176257
633932
160488
331710
167622
488880
616580
860303
987754
981585
705058
251317
768206
755398
777948
884699
201236
896120
450134
822579
725999
971881
942974
344042
994186
470929
509377
534213
271552
709464
864737
625280
551670
767764
548154
398067
915867
45497
259751
611570
972731
801807
538154
319920
922912
930709
930375
501740
107168
881291
747524
917069
203658
720576
170828
687477
134029
394411
275242
428487
797710
503803
96989
472372
913706
250973
242011
423909
67971
72766
686878
19712
768537
822342
168147
756848
850114
163631
627204
3631
561536
24517
523864
930262
54877
581465
598948
356986
276940
119264
891795
103460
258389
364202
362550
342584
566513
121034
436674
811347
738216
518427
680999
988221
440729
972972
650102
862161
672345
482854
945146
649793
512689
706668
497342
798873
533354
756753
179354
729912
923404
958777
535802
343633
50490
415587
710147
340138
966045
52186
440177
599074
22807
519396
128502
576900
594156
711599
154107
965310
964877
876029
292103
142040
201465
766214
783226
204209
590232
10177
967823
2404
775899
915792
685345
864285
939901
358066
183053
46573
718506
839464
88515
278725
729663
373953
278056
614990
704815
659088
361857
874194
881860
628708
259107
393794
913861
215354
563097
122971
897766
306535
535335
579650
439062
284529
263540
611874
758840
445612
201815
617329
32885
411177
783579
698900
373187
304447
670750
230295
73391
723592
377821
585696
261848
816702
645551
667109
426990
404594
658225
888612
561013
207519
912261
574985
403191
282657
39212
649107
535249
822673
745931
595209
59837
204544
727725
467008
329377
953273
726461
859749
184651
247285
66319
431266
943268
879760
480995
576454
39831
396576
899318
748929
471233
585165
783121
998639
633797
412066
615814
294133
450589
788718
697025
620512
280735
255780
401191
873805
320158
641576
795300
593555
741416
76620
591340
403525
772672
788941
503017
762794
715635
31000
446002
120220
467911
968671
102610
83754
568927
196330
462647
57368
922331
950928
633468
325094
842179
313672
770450
248879
783434
548586
567072
116215
926981
87208
608173
449828
697040
572299
276141
693194
8042
230769
117021
282065
972626
124117
192291
652618
338146
795502
213986
102209
468563
165139
701850
509992
405790
258333
543224
81164
683534
927458
666100
790299
11070
591755
551651
907200
245329
526607
577796
145394
356450
362276
929539
132635
379895
730634
231291
827220
695192
139520
291394
206097
982023
358123
752463
431897
714582
309082
933119
987496
720584
364643
322999
765297
442010
535603
177909
821024
509966
799382
260107
424424
775374
967045
344527
746743
501614
73953
224383
844112
322649
497116
367621
457319
406028
943481
957960
652747
209317
788695
449792
284266
786357
933637
742367
289034
645266
117472
420767
382585
220772
859349
340161
289997
440486
855379
745900
382436
248176
315816
538344
700158
544541
340845
881889
511391
962738
854737
740203
793389
784903
249489
8657
972103
122739
98985
118579
441018
509854
445185
435989
193213
715765
594933
19548
161284
986274
574082
217068
194516
311412
680638
901540
619418
132558
807286
421922
686799
626884
91508
870193
925698
688288
399692
302664
928865
797234
773030
36077
327476
600557
135355
789309
439573
59499
770826
597867
289881
603010
637288
760958
495108
573624
181350
147649
525162
391187
99591
335123
401183
218367
993703
549091
877449
167766
241864
733246
403774
562357
712028
819335
318544
775006
98222
765139
425110
184920
957975
102450
671687
170866
334325
261595
882060
508984
911344
996507
376447
886610
773463
531757
656441
934075
703970
158632
184397
901953
217526
905773
669565
395433
110796
984380
63632
506164
882830
844062
124797
573078
849960
336941
48847
786791
400760
783363
430467
42764
243353
468537
908756
432682
254836
22838
909896
919605
221795
692891
716069
257338
467002
561106
686756
226519
491496
169239
506548
604468
15784
405662
894560
548081
13654
179155
909028
255955
50338
640259
509049
995936
130771
373117
655215
464057
259437
700450
344725
972842
504547
936545
802479
814660
689627
703729
95352
204969
639000
671419
777026
322023
87034
199907
901480
107929
331116
545254
989797
615008
557974
977123
304478
885904
10210
189539
988886
129851
333955
135467
655754
4445
576947
918582
515438
464078
493109
883364
613124
558588
435297
500525
780781
975259
444440
804697
944942
827766
744198
232573
733677
102645
582981
150001
299196
743305
364289
726352
126163
799719
488662
317515
77533
3229
648238
64240
998722
473798
783615
828907
647903
908046
454891
454782
182182
483475
141096
270619
986394
914877
391591
88653
306626
686953
645457
83701
219733
771181
783111
83875
329496
529171
89937
693547
172175
77832
889893
918425
33026
434489
978218
891197
523499
707999
883530
167260
829072
459325
988698
829920
777393
634248
722904
904282
603983
906695
187123
398250
362888
525699
366345
674786
142548
603110
90705
396710
596984
589922
524783
290872
612709
490059
159382
310985
382559
247413
237219
518334
636856
595954
156680
427313
937688
415267
864877
385528
125891
304103
57221
369014
982208
430915
821525
916540
837230
530984
322962
24280
22326
210974
816355
828469
706588
540177
181655
535155
480676
136800
124310
421525
502305
624620
770681
224041
180967
945828
548284
264466
994759
274981
432016
671060
536085
784383
994298
615360
784943
567216
639996
472473
867231
500102
871919
740099
235906
631151
46122
885231
896615
748573
876333
217115
168504
78487
122362
813562
206690
319691
595049
895221
815935
727340
628103
556367
807221
124839
206882
110631
345896
393993
922368
166174
316805
576028
260250
961942
25073
538190
502966
6655
587616
399664
322680
808308
43745
993312
70003
434769
488718
606047
688759
338983
876705
140343
410871
544726
218890
777527
211346
959391
641866
968710
202319
831171
981903
322052
752960
831825
373239
833862
971287
976463
834938
727079
187836
602348
423805
667446
366954
546947
629138
409599
872010
286734
377448
979514
258271
126900
839403
420756
560047
768238
643583
448297
938907
