10000
943503
111476
969425
867868
162430
751738
781115
997552
480509
453116
695917
885555
338059
179195
359885
542473
884865
590443
956665
341511
415114
468314
437427
631317
245909
671874
151648
779826
235222
736512
57720
424361
659075
397462
130080
872208
220184
388196
236873
962632
484990
79546
924484
998130
948616
495175
245817
187930
352309
609519
767950
27091
89375
764480
527128
498982
276541
310674
5820
248848
164361
445321
186598
333875
315349
729449
968777
875009
834836
805115
304764
442725
774542
908306
383126
615717
357973
816809
670363
407482
668346
19977
681385
22490
440337
602738
816195
330797
947785
416700
473810
15254
328076
358110
525170
262135
603021
114135
476800
113559
95878
547888
679373
812234
459587
850312
474460
25907
257682
611770
794336
886814
274801
355044
942492
137447
438934
151707
494097
196780
861028
506254
550318
436377
593752
248407
326453
141834
528921
721790
984739
480019
371209
750846
574008
369932
780593
462025
854175
255850
684337
228121
668874
697552
444913
136476
779768
152170
43991
311648
946017
815910
659327
855727
648653
360599
284540
464049
202002
536381
654210
515305
520891
539667
964472
235103
151523
25365
620467
66014
267714
186214
735500
13851
50091
532116
676936
404985
68426
999755
470071
268390
815938
650259
567971
577969
73310
843088
57200
75720
180668
578979
958147
932118
596071
515786
406127
639621
896699
650273
499336
268913
391297
615309
512703
717839
497019
677997
186835
669303
637302
154450
659927
139290
886039
488712
26025
226273
980234
783978
965078
28495
443887
557912
162476
119091
974222
69185
950796
711059
906435
775835
551288
960930
395924
934687
789395
292740
210986
569697
99875
999584
410780
624450
890289
310394
627098
523548
326489
800258
644675
500293
495651
384297
890022
372293
123445
207628
386423
7283
496816
451833
175320
670360
682042
246341
567138
21023
229204
192970
222694
935779
969978
25993
468143
81272
761486
273706
86024
184646
206331
873348
252728
395840
143461
631289
784488
886193
10308
879154
319797
104140
736619
31187
585781
71989
993697
727712
785213
366430
585078
686682
527132
349909
134529
602349
970436
48297
98249
755630
91211
122268
842154
630867
301232
881057
860142
251969
113935
38399
154297
623872
754567
753565
408108
946985
272748
574953
532092
809421
508657
947154
926704
67495
631389
596811
789526
257528
561067
897960
754474
191614
899246
718515
734588
273316
29062
202206
716330
442056
545147
341473
814302
850559
652831
344333
525783
97561
62060
721413
90796
449471
159236
967627
942163
903936
816797
707719
329504
95155
982855
575028
294759
446294
451678
21376
788508
951654
592000
892449
434760
453384
371217
393167
903539
965264
738247
673706
608802
709153
104176
654863
388480
306174
798776
46732
209622
728046
384993
377518
186952
556981
29695
890164
13618
114093
76721
94024
580791
362741
22735
161399
790926
810134
734631
620284
895208
493945
757904
66343
687849
245865
356352
32203
378659
942418
178582
892983
809501
103362
304506
152522
397505
655846
622687
999495
613692
721664
826305
339159
590467
867952
929382
842669
812945
62265
662798
679577
848849
723852
792074
813075
459203
247991
568707
605998
670076
735880
789439
48002
364585
896053
411794
762778
296363
727401
699419
853600
954501
431455
987846
338296
108840
330631
201093
343058
894539
138940
998979
888221
517546
769618
664459
962141
109589
491300
498679
158897
325214
73886
221224
480754
132711
612567
176110
503505
887854
408444
528136
434388
964981
18427
614810
643778
513291
545784
100148
132555
344729
459440
29756
53519
251468
570225
203627
229331
719477
332147
868512
471745
326391
626238
778780
20133
298893
333504
833820
647271
117564
673805
619300
996200
242391
284235
632620
237765
468739
896073
197067
581676
923267
797894
155569
634395
370186
564322
134701
398226
480243
514134
889024
254749
445055
598877
597821
731716
842908
387608
798694
614700
83388
25976
172917
419642
950237
829660
8485
671185
189976
884867
803329
112951
436191
292572
234943
666460
581650
211867
509832
731742
694303
17403
548921
956407
782792
33454
670739
214174
688515
597608
535947
606327
937926
755278
747343
997244
714410
102185
505157
846587
506268
107368
595786
539507
430084
231910
498332
418912
435032
405070
344908
682725
993756
167505
231201
799694
763795
946604
106343
491112
290413
294588
747881
978541
10274
515107
657063
497977
308320
989106
533922
502275
818640
332281
909518
112110
489109
174600
956294
195531
682287
370447
634294
623018
897708
3477
59293
787379
380195
185843
991897
620728
264346
804304
83081
985130
653360
939815
508400
137511
108985
571069
311925
516040
155307
839006
10533
368201
591772
89237
949794
546858
643734
915349
829145
702214
123511
336676
193877
908585
608270
532979
144691
688223
472741
146998
827919
928616
230936
281171
503902
869457
505534
204400
958422
395146
94908
800212
437814
410429
307072
888658
402954
558844
776372
707402
74802
665200
751682
990286
54111
18888
535354
182751
214713
743649
520175
921708
281467
759071
158932
58072
407348
287116
510482
821653
594735
787731
231218
961754
894045
5048
196597
293995
358754
797620
616396
670981
62758
774697
179612
177019
295300
119038
871378
599345
346255
764162
489051
358438
733097
760085
665110
593101
179950
95942
236053
564909
78660
676814
658053
104949
33617
744526
558417
845814
769951
956742
33793
905201
53948
843249
160813
343751
291302
153648
399936
172525
792088
569613
938048
674215
727890
275086
849854
539140
42047
255923
727941
608604
241675
971064
87595
291223
171677
193588
6201
63564
991052
862501
183264
834551
803156
609507
357740
860151
13388
674674
500403
484337
120764
277239
602622
477617
581924
622355
708675
151216
427640
400661
265646
351554
251229
765883
433759
687020
308406
468036
22238
422007
566175
463511
805448
485179
78818
58385
4443
373022
934430
131194
155780
240866
93709
662298
677693
686321
277319
134964
495949
921191
574167
327735
604636
140474
155016
528907
616969
819067
416860
265690
358009
587515
984347
45149
754352
319070
880841
643333
280445
808060
163820
956779
692715
783858
744304
557742
246186
142889
926908
892822
505489
353608
18902
203184
862882
858929
494580
476137
425713
749596
59973
869666
546515
543181
340927
548811
820670
73650
866876
414177
938612
568965
813020
699701
778304
420451
166236
183289
697800
886244
778703
706971
431135
914107
109526
501676
609009
365786
670152
399436
545861
382602
684197
930332
800320
623600
279031
728984
36419
426175
655280
560066
45090
938108
888372
874552
340403
495447
255095
874601
27775
884268
408461
444537
862708
746360
476371
369274
260284
998535
707560
379369
401047
511765
126378
519853
769720
910984
947701
381632
321489
907971
557386
718251
737449
165984
110062
315777
177147
995766
832383
417683
126196
568653
257423
824017
241850
727984
39467
639194
476917
313197
22882
358886
202
899748
797927
589523
688570
522826
589134
165129
946995
794253
145748
455266
208283
988492
494929
775858
45053
975855
334683
423315
696410
123566
104565
530641
34547
236543
963938
662317
759317
1380
487936
488809
673202
526694
361892
684560
280821
15894
895131
93750
736837
591817
584804
765184
193555
294262
342576
336658
416206
836454
723770
765040
7509
441420
691574
12818
104371
929736
400447
693261
230872
627759
885863
229133
862665
799088
253187
42673
203895
203833
679245
357745
858589
745068
171800
912051
838738
49438
60645
708432
548063
634740
352679
845133
567187
852464
188534
374783
543167
612422
932729
678143
242015
35620
838128
196221
878980
212370
544826
236751
887544
52772
770325
630963
519565
554515
295356
546717
682403
20884
570402
575290
677239
722769
144767
83593
599708
908057
494838
689582
500010
356723
271094
842929
67932
639871
132915
125910
792907
367696
15048
707689
916806
960642
110655
144014
538223
5848
137193
33687
356655
847589
405066
80108
534180
358084
7292
339289
891792
721803
916330
709956
425756
296647
798953
75965
993244
139870
580775
615487
928112
224276
137438
588334
414046
558881
980822
33732
360148
788958
246048
336594
743528
564204
677481
308060
381755
776761
226597
358984
790467
619777
741383
364650
22010
228970
189129
748501
546686
963590
205945
774127
533326
537712
716869
334746
575419
861740
773606
683054
510667
159731
450254
587838
545743
764781
597050
513336
893556
785624
265897
830679
588664
343189
551067
730719
501887
401507
697409
153812
702374
411300
56349
563700
68339
328127
705849
633353
186768
8964
242610
294161
485445
668681
681126
856708
438564
768424
602001
513839
389534
77191
594524
85181
725821
325495
481445
321852
325484
542824
189394
190675
756343
86176
911392
901422
626899
491420
777261
944026
47825
873915
944885
463126
494300
678567
878464
751523
281946
318683
734539
320189
929774
935149
690987
193941
980275
106432
848257
586163
406040
586270
988130
290821
596842
746509
535357
692133
981092
663541
472471
903001
662440
260249
109843
203388
209106
934271
325024
334268
378459
23503
56213
819891
591215
679301
634122
164241
70436
803140
404977
479887
249383
622488
332076
691217
491999
13327
944851
140969
196235
755987
398260
703960
486322
180843
935425
21130
154620
905831
263995
702131
240910
736055
381229
964604
235447
170400
681909
335891
514408
977710
181750
319664
546275
305904
162013
54768
848573
913811
377685
521132
605098
832754
546271
348836
199523
231689
479186
218525
93725
340138
478704
958561
396120
266018
458059
489130
106643
67806
16564
991725
858098
44182
702198
470232
302793
329156
781270
216940
84025
464417
438804
652797
235761
183162
799594
487138
817654
440306
146980
739856
742092
492894
338630
237370
744123
876032
188481
570933
50564
36230
924075
528021
738511
158757
800223
591063
279256
639139
648530
485336
171135
378368
621012
614765
635234
4333
875175
647829
67570
78413
137509
97559
866906
115039
181264
848195
71574
304555
948971
519237
911905
719091
481219
679383
911907
621363
762869
362495
128587
269982
802579
417500
857867
412854
350218
50946
652054
664044
496573
129669
917966
127901
340145
516744
471081
494017
653467
234912
210699
667074
418194
662872
13610
65693
556004
295065
726275
650968
796543
122337
160713
145630
542172
410986
822972
821418
738528
247353
35884
860883
271312
483361
882195
132967
613928
325305
876727
995254
784212
482044
465704
879090
566960
585236
975694
751584
708640
350705
518220
229944
820385
593665
801050
495444
171076
827101
465875
921013
575586
178814
807558
50896
677759
658025
835246
712927
713096
187391
713722
68276
538883
115641
815138
252394
987309
655736
985148
552696
331162
363403
758791
873291
65181
370741
707667
301777
941657
542192
238858
41639
296176
53957
552890
521346
384338
963598
944959
380503
368450
157434
354273
376609
70391
775197
881291
312119
168530
403607
976851
628255
825781
581663
645138
548371
922047
582254
601837
639176
846526
361293
613175
25222
659669
249657
289904
295091
1592
525271
844338
350784
98667
637122
746598
246454
546755
771750
799437
93316
82633
778841
65985
967266
435256
639398
765348
735463
568895
819724
401547
695957
947380
410924
447445
651110
765729
367444
926317
664275
515908
718085
593858
898015
770436
122093
67981
707536
223540
713408
580543
913264
873135
71744
960261
56504
907549
571781
116991
777504
302010
275828
16823
892926
458667
793086
65186
279091
154647
692736
761479
145063
990640
353257
849852
141551
194312
19937
271121
850763
276583
321623
681872
885479
373504
115669
750953
666320
85445
6587
632884
110839
578269
462371
526910
985961
428465
895700
800780
647961
604060
747242
834341
165774
615633
862009
817729
779625
191391
62425
900735
438748
959301
36071
954895
491882
728909
856882
457971
449446
189025
145239
296683
103404
492398
853191
108625
526189
232208
609919
416996
125657
541496
722091
997982
28034
583661
154325
93848
571515
312845
523578
991579
799095
639150
281520
484047
634106
590150
638712
363652
780276
400387
605199
810441
616141
177554
984727
315317
823653
134774
236964
174740
685251
509203
107446
914405
370940
115612
350071
598008
259326
790451
264600
362740
807588
978820
378897
386031
548664
274498
283612
835225
143176
436930
84666
432735
245219
948112
783619
832403
225461
830885
121854
967355
247074
726179
686953
795404
761453
691373
993049
147596
65519
357484
405951
554507
609781
469257
869007
991680
116250
192132
990814
627093
149010
815903
808176
404524
998195
567545
539544
704833
895252
443624
969665
368089
24147
566454
81887
60745
945631
772938
114605
953189
284742
167052
73141
637636
214728
507016
420123
640359
445749
241413
923621
376715
629253
734830
883553
70681
324589
422361
753985
193149
977516
215441
763324
757969
280132
805524
132039
912897
540735
425573
488564
454792
680542
562510
71905
644412
792307
891211
978129
123552
560272
714653
142182
407057
113918
423928
182906
814981
112972
846507
128042
342819
247888
475809
8923
620763
456653
961120
927803
862201
86878
927490
39556
773226
317614
674928
623677
66197
757773
580595
999536
252103
275780
730258
752686
736690
957270
125631
619291
846903
478644
801925
828960
100448
166081
350818
950398
588484
409433
598881
662684
432555
540180
561237
703136
861816
849343
657269
182285
95840
163523
738757
255590
59908
476478
476981
514373
794540
96808
437715
209070
265369
898569
564127
276480
928010
654350
140064
286108
658503
845895
228575
652642
733008
677978
706344
975810
55156
876321
794367
38517
377470
95830
113317
937133
701040
373124
484979
760573
669943
148906
889600
821513
341076
281869
980288
237245
134050
411096
644058
586126
41328
583428
893061
727823
895741
967177
120021
985520
351933
918668
280913
478241
554368
161817
511705
401881
163667
466112
680058
556920
577388
135540
771803
726468
252506
610160
821439
45766
851017
362939
652854
224539
981588
129681
941003
945763
495404
109149
197276
473564
205669
628029
880092
984403
702042
238627
768446
261435
822343
673854
272967
13964
982533
339461
521596
129785
385028
186652
242715
694210
775525
407131
777351
211102
302113
776915
184317
496903
360493
285524
461980
320809
621034
490297
965122
961207
647291
869884
69012
168148
374692
986466
708588
15779
24880
355927
514132
301528
873086
958048
186431
356746
882734
487667
228939
195566
413228
364499
998651
147138
357800
52703
560657
704316
111696
443978
24348
684787
837445
875396
472326
952364
234295
594062
854197
256122
926001
771624
14938
941291
591031
222095
624488
67739
515928
100208
540769
158355
40925
233665
167852
144572
35435
681373
223800
589920
704936
400542
950656
510029
422853
131265
636809
334438
105471
919970
725358
54857
154899
213401
713091
25756
943434
683029
242157
217711
413232
633876
980708
293948
247726
446006
365023
696730
309924
768877
716738
847018
681536
652016
192278
101958
95190
190017
790098
197830
914754
169980
524908
462523
633080
617807
72904
789069
868126
883686
795780
512732
751789
883451
580102
192765
939700
455003
7750
567172
415422
114819
650345
998720
865984
358306
70559
884398
156380
339634
292191
153159
223039
849902
744020
772825
853962
233513
473484
805420
46877
220483
774267
306450
816981
512673
216943
396212
177872
905572
857098
38905
260383
82116
372112
3706
321944
729473
372844
954049
530361
863401
608151
345852
541418
709746
313801
78822
336235
321437
130274
766166
88239
7476
116623
907906
800840
804735
903833
536048
524933
779152
53143
453212
500840
433724
148720
740332
292848
352219
679952
850761
885973
469391
984684
178473
579565
490162
937485
556317
52144
294329
623736
43547
471499
385024
225737
32839
888398
59102
579701
604721
825890
145113
610975
852027
135551
659633
496453
46945
891553
896828
829755
750780
571627
166329
936217
713598
155117
924606
821078
279340
219037
188936
225877
902614
522741
569591
793449
668633
964910
457271
563056
341690
11546
365572
544657
968638
320403
809662
439994
799382
38376
738941
794099
986925
883433
845156
260000
116910
389571
309905
67181
349173
352243
210906
57492
287159
468700
886870
722442
878397
59916
601170
560156
577408
235928
964343
863313
288698
498108
685874
420941
761981
232518
604216
776351
365048
664372
477588
715761
843966
256524
473132
117224
130725
50695
444056
758489
484046
323487
965057
330861
91567
207085
921363
390706
807596
544032
429377
469484
186273
799113
694162
148692
669826
396416
179707
850980
177071
595924
95622
80636
429483
321730
231493
125026
813383
976410
447202
168241
625374
918587
706692
466417
30876
180796
664630
411406
136277
442305
101262
77834
944202
214678
665950
891512
624509
917421
170600
40156
6902
375009
46714
434991
476787
777952
997720
450485
61109
760516
71158
747236
813250
926648
92797
421655
190731
211605
521627
221191
141112
485655
166199
458869
825604
563483
257751
105454
967062
981719
582350
881755
936670
618470
793327
620806
677763
505813
873005
647713
940832
256951
864006
915070
279540
229393
534047
412140
522578
654323
306111
575773
617409
384491
801346
317534
500122
268002
554848
790167
461077
681254
715248
329953
188329
205494
433864
781085
541234
705125
346650
580564
639986
726734
947131
581048
428937
964005
875432
654118
279580
297186
176834
138925
355981
175743
228918
327444
763593
777321
368803
248575
601155
606059
218476
655220
169343
347760
568123
908443
506089
389982
701048
775036
798570
231973
991361
491099
208786
904011
397162
975023
110199
276139
253542
678188
656042
635282
441581
80105
637065
126594
545516
363648
274567
454590
683958
400466
759339
452566
74808
659758
809718
954344
695381
793896
125343
947438
599079
185450
911240
870092
998925
394481
211829
341802
574015
639267
506634
642005
176094
736706
567628
650926
402471
490200
251535
726853
429503
880390
953210
2528
386069
60212
779473
290546
493466
760526
705406
965128
19768
52290
457562
765232
358440
994162
436593
6470
805095
960079
3643
804612
170221
147058
829198
925762
515809
506241
174362
618928
172224
628299
811688
707892
272203
680225
685460
179165
288550
525336
488164
461371
596198
919657
447522
81771
931786
308293
22048
562755
718637
442167
843183
958264
810705
810359
539327
545590
107129
147562
61986
303814
97785
587251
473921
471429
617087
854404
420298
888291
144675
309290
183752
182453
957034
232597
366926
198666
27605
455558
620308
60204
767396
72540
778568
330427
903967
989678
939050
468183
280614
76592
648702
323175
394577
820989
812941
744331
461145
81997
477283
4985
845640
970875
722033
486568
390313
160411
252662
208410
871150
2544
700780
290999
240694
129627
171836
719962
522995
911424
150056
224056
829619
797475
171369
947653
193459
440611
247682
947230
497868
6590
80979
769397
199280
977802
803488
8946
656720
713989
705725
364195
459795
629079
747213
626650
494159
26900
475515
559151
964185
664324
682532
616436
876200
324728
601701
104053
342269
383954
381285
279879
839770
374282
24635
460537
821986
561783
403082
433707
810858
56178
507479
93940
509043
847532
33457
302147
734810
55981
656480
39084
246406
744040
440927
256561
482110
684402
906045
415376
144651
290123
990897
573604
374081
842061
76793
249063
253124
137844
421640
966519
217401
10720
232319
776621
368718
353410
518772
20348
658618
512400
546277
703085
686777
625916
805028
278838
507827
498176
467100
853554
450446
420784
957998
833996
646928
151358
87317
850774
808858
110807
690487
308365
698382
123043
184265
571411
542548
105507
715532
793164
404957
368036
442684
717947
526431
362255
385674
148463
737459
900393
389455
128027
181544
898157
485446
162622
540259
11331
912759
314742
719110
803871
465292
749947
491581
358241
89789
276674
794499
434036
964500
652380
998132
87820
810518
570859
243887
761270
510669
281935
194394
407353
901302
914750
201726
78424
301777
257906
568529
919081
913190
951225
685335
550876
469748
52642
694439
379215
825962
373240
64225
386083
718541
343201
944387
916375
266590
720611
189624
939908
795504
714773
512753
66527
777582
338332
506167
641845
915403
405281
181597
777561
526465
641930
946260
88705
119417
128246
825247
584258
776108
660307
406660
782817
350450
871804
241170
676455
464700
802602
65774
276461
868290
398015
288648
527963
681258
840565
379361
609335
172993
283317
529671
669852
886242
178610
470013
267089
434740
467948
885389
482217
394349
297336
647351
875877
337244
993966
725746
543048
620583
992628
564319
280504
130935
943346
200679
212166
41996
186939
532798
616467
317586
573327
442881
333199
423589
735567
703504
349329
830014
916172
771978
401603
367279
544003
244713
548583
425829
21506
792643
748124
496014
963150
860067
281546
215196
261101
776625
470189
708653
505095
263685
134850
814307
959934
955004
640392
662253
44934
838589
552783
241254
269323
657399
407359
892270
725800
508935
645607
281230
938846
913746
702580
842687
108468
956856
402375
16918
54493
625984
376068
232092
312532
921939
945654
72724
859
334540
542121
478086
527101
388477
174878
409883
690652
458918
338460
261580
664668
102340
790218
34163
880661
567769
335867
34671
299776
656574
14237
418162
374687
642578
557220
641105
635428
621573
557236
94721
853503
523745
453760
487390
993944
776641
983642
663055
649959
643346
106319
323250
303423
200942
125596
315287
470972
28046
942741
352142
359637
566531
504300
917923
521807
423191
371896
784413
535736
278068
348670
323996
10623
729380
919164
210299
719434
783384
692599
615620
544653
774233
433255
434079
698529
627220
321323
616536
585845
467357
81798
728231
926281
53503
249205
425202
308393
319461
687483
250742
277407
597814
365240
732046
546087
88190
490977
434557
754946
93839
73869
456874
390125
18144
295101
134895
437780
967614
586920
689430
927483
807947
22393
327506
418605
690789
16779
276566
67573
836983
324145
735563
241779
832845
127902
514691
751632
76358
258829
119767
18304
699074
591838
653991
693368
792803
894918
600392
983124
292248
148318
517502
99659
998636
205915
317356
484743
37796
876125
617275
662129
51206
898478
962507
522555
271240
204738
229507
397544
535267
67909
31356
138702
228595
151016
287540
200137
33640
72547
515868
330001
927316
833321
916219
605537
539216
740096
978519
679565
497842
636291
440765
260680
49636
268303
685148
107533
94008
447038
311565
428496
783356
604439
961404
689802
728535
255154
245622
808872
594876
89243
422846
395514
271568
893225
315147
883850
652774
828955
625764
758173
758432
355062
273611
86602
486179
710153
564638
2227
956551
442341
881902
448426
548134
534280
729664
51476
927872
144380
546810
646702
18320
911518
758571
73761
750399
788071
437414
895895
976658
718865
485739
618048
558903
739232
820744
178948
562036
637210
846695
728897
134140
802660
240059
69591
370799
472167
51455
830742
709630
928048
675075
886443
728049
395678
65624
548083
697666
233401
47531
54655
21681
740289
698863
365961
996569
686058
645217
385674
825914
131999
151622
274621
737935
425005
132040
697019
228677
991722
886647
814897
943188
655021
635263
238578
292561
42241
828815
995941
468716
113540
330412
686363
923402
933534
494412
64533
869723
986653
410600
962045
925609
729064
147076
36030
30740
199657
5285
860270
496759
340889
723762
80490
928074
187084
855546
719963
924261
44036
467680
181073
70236
92497
339121
76311
163235
246521
743869
29198
746919
840136
785857
734796
860794
816329
853600
362997
843380
950940
113807
804794
645891
410103
297048
629090
850601
268533
488199
35367
145294
719867
742255
486772
845814
785928
256012
359161
698105
831847
842497
911320
200766
801622
332031
987222
630348
393106
814747
690215
694855
46394
130126
759686
542599
761299
82940
168989
131227
759832
696888
923114
201791
931753
151593
720964
619232
959386
604909
131558
391314
440076
192116
611623
819045
200216
402657
347543
291524
909965
793719
547724
967756
489464
973889
638684
5303
696731
579117
189592
66390
44216
530635
614399
464111
798410
995960
552591
492814
566917
424730
680694
69492
489242
981176
904994
421541
509925
849800
653169
719222
849577
778726
188487
871516
397582
237215
439548
473106
695161
806228
325925
255265
214856
637166
724056
714747
847974
132842
396234
440009
108531
569567
439608
28837
302875
195287
484864
629666
893088
999081
587512
323340
139447
976623
861685
832134
253804
114395
660755
983012
532353
503190
714588
750913
947396
107008
846345
518418
408578
732808
772748
61160
380771
839362
249839
441992
921926
669424
993389
474591
959581
911988
390897
227767
913688
751237
153091
547839
706844
964086
111883
531935
667811
149199
187500
105039
816177
504795
607975
444768
269178
157116
592810
785910
400885
120032
56936
486282
240029
344409
168970
756450
995860
837807
153433
162574
351971
776067
306194
685963
563202
661444
977417
726830
277195
212550
654782
870172
434685
772539
578705
106960
520125
516018
858527
379135
896838
836283
795485
546202
263196
164670
965956
431027
574805
961790
169286
758041
844904
844858
429074
19542
758221
632066
561387
181436
748868
477107
447647
316321
955997
246465
71748
569494
579099
110782
790363
552399
368376
642533
39784
836274
231839
704700
68984
85207
211840
738524
494790
556614
234483
370420
622347
174227
625193
380139
499659
92015
896781
12639
421513
527160
648970
829076
685712
75983
673365
338983
323501
589849
973494
128037
194073
826393
128081
760376
395873
301697
694814
983757
356717
590162
544562
316074
705853
73739
568733
287883
707228
929784
199781
112283
814416
241021
434244
153890
740656
652088
82805
222481
550096
550706
312317
454725
205046
506724
56755
229202
782837
313063
811725
991968
685278
184810
369268
326130
929173
8894
293452
602354
420286
479424
631016
368527
210660
898626
807800
598115
251048
98188
31694
34949
328428
714520
64575
193648
537215
586902
397127
135335
533333
94885
327031
546905
849638
817205
440984
246897
942220
104460
260276
636061
139746
690614
480359
405504
355063
728953
890242
117428
372976
111807
570021
424342
917719
180049
439136
247338
337599
342663
97465
118210
646715
471409
690782
271904
782029
249550
819915
114065
176479
820601
827125
548098
168590
795644
583235
727374
470661
820161
872648
42968
288558
172497
902064
746234
889112
358832
428965
53613
640687
539993
725528
901761
155341
145662
941096
887746
730253
647855
292878
150090
644537
297876
429562
760238
300946
572976
647311
920913
84271
697775
740225
864422
735916
900497
888426
127922
901091
53914
812297
303104
457180
800258
163920
677506
324263
758676
675901
872923
914162
668974
442460
211398
180494
273275
724943
395617
793361
400267
271291
136868
368830
226676
283678
900522
493716
512481
689948
596981
164613
440358
260988
699085
328926
194082
117359
834037
552565
652682
90219
26804
519859
61585
557581
367421
843170
474406
626929
364956
825160
992417
597471
416232
545948
909209
839569
164206
179024
458909
330646
831595
974836
155478
423909
40239
444120
363338
856686
75599
354640
580736
427456
78283
677212
58750
246721
552957
480760
917691
684585
687337
688041
125483
378618
883626
42176
263880
492995
846526
976112
705193
866681
241321
747818
760845
201718
498097
995288
507830
778741
864541
329612
886391
166876
374893
302885
397357
713963
784422
964777
499457
487038
284980
451227
827135
349272
946677
756313
236614
152468
256705
980631
780399
136599
995404
103791
229439
198045
809363
917242
65055
192099
608382
801432
804950
9903
238915
659980
822291
348603
960050
433718
229378
296670
923953
202599
781337
444824
827890
32542
315224
959740
850959
574850
173472
959884
144423
111293
116293
182699
689884
336447
707849
620311
482050
270776
694688
503518
845462
786015
949056
828680
984389
114403
618789
742144
141429
136241
372970
319363
289149
975214
896505
266486
451711
336929
586584
343687
279106
302634
357223
715013
868446
858564
785332
11854
374167
771805
258328
587274
839720
534344
861573
102221
149169
641854
24743
883075
425491
188739
290474
374029
11044
170785
921987
21547
467791
525614
514201
126457
977822
825689
857526
612729
953884
129578
502925
399789
736364
205515
301668
282090
707739
405851
845505
606348
765878
106950
952551
483456
415685
58383
819545
814082
619264
99760
190744
835226
199842
574326
154446
215105
880446
624203
187843
520483
99659
257209
88377
668453
985138
45303
105435
948781
511582
785702
412723
656766
686391
324752
653229
634165
103796
401631
869340
446496
26821
872256
219713
104922
615574
570937
775992
92689
96950
342882
108789
574925
368915
711531
925154
916134
899758
58192
442007
191399
199700
155501
377673
454295
138736
340779
185728
197672
18426
527555
663250
874549
787832
50486
720075
120521
961330
260446
914319
384569
426220
727706
517137
333575
497684
677679
278356
661122
373337
829806
210744
285525
144776
936702
634594
529423
427338
302561
405117
103900
350869
313553
865976
141037
633885
201587
734315
651370
997784
561956
511612
339635
818756
463871
117528
911914
847493
288402
972134
254435
456063
239063
848605
689056
406564
288556
778706
887169
902607
994872
910542
86158
741144
919475
760003
718197
978691
791080
300097
652133
758926
180515
784456
283642
326821
496493
44015
759794
165952
578842
108402
363378
274764
335993
601567
885197
848202
835697
922992
10179
171019
542777
825495
800338
895713
840084
600722
481782
481419
60953
117025
933811
220326
746850
834318
73723
613789
27718
177830
173099
588573
753160
158680
659396
298199
31927
877309
455422
612236
363487
264883
363242
317822
828308
585172
507874
481259
596563
398950
199213
617864
58533
202770
45598
654299
902040
711018
983924
721941
306336
17694
421517
200980
822660
493377
326699
61661
255431
315223
313510
236081
318033
259292
878684
602318
405285
603985
961681
291398
346217
886459
682191
266714
961668
104666
39589
844501
333806
287114
514763
770381
943634
927229
497297
785301
693954
704496
615818
735962
311050
362914
620316
192388
762491
90555
397
645857
125531
424489
364393
443438
619250
154115
959034
514841
473399
958632
87081
14444
660983
715096
719588
649442
824038
609185
508584
745928
458279
810293
271017
668936
764678
677190
104795
924138
876760
655349
71259
145405
571482
782617
75845
931541
443378
85945
669291
535982
456951
844612
735193
857651
822856
238199
397852
898231
338612
479962
327314
18834
294912
813515
861447
604159
929276
399051
890675
21329
35842
154745
159256
92574
791331
448561
775480
74417
114753
742260
699960
135609
246245
768482
805929
691438
641492
943913
261285
70664
137971
353254
81896
972677
584268
154411
162411
796679
410006
849418
47385
491662
536585
290123
278255
858088
203966
337450
344901
379577
534322
826743
453434
328819
610756
788489
51999
784493
501874
524593
466876
2416
808623
255087
417681
103746
589254
8520
818107
485256
352350
865344
331520
217169
339786
749556
386257
730928
589083
31992
914556
719638
810478
692923
564948
261333
317447
611701
937925
366745
167401
855775
36992
608008
578331
156562
583036
636949
702056
173816
451910
901783
262784
564247
683831
293386
163500
702835
259003
755293
183723
122710
869479
725049
210526
432532
479070
816489
478977
386586
476154
670904
209197
187424
102836
267472
74966
895043
380894
840351
796927
280376
264027
512255
191337
728286
811843
882106
924970
936846
655978
853844
600639
305235
661018
142794
172693
428868
818677
723212
643148
207052
523656
399658
923061
31199
786549
765933
271651
355366
892153
158618
875094
302444
113187
405821
298142
375562
940578
475572
480686
838439
396195
911190
684036
826031
14435
392137
102659
484539
58258
506785
903026
214793
342446
44577
189782
354127
576227
599048
709601
675079
583913
664998
692500
661239
544789
247590
727052
617558
580507
186013
705761
507572
112067
583735
597762
178009
491190
814049
210431
867086
754555
51616
276451
454322
212574
88117
386580
998935
348116
80617
476364
310303
123347
522487
268728
996051
237392
348131
719778
529527
601571
312062
380701
872149
191452
897540
816920
892937
509272
470210
361667
984936
776072
26901
203560
658699
394140
983925
609466
375515
649762
16349
296169
455856
468734
454403
624824
334038
253689
828728
240806
533218
583849
63728
339328
84602
978934
705304
42727
108870
399886
949895
183557
973258
36952
77559
231083
921953
104227
176740
411916
879569
383566
775466
860057
117795
687490
167898
611735
917882
217640
781121
402387
485808
47162
432690
655879
517519
33968
727198
945869
587901
740188
872147
88682
300230
149636
463912
889438
351053
637686
539253
810234
20253
334110
906303
617870
270316
324509
486558
489620
636755
141284
457570
394946
942977
723365
202254
929942
619143
353678
192130
350695
417010
259432
313392
402042
1527
884355
464304
680949
750785
651454
342893
916952
283062
97840
424877
370323
411845
914201
277369
779959
785313
895428
767311
251403
858318
578908
438459
314268
455602
971987
653382
196272
753519
976848
451561
719732
652407
857877
617426
542275
49331
34230
142084
899302
965426
45235
661283
540117
827874
675280
484675
16550
515736
502758
803284
886253
352755
130773
199876
576589
382731
578811
709320
684905
560069
845119
839247
249936
798574
294953
163646
397458
843065
310754
294214
230221
339981
672407
207219
602822
979122
952214
90921
94649
62824
612161
364736
1386
768394
464214
972926
422452
1287
376351
410258
937277
431807
270224
133378
458610
362411
963788
342573
656993
446245
153527
494485
528524
882397
647941
810096
667170
669668
133521
130253
318541
217694
663587
679544
802451
927939
643316
194979
435322
793005
788610
122673
680663
886236
812156
869946
513255
652932
792919
176421
449660
828352
521726
617804
371052
284397
572668
912679
769566
192363
52715
162173
462660
735590
294107
941604
936734
430189
52698
634619
312399
688601
566297
477880
625384
377829
583662
209080
753311
216007
889156
918564
378982
900902
546785
370392
349430
600519
736197
203739
576479
30991
780528
198625
351388
977314
247570
622682
47465
30326
545091
473136
214794
131013
153126
257904
62135
679143
203266
500747
979043
554504
671126
548295
833471
140145
234090
952651
453811
491623
256418
126486
730912
773602
685706
20821
552283
59160
91320
442430
489078
788531
788006
377886
257564
355579
686738
217370
931798
957425
178007
447826
941395
969384
671972
161038
97496
296803
501191
825344
829418
175348
193497
56326
455175
670281
845416
360906
952875
338440
119843
172119
327417
472919
742202
875911
524692
699413
38727
808610
719238
833874
707973
557274
413217
134709
804635
635336
596928
26086
531241
785906
340409
67623
695328
141455
283175
658113
911885
672252
504697
741067
837234
786183
969585
808424
20113
10272
440878
51226
997997
31068
777932
455544
728920
84295
970532
961559
970195
30142
875868
768903
774814
816052
512847
13835
290093
416423
323810
973449
131616
147162
64905
254663
87190
72606
564057
486480
692939
361670
754129
130149
740780
7850
455888
312335
105552
803492
995460
742458
786492
361791
142108
54328
887030
439982
144889
455057
534381
965360
207105
399771
672055
844601
519891
84045
105178
162636
914789
14806
784046
476270
317096
808976
883145
35238
952093
889966
330010
188806
238410
681648
176054
576004
510399
502814
64089
141603
508063
202893
84745
203061
591585
858222
646306
511655
462130
945842
237994
756463
878496
536694
237687
515429
390026
571628
350069
367694
434639
810253
730870
233947
132993
788436
813873
25864
481493
370385
82825
369365
99331
452923
388633
695930
588098
841428
415638
747616
151916
64637
761546
488708
155799
803808
25782
695415
919878
695606
631649
781997
402859
4620
828691
956062
43051
423017
360679
506934
158002
892193
599067
884810
515539
460008
206400
14801
136760
715135
953699
681965
44410
972433
855839
288944
680475
4625
636495
129848
317119
550119
646555
421330
657395
644375
846384
751952
439711
639843
100530
833924
725110
41522
772591
617615
36800
206873
841693
523180
863828
462145
960704
55194
151259
406031
781263
747506
611292
749865
300967
162499
827763
64748
650464
293009
985431
875421
215529
608595
68721
996411
606782
607139
80745
685425
768562
742778
890626
403679
932496
980330
406029
336969
746811
227193
164893
174313
432738
377661
379980
306007
690583
254395
896094
723815
609582
843002
599700
887617
35744
603473
264879
950941
468939
772390
160216
106675
965394
465498
623056
727231
691354
734415
923892
563280
274760
385270
274318
571796
120644
275908
872955
902318
984529
202248
922078
143711
260035
991073
770117
25669
477549
691217
210146
743488
853793
653978
804291
155672
924782
302062
674737
863238
274490
966629
76355
610209
574342
940802
497855
605775
604388
958256
664333
919449
608354
715669
680775
97730
858200
114706
620132
848840
923569
249259
1563
629106
794564
40892
660378
986060
140368
262028
189581
229158
213279
584237
172050
66380
180954
916504
890615
500318
127592
388376
220641
225841
103647
215560
437903
332728
636054
278380
485773
515989
272663
475775
137671
768065
346254
161646
437581
494625
511778
854958
854138
359099
521196
741566
908890
190098
912386
885350
340778
523490
824778
831242
907624
758259
939608
791668
891804
507337
670812
934596
53215
280381
161300
228573
430690
821321
44734
693047
404708
669328
436015
118415
474534
783543
759916
645000
567345
259430
450687
482856
99196
366991
482593
601605
732937
706213
26806
235786
832872
321096
609159
142405
901320
319764
956589
367804
140155
55797
448200
825424
232649
261867
353058
95623
245321
2276
473634
989887
788048
897377
889603
679596
595083
23272
842766
286539
479650
914437
808407
831439
424425
414698
351455
175134
454560
435167
973305
675009
874741
28900
479307
703345
561444
521474
992876
374693
749485
643485
572845
442585
38189
497769
686753
50646
609287
365029
998758
881708
969922
460087
759914
304570
819675
28075
587394
7269
638812
668894
890931
499378
966
544101
249527
935918
556862
672998
960199
344461
370715
326484
658624
561702
586933
222683
195005
913787
376961
521757
227656
832428
813549
202993
610993
726630
144624
783452
743413
955085
766482
499682
67678
934408
329074
172414
481905
305969
180343
416137
971222
451801
953200
667372
614109
648834
188553
250408
288860
364037
274620
85237
645121
916222
469546
391239
221630
601894
163532
470546
448324
625608
462092
759407
739316
846058
653611
368740
796338
806973
275529
538763
664281
137715
231228
313856
520426
520184
763484
876428
326045
481149
731281
784002
505904
786869
544027
731054
46132
6994
56481
273558
54631
502649
596237
382911
579162
666979
280811
530489
982674
351488
931626
282503
964894
888632
508694
434411
538909
497854
913916
424585
907549
417046
630445
999438
788579
392067
99229
813378
437551
985645
219243
89422
35721
966474
908234
223526
949871
26492
387554
106154
385073
678142
154154
211457
548089
760092
2338
902568
305502
463076
692510
584114
559542
861340
541390
764075
531770
569477
752803
951869
708856
123785
611729
202460
35016
736621
104831
959775
679991
19697
381084
190895
189025
266367
394357
299593
780611
187738
787140
658821
529265
247924
322311
976951
993632
725087
733850
620344
862794
757698
895173
195215
774818
500667
250582
644667
377693
159211
98114
911426
218263
351126
399384
947985
933689
361685
384603
124939
28555
132938
201222
91006
622660
154102
491740
344602
422328
696094
309663
834556
382427
666035
186774
613237
941617
348896
211038
482022
738380
149770
127995
951956
49662
404134
729479
415827
973500
834722
124143
164743
748597
644356
37346
245824
230629
55406
23964
767437
492857
433282
274233
339570
862014
454812
963934
859246
534262
630061
135771
419733
818230
521059
668930
218592
456135
569740
688458
314901
73839
965911
930990
737021
985157
134431
398779
706261
922627
390938
196239
748651
462323
720466
94243
221566
913635
562057
384552
244150
822298
199507
339988
478745
499797
824535
317081
361055
328050
335189
783690
267973
649058
79119
570455
638708
831145
87562
58076
162423
462764
511090
5408
432700
392596
208340
163506
284095
375214
578351
578310
542726
866852
339660
113983
955084
130796
336008
143890
234720
995245
585346
548681
788394
608813
760698
121783
401027
445796
287608
711864
659155
185195
692774
591169
736023
964511
51912
186898
790855
258300
698050
618499
916335
499293
882629
755998
924204
944627
61302
362063
715774
656841
305896
438749
60934
794481
663881
671652
422582
225038
186481
229868
837936
163792
621952
835109
85115
304415
526926
747701
916671
411927
316300
44534
615376
931610
23691
769150
650864
408734
255134
413381
909478
960188
869904
900629
243430
457016
176679
974741
559376
468367
409126
939285
529809
53730
941203
937386
192833
248743
222485
540171
943476
395854
241685
883300
505493
680880
209961
894400
247119
540951
399052
619243
17577
964857
629773
279904
279942
231106
917097
754754
855753
965902
249377
318109
165161
482143
749878
83642
338839
55237
311858
930365
375224
973848
841757
68966
849769
58064
877788
254829
732217
722477
946510
846855
715396
356040
356391
114583
560544
9996
674332
36181
442286
540667
286692
314781
109412
932477
585776
92375
773915
244602
310924
990140
659985
407096
650918
682433
965582
740378
177973
671096
973724
4036
245478
950951
683683
755208
759268
528141
858627
636427
673358
758112
743625
755956
778630
653748
923560
508006
440438
907368
521750
765542
839417
154712
685102
938964
88777
22378
856263
871564
312668
888059
841910
702762
224201
424559
32957
294989
462849
163927
679434
127035
676355
639723
205005
883751
331098
937972
46482
452326
653248
457382
326339
383355
862845
654382
274456
567651
129217
77040
242642
505005
256555
194953
435971
343402
225355
662223
953514
348297
710832
885505
880185
565441
70763
487216
591332
727140
63783
599668
743289
226215
755410
254406
167766
156449
829489
368855
626155
590700
681477
348063
519838
104663
620844
800355
102839
441910
527790
715432
89978
137780
318467
311758
150452
15559
816668
594921
293070
972615
787840
325939
879923
679843
450227
592335
120577
740140
676434
584930
674781
667978
39685
702687
999812
515570
649135
957779
162607
991413
12271
2037
663610
273217
964866
458262
601316
346763
264778
700022
291079
496732
556918
547390
989456
298191
465890
359646
297803
385228
924952
371365
379640
865267
229867
226676
200398
159003
300259
274061
796036
329469
365183
587857
334416
379583
7575
914413
480962
550510
767879
40216
579133
240296
742083
534474
50967
763859
747663
358167
9985
506463
998243
217255
873554
494014
501636
109642
404227
282604
95178
127943
766882
654628
875708
388765
356274
802214
157549
265503
527905
337173
580680
558051
874072
705260
872796
187580
333257
63071
350620
5089
718759
7219
565516
994064
15140
444659
344225
225472
242761
984296
191659
585949
760316
403723
336055
463349
379998
802566
818286
286220
666852
823358
564259
993678
32231
555337
590056
569447
989425
557807
237709
803695
818176
101007
977809
29606
102134
635328
565578
442199
948437
270141
985298
100734
635196
407748
321279
675141
790797
506324
293601
729815
808521
317640
359759
481341
462478
221298
962195
801651
918673
583430
487573
497626
942111
413004
271903
782508
623015
448469
223362
84777
684939
234776
520657
672758
484656
97552
903178
437855
383026
969697
443789
75535
817748
450149
578373
213157
633382
440620
61809
789108
984269
328246
236366
603945
893469
248335
138394
470313
893123
532365
366289
871974
459106
437996
499368
917103
585932
909231
159945
145932
763464
283753
411710
178795
619687
403273
718037
571615
525384
986597
967477
215370
422527
123793
615997
752788
939143
590139
519889
198920
422478
854757
382408
562186
484251
824215
752533
975437
385720
718712
468554
268920
620187
625939
57003
166945
110710
276846
752200
157504
233260
403264
810739
690880
213186
420356
6068
231587
39626
152997
781452
583073
832113
338159
57127
924330
254126
166732
600773
839491
164550
888743
418528
554421
702901
605647
509642
663618
618964
664509
241873
386561
319271
705083
282139
194767
244048
609790
141843
794164
440813
618274
486218
892573
161287
968887
406975
307410
799379
693987
611882
398932
284342
91235
893024
399715
909262
386867
210482
992174
260761
171542
331411
554642
717715
431249
11007
103742
651044
24511
812773
227652
991418
734100
928298
138595
202509
588790
752945
527798
407224
532774
107808
702569
372120
614410
923741
133111
219489
101567
351779
261954
958311
895565
199493
184272
478996
966269
255773
521804
60746
125695
249565
223160
680750
579826
815354
164584
903791
786246
570443
382353
738991
666804
275600
425862
954389
178598
593659
880597
363541
386011
995721
448656
290530
911243
267574
105185
2492
953096
809593
642080
984782
361735
447743
884482
282180
864825
154182
960507
670583
634687
823038
826531
852667
548363
326868
635075
541947
533201
576100
602241
826459
39261
325087
241594
276225
457104
230104
932825
580686
207550
529924
493594
771252
262934
915823
728024
963592
545584
915113
755842
393380
989103
945310
64046
236380
881843
375512
314579
906342
940209
760918
608109
61222
416534
390429
71348
423111
495610
860104
446427
28451
498010
694000
253507
217680
28102
292560
383242
294806
332878
596746
383855
138049
207344
26490
439232
922592
923041
980007
167646
739270
30646
78626
66483
739874
127841
502905
748722
55563
137684
433047
87233
175164
974715
834466
704433
392515
706885
949015
420370
303652
972539
22191
593409
707767
255447
712122
866526
773528
725547
997415
146892
51785
301921
649457
708656
194370
195656
747094
381875
200438
103557
365512
29679
572633
876689
505904
108367
260100
549140
84391
722795
799833
310912
18994
887060
577822
845450
480840
732679
796717
269031
695928
300525
13349
860364
689147
905413
898404
357693
436828
116919
674832
761213
313917
927930
38747
718492
680645
862828
113602
704266
815716
256673
994250
267958
387989
553409
430854
129069
100593
91061
137993
580908
914635
150397
229416
297679
583002
644660
651720
946519
770618
552714
392745
517191
533756
722620
227836
531460
61350
593879
758128
401933
749655
509402
262454
444360
625517
923162
170285
140095
234362
626569
999545
762020
845453
150763
488696
953897
80590
336071
750986
642323
770085
150913
734030
530004
683671
89717
519618
419304
382820
526638
667525
37695
913810
694180
984570
678875
22736
245044
127744
534244
391329
980
29964
81814
176864
907225
337349
23278
409517
857802
44060
911999
813635
928955
565497
367082
623618
742295
77861
14976
98299
304363
235446
259133
287576
253180
862343
419816
32849
32443
345141
284998
700301
965771
596252
840040
138378
247006
977808
619454
581847
613497
44450
4103
237086
481312
968148
463496
598806
846361
357959
598271
707097
398373
808997
475148
959657
387849
653523
909554
225357
165573
354849
187941
758646
443465
231947
320531
308054
650858
584217
857325
534079
988848
292420
468949
776456
529209
385794
125494
313410
982145
231827
380148
152299
73480
559988
390489
59525
663443
316264
199385
778308
305077
64657
424802
255438
694835
750405
762129
186250
405107
494851
317909
74544
459900
784926
738101
947802
654303
167292
320902
274211
76840
299298
165090
194576
525692
164605
7926
712440
670822
315997
897904
636022
659999
802267
801320
197561
169645
568824
90029
467467
253750
835091
874358
624130
957221
98282
939636
688355
334052
815702
730388
775239
792552
132203
668522
200164
42429
91987
841968
957437
939207
969611
575296
71180
290363
894377
652922
725519
340161
127091
209309
773720
413056
354469
487198
624309
444431
893176
221721
385814
190366
334374
859255
733285
840925
509868
532963
829924
538699
388769
218197
176703
24166
91790
180281
576015
874152
107138
635249
90023
169675
102683
329277
664517
120876
948491
353066
867814
628743
315992
90874
877203
629378
980790
415950
523627
612610
70474
362188
602438
726782
226341
304676
248563
416540
828591
787366
306660
843727
615743
742360
448504
375727
626144
20824
743025
99343
387205
942768
367867
918111
769926
466906
916235
197318
950152
695065
984334
612341
458862
106046
265047
900731
878668
452324
581572
653647
264361
14436
468635
157261
20679
882540
458138
944202
115916
55956
494290
964814
797349
748504
662876
838638
764130
45092
81354
244901
988513
846356
920075
422437
61850
678110
980068
681079
642267
522574
733582
855612
162
970328
950036
225754
865458
773016
63105
454411
165643
904596
138508
458648
166900
876951
572828
211133
530073
940807
226910
877738
552028
335468
562343
651061
425287
747540
534788
885390
726879
712901
582482
657730
952427
780196
993937
282507
507337
117659
173175
585793
51208
617839
354418
873365
855123
253411
295622
691600
200521
1352
262426
334394
748923
757095
209758
631538
996016
599372
60418
595661
94209
581409
448532
761191
635352
420132
710640
777165
22821
516726
753457
776872
498697
889723
871017
814784
447313
607134
510583
314372
269725
119670
345787
361011
821246
888617
497235
665038
758754
83249
609404
316190
38335
133367
454421
411460
801702
795402
274836
461797
539909
597929
245444
741743
68513
327074
271423
367188
371074
466287
567843
617135
385935
256566
321367
343747
280328
866912
431491
52317
173942
644409
186991
904760
467975
669313
35041
134130
276308
600421
642754
680199
351684
683705
746369
233686
769772
619816
851677
540693
7799
864373
506120
950907
14755
73472
598873
6276
580605
617527
308497
695097
340840
69733
279450
439263
404173
756567
828471
123831
912206
865312
569998
589525
832934
972807
184131
26170
367839
634146
241202
232097
224162
560592
597118
388443
868089
668538
68929
331593
353265
78935
255417
232548
40030
25903
268622
622234
936283
869700
695403
545103
603733
269308
158102
340939
795946
609407
371580
283514
695191
126300
953388
40309
388186
954716
678626
232242
58977
282876
567739
792
189973
947902
811471
808432
954925
253311
619277
434320
929224
457123
978673
550761
561233
546552
351037
52042
387889
813731
29524
518745
950948
935003
852615
789696
153235
891051
324671
601888
587929
437586
896034
84843
931430
414810
402317
106108
827515
917054
299496
656277
887296
133619
827134
177516
380031
76970
858466
850195
91498
252556
730540
820248
529469
943630
664141
86674
290451
396047
758396
577286
576916
355910
294129
123064
631748
443924
775505
120884
282870
762602
371747
965824
316317
166837
288907
187730
256878
702192
939764
863192
789376
856828
751376
549889
816123
405729
164731
695039
131840
968477
23304
486412
41959
135840
684058
766893
536113
636072
718068
138674
195277
583292
152197
485591
696724
290469
230392
165120
499578
567044
122634
428982
513991
771152
886079
932909
504076
106545
849448
475937
105283
967702
157295
569991
905818
665132
989812
824739
161583
75461
550153
413847
92167
440974
440723
996314
403625
543377
771885
207797
619271
197034
542971
591168
785298
722884
45818
782694
110590
134435
85827
800061
68876
998985
157792
306201
300965
178601
148295
498309
753873
527920
818434
663232
330011
940485
654613
41025
944743
82278
494684
706833
629032
210925
375842
463886
109688
875472
162344
312619
822441
989893
690434
158035
633069
227655
237526
929908
859868
289475
941526
286137
245418
919034
180943
547864
848553
371218
646185
737301
970166
961783
705663
334229
457985
868982
823169
573182
870476
305523
107567
904620
112234
603595
312566
669459
449393
553431
229664
655022
592559
994106
92409
168208
487241
26828
420133
982555
940559
106825
778879
831851
17697
236784
388022
778122
963505
3190
141278
231967
842913
232933
840665
72783
502433
149747
332219
19873
24719
698490
384857
582827
882839
590328
526135
272662
914222
728021
985772
252269
968918
531355
800609
420613
887979
690381
680582
161642
294329
89187
445107
140533
166143
868476
47702
486663
767826
374314
863960
534658
900056
974631
262000
758999
80511
651156
721358
899868
176684
626655
833830
663762
278766
278168
94696
988916
176870
546754
808807
546122
751687
250935
841300
187931
971037
575985
535215
883070
977895
841983
858599
492650
863134
484173
519581
833771
209013
461809
668863
292789
159440
52727
421225
894684
423070
845744
533234
777591
327796
642207
998660
902682
188372
321050
724962
879618
725534
19351
326638
352826
707677
15886
135502
242552
782393
387923
43444
724706
630695
828264
106667
144654
909915
640690
610460
763191
729571
309044
473531
974362
814602
170061
176949
849194
825898
880524
478220
624127
996107
989084
439856
520649
593727
820952
914984
912816
320706
697460
926806
151288
220091
784523
22363
431144
232454
807717
381929
151119
545006
908606
995665
92204
293995
403221
80092
430730
230894
643025
572354
405814
577509
80543
382131
646209
334749
363176
383813
936860
791513
371180
801594
591172
4510
411105
265149
218456
485218
555917
292081
237195
781050
117363
515147
306455
3558
956737
344639
974183
745193
564677
880299
365010
808290
21544
577773
689160
182606
254321
695821
10493
973087
682657
708349
888318
903788
888606
202915
713271
452019
514966
493883
227824
910514
493364
576032
835850
896332
359496
96658
135313
493994
242822
705538
357097
382732
258470
290171
59999
651005
679012
26436
196710
263194
602541
635668
742807
233590
589935
619538
343290
754618
121541
566213
42338
721236
371358
274992
394480
542329
929604
746823
663031
46832
679765
35994
620794
504783
479661
990560
732280
521371
466211
625177
194873
715596
367427
429027
10768
923372
381816
546364
180672
411002
227186
417032
269592
430362
710854
997310
124594
858838
941916
335109
68169
732219
202903
333438
22230
464818
371585
845285
820888
241552
712557
668174
925997
640989
57786
665801
306495
615051
330157
92260
404756
666147
913805
11942
21611
341894
497516
627200
735049
635287
16243
403420
920928
47936
786934
762585
77566
193944
25632
206147
115449
821506
226849
146612
105488
315998
718994
244982
220333
786193
917630
405953
844450
930233
928891
855689
735567
669137
239044
238683
864831
539036
278201
290266
683411
877821
909671
45010
495497
270662
761882
250596
12954
555179
128633
107903
693275
729872
550862
47056
999536
976289
63772
734688
679400
849299
490827
99514
138876
944058
738188
939584
582390
92765
354684
51843
117298
132988
683821
78841
931863
783897
267350
387787
659625
266744
342167
355416
269986
811485
149138
248610
906900
381035
473090
688332
265657
21372
493172
39413
310327
587040
475763
800747
200798
954320
715337
853036
335067
30879
890733
825643
967072
322312
424661
425053
635517
377279
744451
913277
241194
656207
216446
310391
399139
938742
984248
334512
822206
106319
156889
781489
513800
264990
589020
195576
404385
922896
180898
780401
313995
170004
630167
418220
2535
753960
236946
20397
976485
864717
229696
98933
828349
892040
449732
586915
594372
378871
715823
382182
660066
764662
45605
28241
618956
188816
969123
553648
844936
94147
92620
926477
895200
740821
916073
871432
823291
968890
206649
589681
51787
339628
804204
339188
738855
329187
713387
71682
475037
280069
578094
620996
585034
686655
232566
506122
402193
629366
804327
336931
53764
777852
513238
672195
629073
716563
460970
4909
629524
364708
980189
300838
806616
567541
533849
636093
357502
956388
317092
128191
322630
792376
376412
972739
965764
442542
256916
345326
915988
664899
220917
202964
55085
352616
160819
800434
506251
527024
862310
44508
460507
882829
188151
269040
25323
902134
590378
354209
574114
946893
456279
648442
101143
348354
23364
915706
747546
449018
948438
985568
507818
359064
151893
997365
934235
540670
376323
556217
541325
253405
112393
386475
611426
549940
734337
886378
296804
108777
577205
396863
899302
679167
591072
129933
185285
911245
444639
245503
211872
263996
672358
219349
999806
661251
437561
272641
934059
669257
226342
766184
194267
581960
762656
931565
527011
921555
608551
658156
483491
4555
90072
267129
589448
278285
210510
520888
51119
92568
936495
815568
736478
919608
543461
196945
412587
557596
102221
905179
103253
824934
456122
494392
197299
427145
229500
768442
607269
658890
965810
760643
971707
839632
34624
830044
999804
437683
335436
542046
754160
609832
859928
110812
811852
502966
501103
926817
246400
731634
55471
23123
22161
547673
772501
741520
380664
317230
111513
523331
273980
396507
641259
694216
750739
819512
184023
791629
880391
260522
909659
990777
136119
713306
857088
298739
687156
43260
30025
295425
709564
337033
387232
155590
380553
753510
673546
283336
189645
418772
379878
458463
322197
765166
7388
523287
255089
849186
186426
399737
755899
619403
122974
630630
576208
205946
965193
933198
637359
339557
753991
848359
572503
91218
750058
583389
898634
905243
312165
79628
825857
441629
164464
170153
723787
743156
111249
360298
344673
782111
722618
40122
711425
986434
663257
197400
851248
421210
235186
198577
355612
164897
989930
571120
713753
90843
326526
807777
186567
925181
156766
172669
183443
869628
450545
276527
53364
921797
23580
794644
794793
520874
599881
611588
931213
125501
543012
188271
259221
30319
757763
48447
996846
892476
327923
539674
439098
380011
109565
690920
548523
739687
868482
908087
722151
600695
686538
890582
606439
553427
363152
201877
455614
762847
551159
897995
566042
512184
184283
381458
272491
45258
787567
685478
860216
192162
319607
600125
677661
70167
868060
288765
887256
617549
654201
23331
166459
564012
153053
238552
863113
889039
652396
331169
272096
329953
249256
265832
630455
30309
241891
449451
132500
111729
411192
875284
572460
320998
218492
964945
152656
655932
553128
373942
35394
285097
708903
778928
502126
477059
434532
254120
186352
899701
318858
557694
479881
582374
270114
529
528372
812948
986973
205006
676807
145367
974257
445215
19003
283498
691984
540790
440767
603663
59872
125202
753209
273821
588749
100507
164764
943546
767756
383306
101509
521836
496828
363783
604926
519740
530332
589573
705122
979506
182295
829687
536140
745352
182862
51840
703278
119990
168227
927643
385973
216350
491382
820178
191889
445823
562213
607032
744775
465570
230567
532442
8083
994063
518229
224604
563901
742099
918605
967220
25498
788493
654117
329706
529724
236010
579094
692903
199335
310849
519330
357248
279853
358406
478947
239659
43626
968485
509496
523049
804204
799008
784372
119996
881173
613940
18526
22719
593415
271908
168543
223672
889713
215325
580859
137866
764726
817221
232017
155060
639395
517122
916885
411004
472461
465644
295649
765490
334454
885501
245342
824018
405481
257712
144796
363684
750397
692525
850958
356299
46981
889932
942100
830993
768285
529167
7021
216733
159816
946653
743523
278020
290250
52415
387571
420202
545395
181635
372575
95139
624743
874324
620020
775960
790782
902928
860548
244445
967190
140216
718415
347133
365982
409767
727903
429488
650190
857380
551369
279740
54379
886800
572020
165946
27502
80389
491301
104229
315108
626350
952219
926130
12485
816965
83674
423999
131482
581889
624608
167703
301245
689250
126327
805672
114298
832143
402178
762854
610824
626880
769151
62058
570011
174289
1976
142095
881445
970798
844569
469094
97004
459628
599673
299334
986364
549833
183405
878573
463388
358265
256292
488008
68708
482897
516909
354346
76331
709488
336871
277814
915893
582952
901165
51861
823011
330795
438026
663801
393764
208989
912423
277493
884128
434880
19044
730147
269461
44703
911788
40522
781386
633456
554341
260909
497785
287943
67183
193835
135204
232970
430611
154356
787797
799475
978136
856324
506310
908576
804047
656285
862462
651409
619238
360516
700532
469176
386096
499601
889672
259419
144807
576305
473140
610219
635557
502141
637094
647089
19025
302904
982101
57778
918270
165991
877308
122699
738844
480548
83816
846362
396012
378223
681218
427326
624225
78911
488554
646983
92585
223004
827953
118042
753363
267381
141130
855250
118518
142364
783436
517346
826767
196342
912090
514602
743296
842162
386876
123963
175041
81438
267700
631204
625874
989978
901116
427298
513128
796803
829621
405490
772554
893559
453551
836225
420125
720478
997686
87802
857966
601608
371774
222400
720702
203744
942069
843562
464982
20393
49097
19244
980473
979144
933667
968283
819711
455702
944290
828920
866080
915628
83072
74039
282911
438999
555419
124564
715341
241210
196241
332115
288647
415048
499707
79424
930145
374962
665160
297591
470166
414874
935307
471557
37887
235493
696908
963471
229307
923791
338297
570384
578967
685389
126399
989362
318634
916599
307865
157032
411127
963264
935828
444015
702905
439958
170333
755625
566116
395490
955496
490114
404067
232993
511487
885498
890849
964212
604719
887337
384837
510375
591753
594320
589330
804059
694142
887509
800412
501504
188889
403290
239478
501695
65242
865534
888404
939823
825499
496919
773664
335135
533912
408326
374774
630436
360628
369787
994473
410872
761175
989415
348539
485799
345811
233811
846940
183830
189461
59873
575539
935969
931323
391615
530268
793281
197319
500214
357780
203483
267043
262895
368880
907610
284144
146904
575935
41769
4838
807757
917132
36919
752911
511328
113197
599019
36018
965569
957909
702526
784511
577425
190582
123898
283975
202825
360999
569500
567403
632783
914049
245808
8128
582508
525265
260933
383854
535437
454795
640053
945787
641145
182380
445248
404655
719346
513213
91109
796207
568259
399497
619688
417760
325919
156325
434824
692237
206718
927557
833867
891679
171679
478031
982797
231192
405624
935024
362893
380565
436283
186695
965620
519089
948128
111619
284591
381101
296090
611331
132427
69361
128515
484593
591083
647612
368231
668659
760337
970769
853986
477926
817244
368593
144777
90420
945214
41509
580470
536247
970136
859046
841423
6755
795333
774992
541692
464111
474178
994232
93216
437635
783695
619690
727590
515331
745579
58804
489625
780114
587708
801637
912379
382996
868414
609390
641963
714126
428954
718272
523071
740201
792810
127662
566780
229003
662368
121732
291730
833144
309755
946890
327606
353227
315909
370127
828842
398542
155635
28668
570250
260349
501546
24822
348426
173663
362465
564105
286230
377301
838023
336633
134340
595218
332741
394669
398299
809955
309261
857342
483997
681412
413738
537721
207776
424042
760626
955558
975001
765818
779681
373770
391965
804112
50738
337149
338389
190849
729576
982290
505641
890347
996004
9029
881424
204691
352198
564742
668448
245721
215560
934352
789115
768205
859037
551130
83214
703819
216267
337459
342273
736678
587887
731962
504916
783882
692239
265935
637254
173700
435161
207928
168381
873045
377251
365754
916587
686854
792536
64348
839174
466290
428957
434590
458564
325118
677191
574698
799768
433234
185877
552872
798743
520824
222405
784431
252353
887820
990797
112507
838598
668237
442432
196043
61761
960316
681331
9952
42991
853844
383864
601091
770551
348222
505937
146590
3497
839028
110808
390934
137781
330409
932966
130264
782738
831243
818499
258047
591321
904251
599128
734618
592241
56925
511016
528952
347270
200644
926049
157550
40202
423052
951504
345153
706462
95997
11986
453457
888935
350459
195696
591372
993215
185798
975266
24241
80914
334538
463093
254327
822256
140181
359730
867962
649649
76102
290174
820342
415594
171109
448192
157980
631449
749609
716379
411810
724922
925596
829467
606582
385073
601700
798799
303171
416324
825358
656208
885552
610549
456229
779928
528794
428687
745786
570613
835355
841323
25126
499445
659849
325289
163352
945112
230422
518210
215153
556154
66666
162209
66552
442416
677836
156773
591634
943550
511970
560482
440495
916676
292370
562432
504732
101602
142855
855504
803581
708113
161502
193236
672573
652431
62243
824035
125152
193390
624426
398671
713137
198966
994092
83183
810469
189047
425808
14488
937614
962597
236569
865544
202340
235811
319753
363332
886836
803379
750596
480810
169486
299767
731686
974644
224343
62847
156559
710216
668099
352562
239339
829396
60751
795419
573815
854261
700896
155945
482933
444676
31307
592271
119428
382122
852081
443155
161717
714087
349843
566048
359141
249825
38368
80346
382665
799171
537068
45868
178435
378540
781272
589749
412088
860756
49707
499577
528914
484782
812518
424571
382931
952672
876521
304239
473575
346012
925901
940030
792903
244842
778059
418604
519754
434731
353069
135676
823163
950789
229735
69853
375121
245352
212058
489820
237333
291741
647527
36281
700451
264078
368332
700484
871283
187052
267525
291188
35908
877229
181004
737192
174431
826771
214501
955295
641324
211502
914703
675404
37674
187959
541318
488473
288090
302819
843512
160348
466177
125083
53527
258563
392921
507048
44023
490297
236474
723849
28573
391000
923192
816107
622203
54203
369721
539462
759794
373393
262705
194609
223717
412343
984968
633327
447282
633845
776581
447066
376100
558532
146481
943215
784994
628866
895465
809748
601174
383695
392877
107449
6869
410550
192295
690478
588072
594463
257984
624258
684407
115844
251040
918845
382199
471605
736041
619342
279042
85966
386986
40734
368191
960708
807526
315103
940667
215924
519143
215995
805521
824150
786678
481649
709345
959342
294234
781299
437139
925425
166916
592530
499471
227153
263104
911154
241866
869982
270332
31722
988209
67663
364087
620376
563205
13021
829047
227451
879094
33040
559930
325136
100616
69009
363320
734270
443852
220949
813164
327563
411325
269209
589537
598562
954114
816417
387259
202619
337208
28626
916550
805346
876924
249276
62474
191472
803386
297353
45835
209545
182113
964441
538791
604582
514672
16815
540358
498576
715451
727638
215341
111740
908201
957513
771193
561068
54092
157136
56845
925666
747611
506162
896129
727389
290917
572042
301622
257817
122549
972080
270000
129189
904746
447677
42717
59638
981577
14865
676515
325383
396817
819537
686734
571064
842432
828249
142466
606185
443926
700053
111296
289901
578072
18954
524852
961440
949058
936321
770630
673066
826902
681671
387767
599877
141009
878197
768035
37894
453701
246822
808708
687735
600275
788217
22150
719608
603342
502087
551103
120982
268843
183468
345094
376578
705591
286899
705340
444037
796853
257872
160516
810369
52566
317361
769513
96948
786542
728774
441175
529665
535988
926393
747907
988687
192160
300253
298742
218676
913603
879738
575340
330479
482308
730012
844000
292033
120259
682033
9684
878703
535753
291092
159503
100477
734534
300764
874714
592728
612451
875347
260478
994001
78112
26429
620504
263119
70970
585861
269348
769364
411513
924577
361732
484756
21803
508615
440828
276722
147290
239760
968058
941977
42361
677302
887268
361033
368320
676118
637807
310673
716911
182847
789857
803691
33825
275727
702289
600673
403819
464312
634200
959270
77391
195129
885019
904893
370065
291523
955112
479637
613408
85225
280721
539150
637379
789844
97435
42238
458563
52256
380713
101203
479741
732034
771341
286579
273035
850137
403537
829380
679506
99066
319651
622988
764160
783669
890084
635914
286800
484488
305229
143080
728095
951351
592466
567410
795222
695383
833607
694486
874349
46081
817166
537820
641596
156313
381346
469292
180250
551749
396898
905002
924259
439411
210951
619446
32231
657704
705971
342051
99595
516831
910443
547672
302857
12120
153985
489411
316851
259373
275389
172865
16634
277999
236877
520229
147097
684666
25348
990721
206719
938643
487337
497274
67666
955411
918232
147019
586506
286294
26355
382664
975002
562909
134233
984968
980859
545441
213468
683991
657334
871072
720751
946948
738624
698097
11785
419821
990394
958387
985159
139926
527330
184602
730743
672010
959127
466007
526762
547643
234184
599951
406135
632667
955054
496333
586058
490955
59716
770820
627844
911821
180084
736326
169770
34391
108656
125485
343649
212372
363144
665991
649279
329035
483031
412336
702463
198666
901440
660313
788619
931675
673041
82274
221705
49731
13288
711609
393010
680527
6203
799964
947520
677498
974240
666725
525010
286924
632526
532616
593150
884296
182411
233152
242497
925802
837163
826150
912609
880274
961723
970245
87004
240473
135965
521805
777990
732642
70296
317756
426412
156213
409367
127876
303711
389400
44715
524206
689604
384580
407703
160990
201536
390368
32343
783211
139572
647338
642568
319562
1650
86892
828215
441665
341710
660023
281878
572995
646020
226897
240274
7610
580475
604801
70049
576908
431224
45956
683272
601761
691679
542504
613079
337717
681045
996842
34739
664949
43516
952949
199591
131316
968297
645488
326174
717604
547556
697104
330979
301621
372220
86750
269212
105252
483660
57933
903844
641256
32313
648408
220386
74043
334483
702369
555583
531969
459719
4180
4604
573923
367417
531633
650695
421836
505180
64554
508346
331511
335521
127205
345139
778853
452814
402579
720362
448001
869590
329955
622600
757203
560048
299359
534744
189732
944866
163945
602968
738955
526828
363997
186236
53968
12912
414881
520399
966628
218951
858709
600107
11798
730151
279171
906450
188972
344076
943808
407632
853295
411716
974964
715842
537288
157261
956260
76150
916025
927968
16941
602153
380153
867142
307201
290777
535554
354184
545983
94946
81022
835264
147411
224207
695436
323488
910966
15781
576131
922110
284718
595430
606287
678439
341175
935988
385141
865809
414632
905704
131899
495489
54830
365010
534365
872200
640953
848913
296627
391065
846096
389001
407894
16629
857965
650519
779254
788772
295653
626831
1554
438517
885695
359837
266757
166158
265747
664273
141372
4165
189909
710438
251846
950617
610947
419890
179463
825554
210570
163318
548690
918824
365893
522881
425210
378952
164751
367149
150082
13120
974878
283995
296436
53860
466726
796608
546683
103214
262473
26484
221093
430369
233541
698363
264830
124879
936828
180284
733883
755485
970540
917839
692144
705720
746118
914414
904070
39937
366812
230465
485449
905290
145917
701975
486010
430843
118779
923569
91564
553615
905250
990702
778429
623114
256471
29846
411777
391707
747026
308711
16465
448239
329121
233107
857799
484716
96906
69996
856569
473002
255376
588175
336716
558343
126717
218785
247555
280903
951672
275027
122910
489173
770869
827072
67961
399498
733341
28628
780831
590743
809440
449743
959492
163068
501237
440170
56743
487132
38832
831785
544029
537699
281990
536360
383278
123834
599795
125762
996694
255856
592468
39476
392230
112462
75757
575053
521811
148543
413428
976014
717162
396103
200041
580533
30180
