2000000000
2 1000000009
1 1000000007

2000000000
2 999999999
1 1

2000000000
1 1
2 999999999

9990
3 3
88 89

9991
3 3
88 89

9992
3 3
88 89

9993
3 3
88 89

9994
3 3
88 89

9997
3 3
88 89

10000
3 3
88 89

10000
1 1
998 999

10000
998 999
1 1

10000
1000 999
1 1

10000
1 1
1000 999

1000
21 2
21 3

2601
6 11
32 45

247558756
11479 13625
11229 8731

32661225
5286 422
5398 4247

251001
293 359
388 180

389193984
168 5448
1999 14772

133356304
1870 8365
2572 3204

389193984
168 5448
1999 14772

2000000000
1 1
3 2

10
1 6
1 4
0
