601 800
2 3 1
2 4 1
3 4 1
2 1 2
5 6 3
5 7 3
6 7 3
5 1 4
8 9 5
8 10 5
9 10 5
8 1 6
11 12 7
11 13 7
12 13 7
11 1 8
14 15 9
14 16 9
15 16 9
14 1 10
17 18 11
17 19 11
18 19 11
17 1 12
20 21 13
20 22 13
21 22 13
20 1 14
23 24 15
23 25 15
24 25 15
23 1 16
26 27 17
26 28 17
27 28 17
26 1 18
29 30 19
29 31 19
30 31 19
29 1 20
32 33 21
32 34 21
33 34 21
32 1 22
35 36 23
35 37 23
36 37 23
35 1 24
38 39 25
38 40 25
39 40 25
38 1 26
41 42 27
41 43 27
42 43 27
41 1 28
44 45 29
44 46 29
45 46 29
44 1 30
47 48 31
47 49 31
48 49 31
47 1 32
50 51 33
50 52 33
51 52 33
50 1 34
53 54 35
53 55 35
54 55 35
53 1 36
56 57 37
56 58 37
57 58 37
56 1 38
59 60 39
59 61 39
60 61 39
59 1 40
62 63 41
62 64 41
63 64 41
62 1 42
65 66 43
65 67 43
66 67 43
65 1 44
68 69 45
68 70 45
69 70 45
68 1 46
71 72 47
71 73 47
72 73 47
71 1 48
74 75 49
74 76 49
75 76 49
74 1 50
77 78 51
77 79 51
78 79 51
77 1 52
80 81 53
80 82 53
81 82 53
80 1 54
83 84 55
83 85 55
84 85 55
83 1 56
86 87 57
86 88 57
87 88 57
86 1 58
89 90 59
89 91 59
90 91 59
89 1 60
92 93 61
92 94 61
93 94 61
92 1 62
95 96 63
95 97 63
96 97 63
95 1 64
98 99 65
98 100 65
99 100 65
98 1 66
101 102 67
101 103 67
102 103 67
101 1 68
104 105 69
104 106 69
105 106 69
104 1 70
107 108 71
107 109 71
108 109 71
107 1 72
110 111 73
110 112 73
111 112 73
110 1 74
113 114 75
113 115 75
114 115 75
113 1 76
116 117 77
116 118 77
117 118 77
116 1 78
119 120 79
119 121 79
120 121 79
119 1 80
122 123 81
122 124 81
123 124 81
122 1 82
125 126 83
125 127 83
126 127 83
125 1 84
128 129 85
128 130 85
129 130 85
128 1 86
131 132 87
131 133 87
132 133 87
131 1 88
134 135 89
134 136 89
135 136 89
134 1 90
137 138 91
137 139 91
138 139 91
137 1 92
140 141 93
140 142 93
141 142 93
140 1 94
143 144 95
143 145 95
144 145 95
143 1 96
146 147 97
146 148 97
147 148 97
146 1 98
149 150 99
149 151 99
150 151 99
149 1 100
152 153 101
152 154 101
153 154 101
152 1 102
155 156 103
155 157 103
156 157 103
155 1 104
158 159 105
158 160 105
159 160 105
158 1 106
161 162 107
161 163 107
162 163 107
161 1 108
164 165 109
164 166 109
165 166 109
164 1 110
167 168 111
167 169 111
168 169 111
167 1 112
170 171 113
170 172 113
171 172 113
170 1 114
173 174 115
173 175 115
174 175 115
173 1 116
176 177 117
176 178 117
177 178 117
176 1 118
179 180 119
179 181 119
180 181 119
179 1 120
182 183 121
182 184 121
183 184 121
182 1 122
185 186 123
185 187 123
186 187 123
185 1 124
188 189 125
188 190 125
189 190 125
188 1 126
191 192 127
191 193 127
192 193 127
191 1 128
194 195 129
194 196 129
195 196 129
194 1 130
197 198 131
197 199 131
198 199 131
197 1 132
200 201 133
200 202 133
201 202 133
200 1 134
203 204 135
203 205 135
204 205 135
203 1 136
206 207 137
206 208 137
207 208 137
206 1 138
209 210 139
209 211 139
210 211 139
209 1 140
212 213 141
212 214 141
213 214 141
212 1 142
215 216 143
215 217 143
216 217 143
215 1 144
218 219 145
218 220 145
219 220 145
218 1 146
221 222 147
221 223 147
222 223 147
221 1 148
224 225 149
224 226 149
225 226 149
224 1 150
227 228 151
227 229 151
228 229 151
227 1 152
230 231 153
230 232 153
231 232 153
230 1 154
233 234 155
233 235 155
234 235 155
233 1 156
236 237 157
236 238 157
237 238 157
236 1 158
239 240 159
239 241 159
240 241 159
239 1 160
242 243 161
242 244 161
243 244 161
242 1 162
245 246 163
245 247 163
246 247 163
245 1 164
248 249 165
248 250 165
249 250 165
248 1 166
251 252 167
251 253 167
252 253 167
251 1 168
254 255 169
254 256 169
255 256 169
254 1 170
257 258 171
257 259 171
258 259 171
257 1 172
260 261 173
260 262 173
261 262 173
260 1 174
263 264 175
263 265 175
264 265 175
263 1 176
266 267 177
266 268 177
267 268 177
266 1 178
269 270 179
269 271 179
270 271 179
269 1 180
272 273 181
272 274 181
273 274 181
272 1 182
275 276 183
275 277 183
276 277 183
275 1 184
278 279 185
278 280 185
279 280 185
278 1 186
281 282 187
281 283 187
282 283 187
281 1 188
284 285 189
284 286 189
285 286 189
284 1 190
287 288 191
287 289 191
288 289 191
287 1 192
290 291 193
290 292 193
291 292 193
290 1 194
293 294 195
293 295 195
294 295 195
293 1 196
296 297 197
296 298 197
297 298 197
296 1 198
299 300 199
299 301 199
300 301 199
299 1 200
302 303 201
302 304 201
303 304 201
302 1 202
305 306 203
305 307 203
306 307 203
305 1 204
308 309 205
308 310 205
309 310 205
308 1 206
311 312 207
311 313 207
312 313 207
311 1 208
314 315 209
314 316 209
315 316 209
314 1 210
317 318 211
317 319 211
318 319 211
317 1 212
320 321 213
320 322 213
321 322 213
320 1 214
323 324 215
323 325 215
324 325 215
323 1 216
326 327 217
326 328 217
327 328 217
326 1 218
329 330 219
329 331 219
330 331 219
329 1 220
332 333 221
332 334 221
333 334 221
332 1 222
335 336 223
335 337 223
336 337 223
335 1 224
338 339 225
338 340 225
339 340 225
338 1 226
341 342 227
341 343 227
342 343 227
341 1 228
344 345 229
344 346 229
345 346 229
344 1 230
347 348 231
347 349 231
348 349 231
347 1 232
350 351 233
350 352 233
351 352 233
350 1 234
353 354 235
353 355 235
354 355 235
353 1 236
356 357 237
356 358 237
357 358 237
356 1 238
359 360 239
359 361 239
360 361 239
359 1 240
362 363 241
362 364 241
363 364 241
362 1 242
365 366 243
365 367 243
366 367 243
365 1 244
368 369 245
368 370 245
369 370 245
368 1 246
371 372 247
371 373 247
372 373 247
371 1 248
374 375 249
374 376 249
375 376 249
374 1 250
377 378 251
377 379 251
378 379 251
377 1 252
380 381 253
380 382 253
381 382 253
380 1 254
383 384 255
383 385 255
384 385 255
383 1 256
386 387 257
386 388 257
387 388 257
386 1 258
389 390 259
389 391 259
390 391 259
389 1 260
392 393 261
392 394 261
393 394 261
392 1 262
395 396 263
395 397 263
396 397 263
395 1 264
398 399 265
398 400 265
399 400 265
398 1 266
401 402 267
401 403 267
402 403 267
401 1 268
404 405 269
404 406 269
405 406 269
404 1 270
407 408 271
407 409 271
408 409 271
407 1 272
410 411 273
410 412 273
411 412 273
410 1 274
413 414 275
413 415 275
414 415 275
413 1 276
416 417 277
416 418 277
417 418 277
416 1 278
419 420 279
419 421 279
420 421 279
419 1 280
422 423 281
422 424 281
423 424 281
422 1 282
425 426 283
425 427 283
426 427 283
425 1 284
428 429 285
428 430 285
429 430 285
428 1 286
431 432 287
431 433 287
432 433 287
431 1 288
434 435 289
434 436 289
435 436 289
434 1 290
437 438 291
437 439 291
438 439 291
437 1 292
440 441 293
440 442 293
441 442 293
440 1 294
443 444 295
443 445 295
444 445 295
443 1 296
446 447 297
446 448 297
447 448 297
446 1 298
449 450 299
449 451 299
450 451 299
449 1 300
452 453 301
452 454 301
453 454 301
452 1 302
455 456 303
455 457 303
456 457 303
455 1 304
458 459 305
458 460 305
459 460 305
458 1 306
461 462 307
461 463 307
462 463 307
461 1 308
464 465 309
464 466 309
465 466 309
464 1 310
467 468 311
467 469 311
468 469 311
467 1 312
470 471 313
470 472 313
471 472 313
470 1 314
473 474 315
473 475 315
474 475 315
473 1 316
476 477 317
476 478 317
477 478 317
476 1 318
479 480 319
479 481 319
480 481 319
479 1 320
482 483 321
482 484 321
483 484 321
482 1 322
485 486 323
485 487 323
486 487 323
485 1 324
488 489 325
488 490 325
489 490 325
488 1 326
491 492 327
491 493 327
492 493 327
491 1 328
494 495 329
494 496 329
495 496 329
494 1 330
497 498 331
497 499 331
498 499 331
497 1 332
500 501 333
500 502 333
501 502 333
500 1 334
503 504 335
503 505 335
504 505 335
503 1 336
506 507 337
506 508 337
507 508 337
506 1 338
509 510 339
509 511 339
510 511 339
509 1 340
512 513 341
512 514 341
513 514 341
512 1 342
515 516 343
515 517 343
516 517 343
515 1 344
518 519 345
518 520 345
519 520 345
518 1 346
521 522 347
521 523 347
522 523 347
521 1 348
524 525 349
524 526 349
525 526 349
524 1 350
527 528 351
527 529 351
528 529 351
527 1 352
530 531 353
530 532 353
531 532 353
530 1 354
533 534 355
533 535 355
534 535 355
533 1 356
536 537 357
536 538 357
537 538 357
536 1 358
539 540 359
539 541 359
540 541 359
539 1 360
542 543 361
542 544 361
543 544 361
542 1 362
545 546 363
545 547 363
546 547 363
545 1 364
548 549 365
548 550 365
549 550 365
548 1 366
551 552 367
551 553 367
552 553 367
551 1 368
554 555 369
554 556 369
555 556 369
554 1 370
557 558 371
557 559 371
558 559 371
557 1 372
560 561 373
560 562 373
561 562 373
560 1 374
563 564 375
563 565 375
564 565 375
563 1 376
566 567 377
566 568 377
567 568 377
566 1 378
569 570 379
569 571 379
570 571 379
569 1 380
572 573 381
572 574 381
573 574 381
572 1 382
575 576 383
575 577 383
576 577 383
575 1 384
578 579 385
578 580 385
579 580 385
578 1 386
581 582 387
581 583 387
582 583 387
581 1 388
584 585 389
584 586 389
585 586 389
584 1 390
587 588 391
587 589 391
588 589 391
587 1 392
590 591 393
590 592 393
591 592 393
590 1 394
593 594 395
593 595 395
594 595 395
593 1 396
596 597 397
596 598 397
597 598 397
596 1 398
599 600 399
599 601 399
600 601 399
599 1 400
