301 400
2 3 1
2 4 1
3 4 1
2 1 2
5 6 3
5 7 3
6 7 3
5 1 4
8 9 5
8 10 5
9 10 5
8 1 6
11 12 7
11 13 7
12 13 7
11 1 8
14 15 9
14 16 9
15 16 9
14 1 10
17 18 11
17 19 11
18 19 11
17 1 12
20 21 13
20 22 13
21 22 13
20 1 14
23 24 15
23 25 15
24 25 15
23 1 16
26 27 17
26 28 17
27 28 17
26 1 18
29 30 19
29 31 19
30 31 19
29 1 20
32 33 21
32 34 21
33 34 21
32 1 22
35 36 23
35 37 23
36 37 23
35 1 24
38 39 25
38 40 25
39 40 25
38 1 26
41 42 27
41 43 27
42 43 27
41 1 28
44 45 29
44 46 29
45 46 29
44 1 30
47 48 31
47 49 31
48 49 31
47 1 32
50 51 33
50 52 33
51 52 33
50 1 34
53 54 35
53 55 35
54 55 35
53 1 36
56 57 37
56 58 37
57 58 37
56 1 38
59 60 39
59 61 39
60 61 39
59 1 40
62 63 41
62 64 41
63 64 41
62 1 42
65 66 43
65 67 43
66 67 43
65 1 44
68 69 45
68 70 45
69 70 45
68 1 46
71 72 47
71 73 47
72 73 47
71 1 48
74 75 49
74 76 49
75 76 49
74 1 50
77 78 51
77 79 51
78 79 51
77 1 52
80 81 53
80 82 53
81 82 53
80 1 54
83 84 55
83 85 55
84 85 55
83 1 56
86 87 57
86 88 57
87 88 57
86 1 58
89 90 59
89 91 59
90 91 59
89 1 60
92 93 61
92 94 61
93 94 61
92 1 62
95 96 63
95 97 63
96 97 63
95 1 64
98 99 65
98 100 65
99 100 65
98 1 66
101 102 67
101 103 67
102 103 67
101 1 68
104 105 69
104 106 69
105 106 69
104 1 70
107 108 71
107 109 71
108 109 71
107 1 72
110 111 73
110 112 73
111 112 73
110 1 74
113 114 75
113 115 75
114 115 75
113 1 76
116 117 77
116 118 77
117 118 77
116 1 78
119 120 79
119 121 79
120 121 79
119 1 80
122 123 81
122 124 81
123 124 81
122 1 82
125 126 83
125 127 83
126 127 83
125 1 84
128 129 85
128 130 85
129 130 85
128 1 86
131 132 87
131 133 87
132 133 87
131 1 88
134 135 89
134 136 89
135 136 89
134 1 90
137 138 91
137 139 91
138 139 91
137 1 92
140 141 93
140 142 93
141 142 93
140 1 94
143 144 95
143 145 95
144 145 95
143 1 96
146 147 97
146 148 97
147 148 97
146 1 98
149 150 99
149 151 99
150 151 99
149 1 100
152 153 101
152 154 101
153 154 101
152 1 102
155 156 103
155 157 103
156 157 103
155 1 104
158 159 105
158 160 105
159 160 105
158 1 106
161 162 107
161 163 107
162 163 107
161 1 108
164 165 109
164 166 109
165 166 109
164 1 110
167 168 111
167 169 111
168 169 111
167 1 112
170 171 113
170 172 113
171 172 113
170 1 114
173 174 115
173 175 115
174 175 115
173 1 116
176 177 117
176 178 117
177 178 117
176 1 118
179 180 119
179 181 119
180 181 119
179 1 120
182 183 121
182 184 121
183 184 121
182 1 122
185 186 123
185 187 123
186 187 123
185 1 124
188 189 125
188 190 125
189 190 125
188 1 126
191 192 127
191 193 127
192 193 127
191 1 128
194 195 129
194 196 129
195 196 129
194 1 130
197 198 131
197 199 131
198 199 131
197 1 132
200 201 133
200 202 133
201 202 133
200 1 134
203 204 135
203 205 135
204 205 135
203 1 136
206 207 137
206 208 137
207 208 137
206 1 138
209 210 139
209 211 139
210 211 139
209 1 140
212 213 141
212 214 141
213 214 141
212 1 142
215 216 143
215 217 143
216 217 143
215 1 144
218 219 145
218 220 145
219 220 145
218 1 146
221 222 147
221 223 147
222 223 147
221 1 148
224 225 149
224 226 149
225 226 149
224 1 150
227 228 151
227 229 151
228 229 151
227 1 152
230 231 153
230 232 153
231 232 153
230 1 154
233 234 155
233 235 155
234 235 155
233 1 156
236 237 157
236 238 157
237 238 157
236 1 158
239 240 159
239 241 159
240 241 159
239 1 160
242 243 161
242 244 161
243 244 161
242 1 162
245 246 163
245 247 163
246 247 163
245 1 164
248 249 165
248 250 165
249 250 165
248 1 166
251 252 167
251 253 167
252 253 167
251 1 168
254 255 169
254 256 169
255 256 169
254 1 170
257 258 171
257 259 171
258 259 171
257 1 172
260 261 173
260 262 173
261 262 173
260 1 174
263 264 175
263 265 175
264 265 175
263 1 176
266 267 177
266 268 177
267 268 177
266 1 178
269 270 179
269 271 179
270 271 179
269 1 180
272 273 181
272 274 181
273 274 181
272 1 182
275 276 183
275 277 183
276 277 183
275 1 184
278 279 185
278 280 185
279 280 185
278 1 186
281 282 187
281 283 187
282 283 187
281 1 188
284 285 189
284 286 189
285 286 189
284 1 190
287 288 191
287 289 191
288 289 191
287 1 192
290 291 193
290 292 193
291 292 193
290 1 194
293 294 195
293 295 195
294 295 195
293 1 196
296 297 197
296 298 197
297 298 197
296 1 198
299 300 199
299 301 199
300 301 199
299 1 200
