4
6 8
7 4
2
10 3
7 6
4
10 1
8 3
7
3 7
1 7
3
10 8
9 2
6
8 4
3 1
10
9 3
3 10
3
2 7
4 8
5
10 2
4 10
1
6 5
9 8
7
1 2
7 4
2
7 1
3 4
7
8 5
6 6
8
4 10
7 6
5
6 3
6 5
1
4 5
5 8
9
9 7
9 8
10
5 2
4 5
10
9 7
1 3
10
5 7
7 3
8
9 5
1 6
3
8 3
8 2
7
1 2
7 3
10
5 10
6 2
8
8 2
10 1
8
10 6
2 2
7
4 8
7 8
5
10 4
7 6
4
10 3
2 9
6
9 9
1 10
9
4 7
10 1
6
2 2
7 6
2
9 5
9 10
5
5 1
4 1
4
7 8
5 5
7
10 6
8 2
6
9 8
2 3
6
9 2
5 8
9
4 6
8 10
10
9 2
4 9
4
4 4
5 7
9
5 1
7 9
8
8 10
9 9
4
1 4
5 7
5
6 3
10 1
7
5 10
6 1
8
5 3
3 10
2
9 5
6 8
7
4 10
9 3
1
2 3
1 9
9
1 2
2 6
7
5 7
1 6
3
7 9
6 3
5
3 8
5 9
10
10 3
7 1
2
4 2
9 1
1
5 4
1 2
7
10 2
10 4
1
9 4
4 10
1
5 7
7 6
7
3 7
5 1
9
10 7
6 8
10
3 9
3 8
8
3 1
7 10
2
3 4
2 7
5
2 10
10 6
6
8 1
2 10
9
5 1
8 9
7
10 3
5 1
3
3 5
1 2
3
6 6
1 3
4
9 3
1 10
10
1 5
1 9
6
3 7
10 2
4
10 10
5 5
3
1 6
1 7
2
6 4
5 10
5
2 4
5 8
3
3 5
10 7
9
3 2
5 7
9
9 3
10 9
9
4 9
7 9
1
9 4
4 4
10
9 7
8 5
10
8 9
7 1
8
4 4
4 1
3
6 7
3 4
10
8 9
6 7
1
2 5
1 7
9
1 8
9 5
10
8 5
3 7
4
9 3
10 4
10
9 8
2 1
3
10 5
6 2
10
10 5
8 6
6
4 10
6 5
10
2 9
1 8
6
3 9
8 10
3
1 10
5 4
3
7 10
2 1
0
