3 
10 
01 
101 
3 
AB 
BA 
ABB 
2
A
AA
3
A
B
C

6
ABCD
EF0
AB
C
DE
F0

2
AB
ABAB

2
000
00

2
00000000000000000000000000000000000000000000000000
0

2
0000
0

3
01
10
00

10
11111111111111111111111111111111111111111111111111
1111111111111111111111111111111111111111111111111
111111111111111111111111111111111111111111111111
11111111111111111111111111111111111111111111111
1111111111111111111111111111111111111111111111
111111111111111111111111111111111111111111111
11111111111111111111111111111111111111111111
1111111111111111111111111111111111111111111
111111111111111111111111111111111111111111
11111111111111111111111111111111111111111

50
11111111111111111111111111111111111111111111111111
1111111111111111111111111111111111111111111111111
111111111111111111111111111111111111111111111111
11111111111111111111111111111111111111111111111
1111111111111111111111111111111111111111111111
111111111111111111111111111111111111111111111
11111111111111111111111111111111111111111111
1111111111111111111111111111111111111111111
111111111111111111111111111111111111111111
11111111111111111111111111111111111111111
1111111111111111111111111111111111111111
111111111111111111111111111111111111111
11111111111111111111111111111111111111
1111111111111111111111111111111111111
111111111111111111111111111111111111
11111111111111111111111111111111111
1111111111111111111111111111111111
111111111111111111111111111111111
11111111111111111111111111111111
1111111111111111111111111111111
111111111111111111111111111111
11111111111111111111111111111
1111111111111111111111111111
111111111111111111111111111
11111111111111111111111111
1111111111111111111111111
111111111111111111111111
11111111111111111111111
1111111111111111111111
111111111111111111111
11111111111111111111
1111111111111111111
111111111111111111
11111111111111111
1111111111111111
111111111111111
11111111111111
1111111111111
111111111111
11111111111
1111111111
111111111
11111111
1111111
111111
11111
1111
111
11
1

0