990 750 10000
818 708
156 41
189 102
225 478
184 371
841 221
874 181
742 684
248 44
759 147
606 301
630 227
172 548
257 269
438 336
880 397
498 553
291 234
129 482
741 369
853 184
881 639
776 208
902 406
401 703
845 99
150 642
366 311
468 401
697 735
534 84
607 289
492 385
501 40
19 395
818 257
876 291
760 170
356 255
988 144
690 360
330 505
284 20
939 422
832 703
439 269
239 541
717 232
51 209
804 81
209 569
623 715
366 534
431 482
963 286
592 719
730 533
647 602
66 321
377 177
691 196
390 687
700 517
807 526
168 632
951 125
413 640
18 248
811 374
38 645
431 401
812 197
679 454
775 476
209 256
166 483
900 432
809 380
835 38
417 213
124 624
188 4
984 273
71 702
73 474
554 587
690 694
925 216
877 553
65 687
367 629
442 171
91 353
25 372
54 221
240 561
907 368
266 602
107 632
780 546
535 250
709 144
193 52
312 405
858 51
594 743
934 698
765 614
868 373
559 136
870 22
515 130
573 743
961 23
128 651
246 371
966 421
950 677
294 65
185 580
662 216
101 547
745 30
381 122
562 620
386 397
414 120
462 609
629 601
625 634
309 257
535 650
569 724
920 344
616 203
35 435
763 574
884 515
483 587
524 168
140 690
889 647
228 139
200 222
204 565
505 227
315 644
760 16
592 431
418 577
465 651
822 338
676 614
568 127
790 111
849 585
67 737
157 674
828 633
767 330
839 436
465 168
416 564
195 219
287 505
181 668
283 391
327 274
767 587
415 531
552 194
267 160
631 389
210 429
282 556
84 608
846 418
447 369
532 742
300 724
572 363
838 508
869 304
182 535
771 18
52 279
374 541
458 138
922 270
941 81
313 526
479 65
903 590
839 222
952 726
152 453
209 249
288 747
648 80
914 12
91 352
61 198
289 412
887 420
105 198
482 186
214 548
873 88
376 363
675 636
313 564
667 422
510 448
314 689
400 133
731 470
581 415
463 510
286 379
274 217
685 435
277 625
243 618
714 43
136 675
702 623
199 295
472 613
182 395
373 414
495 176
351 92
608 107
352 420
210 447
53 75
628 102
749 212
546 389
478 339
661 615
296 533
264 195
359 100
655 570
10 446
254 153
296 500
489 711
350 273
724 174
37 81
927 669
314 622
470 65
825 641
887 192
19 338
581 316
957 640
986 446
910 184
309 136
846 449
614 240
456 66
440 138
430 532
626 206
790 595
140 464
113 306
274 248
850 626
844 142
100 291
58 564
765 191
926 273
203 387
53 441
540 378
68 588
781 18
791 714
732 446
820 549
660 621
413 236
302 237
255 376
442 542
41 681
828 675
784 502
81 442
113 193
376 665
176 478
748 40
452 646
101 652
618 388
514 662
758 253
660 98
19 200
297 206
328 520
923 709
24 668
974 192
71 654
729 660
390 214
371 452
721 457
590 423
74 275
85 700
818 208
668 31
777 686
517 231
633 205
625 169
178 96
900 283
229 317
438 307
962 107
564 34
94 421
460 403
107 586
420 274
439 221
895 618
663 733
310 738
130 554
170 416
458 739
62 396
319 249
275 72
380 151
957 602
482 603
842 501
940 190
535 729
20 309
674 375
577 103
186 107
989 292
987 302
830 267
652 269
674 546
820 362
131 506
518 532
686 134
251 275
911 395
413 702
580 165
810 320
584 259
579 591
28 40
44 166
443 718
517 59
719 175
12 220
173 67
465 377
789 392
547 437
814 709
492 129
411 419
29 682
550 547
269 400
427 403
439 103
82 68
569 403
243 577
527 104
716 514
477 651
723 644
705 507
6 617
895 465
288 640
559 95
222 353
401 38
47 654
935 278
379 449
705 22
558 556
195 27
507 161
742 309
450 83
663 33
218 749
298 145
713 116
139 393
191 83
144 528
225 257
390 306
67 277
963 594
718 623
591 455
413 501
283 584
59 735
302 537
954 691
494 288
188 334
284 354
300 271
156 630
466 584
514 279
300 604
500 544
356 655
35 15
728 362
126 269
282 353
570 37
390 142
692 265
178 381
565 14
328 122
660 334
756 124
539 566
112 247
211 456
541 266
388 383
420 104
568 131
568 394
538 172
940 326
472 586
806 156
57 344
904 622
182 739
657 294
935 251
708 314
404 620
194 375
872 70
405 45
321 332
134 714
962 566
333 739
15 738
457 488
253 522
545 84
191 408
272 727
29 646
292 655
135 736
195 179
120 475
438 285
834 359
932 208
609 443
610 198
264 231
387 167
266 522
38 460
313 31
971 268
831 747
707 99
116 555
288 258
290 4
26 621
832 507
733 371
269 684
851 587
167 369
570 146
244 176
412 456
821 732
67 503
881 362
65 524
941 479
721 59
613 605
679 188
361 509
977 54
117 172
106 404
392 162
322 488
649 12
111 689
847 491
99 37
232 570
930 166
924 97
813 297
522 57
129 670
8 234
611 173
826 493
299 179
343 572
679 51
242 279
592 147
915 551
583 223
151 285
541 150
951 37
107 32
350 685
925 161
146 272
115 433
389 230
899 637
286 436
283 47
793 743
660 674
983 165
808 407
579 657
965 122
14 341
192 469
92 723
708 555
469 92
626 551
831 741
509 344
716 736
515 455
433 390
404 468
35 241
736 246
174 16
256 546
351 610
13 45
511 10
644 248
949 133
987 587
535 239
923 266
704 1
977 215
848 588
592 676
295 317
479 107
253 184
216 47
85 284
362 469
338 277
855 645
332 468
978 34
418 380
260 516
624 394
270 701
937 651
596 598
121 42
54 556
641 422
494 643
35 478
75 656
736 176
153 745
972 212
880 97
273 313
466 586
269 577
579 291
736 583
284 488
829 236
696 142
807 224
970 334
797 356
812 420
724 436
25 683
140 86
883 466
51 59
113 11
183 623
724 664
934 708
826 409
401 104
290 530
219 420
377 565
312 214
976 307
478 715
137 734
413 136
822 714
188 223
753 310
540 301
770 15
381 241
746 377
664 170
817 34
437 480
156 602
588 432
507 48
164 345
917 53
845 398
363 554
537 316
747 742
459 551
15 88
951 696
850 105
320 167
606 48
698 151
818 649
635 170
815 68
345 243
441 654
808 480
508 284
563 648
150 66
147 452
952 547
431 671
294 693
758 426
441 534
855 154
328 385
927 382
679 482
153 280
96 365
239 533
240 531
698 589
868 73
254 177
560 435
577 276
566 14
242 121
539 375
304 208
525 53
924 9
573 360
277 433
830 244
780 444
705 477
592 524
243 221
254 577
322 468
747 393
295 341
780 225
503 415
638 369
411 490
844 451
986 249
388 249
772 732
477 382
534 403
658 431
635 322
591 747
685 111
650 49
745 535
731 57
535 540
818 547
528 125
805 254
983 295
946 598
622 289
250 223
937 556
323 291
164 524
906 695
498 236
146 192
295 155
651 104
429 198
420 365
158 356
451 587
581 564
312 338
600 650
515 749
470 224
49 150
294 370
402 39
281 349
726 316
962 344
491 412
156 391
538 525
775 402
165 629
126 150
730 349
818 662
696 592
186 6
50 176
507 361
417 587
576 160
486 683
920 412
150 273
393 412
246 9
379 663
199 251
888 635
516 66
941 56
914 651
448 20
385 710
133 423
31 267
388 346
74 216
468 108
474 219
97 651
457 656
584 227
186 648
876 408
455 655
887 488
457 628
191 607
360 16
538 648
226 180
773 523
160 122
925 487
884 603
550 488
162 564
832 522
157 618
801 703
957 178
623 373
620 475
140 591
858 682
792 26
472 701
431 328
780 328
319 205
430 55
331 627
837 157
23 576
154 184
80 6
153 688
383 387
138 235
526 418
247 42
829 568
507 4
784 585
104 580
444 541
796 667
892 650
484 298
122 198
134 745
840 115
390 379
27 394
939 341
808 43
743 749
863 395
484 340
75 474
436 173
603 161
668 180
903 706
979 363
929 550
683 179
167 166
205 63
968 24
957 334
222 226
819 619
968 85
174 295
752 118
564 196
923 159
774 605
589 139
701 232
213 723
638 439
239 276
827 202
698 550
629 615
718 251
650 600
79 496
489 618
505 505
496 687
300 685
470 703
192 639
851 731
252 440
648 528
207 703
963 59
800 274
780 274
849 610
734 161
500 516
111 574
131 707
864 718
334 705
49 281
516 434
833 635
311 42
324 520
592 557
338 362
614 164
173 107
530 513
669 352
370 212
970 142
837 326
48 609
347 200
746 515
936 454
773 581
102 382
293 36
305 334
439 337
230 195
466 47
142 410
214 691
114 605
708 733
526 350
235 724
346 428
744 335
509 342
636 684
76 706
37 535
870 16
957 403
228 350
337 53
989 394
925 361
444 441
727 625
307 7
905 330
35 448
975 674
484 627
745 78
794 595
48 567
276 521
150 384
443 115
195 306
902 713
339 290
687 532
632 42
893 723
60 304
45 565
181 400
622 101
456 341
334 236
150 167
971 580
411 531
627 690
203 643
290 404
220 336
116 43
527 113
507 429
291 46
566 286
755 251
283 709
245 747
287 569
766 118
959 581
935 112
737 689
583 124
174 504
418 376
425 62
799 41
292 319
634 92
835 100
881 693
441 438
741 231
656 49
142 30
591 652
921 725
146 413
775 730
588 20
452 266
520 560
657 423
941 3
185 734
960 723
220 601
775 378
232 536
405 230
67 104
825 333
584 464
32 505
283 536
633 28
566 224
543 620
671 590
300 84
352 130
655 402
607 450
649 58
804 303
158 239
14 573
505 104
617 405
157 683
543 174
511 583
405 150
422 528
126 506
976 647
499 237
118 342
300 233
311 141
460 642
246 444
1 105
562 18
639 353
789 661
771 11
441 507
352 233
112 123
939 34
341 86
884 275
357 304
70 88
458 569
423 631
924 379
752 531
731 11
665 17
9 521
968 432
182 94
660 565
102 547
654 659
232 408
19 60
554 163
659 54
624 660
793 710
308 307
520 518
767 613
958 533
320 558
85 329
778 480
86 154
464 176
909 467
605 513
109 731
205 424
203 128
68 87
488 293
597 438
886 241
541 234
944 517
339 107
950 732
367 742
249 17
536 144
27 259
49 232
561 531
74 79
57 666
692 631
597 535
756 739
110 42
879 698
76 665
153 144
77 21
748 202
765 192
142 683
691 38
243 23
180 291
13 361
870 621
566 460
730 654
249 746
419 10
877 659
730 193
872 675
247 25
73 525
500 274
839 76
349 606
618 161
493 269
342 365
137 680
547 573
751 428
309 178
51 446
148 172
962 416
206 385
663 428
654 55
106 513
583 465
469 126
568 229
551 586
105 243
602 647
349 730
273 570
40 84
261 378
690 667
13 514
869 400
962 91
536 200
381 451
312 375
306 181
547 317
168 175
254 369
129 195
962 302
953 48
531 560
212 129
427 608
584 448
938 733
626 416
565 267
709 712
967 43
211 375
606 207
787 612
954 304
156 515
279 131
217 691
62 637
122 536
250 646
493 288
5 257
365 76
560 30
254 270
356 712
346 105
438 632
708 425
637 500
347 35
827 36
451 399
472 194
818 167
315 50
718 338
377 314
282 450
123 704
447 298
450 485
818 746
972 363
43 188
76 396
180 648
986 288
920 342
459 700
616 531
369 184
448 327
876 341
214 654
399 555
496 16
871 430
986 136
571 560
23 577
488 657
564 243
108 685
397 723
261 308
726 295
615 475
387 101
145 337
217 93
192 261
335 187
225 316
574 484
699 516
550 619
891 451
711 649
396 133
725 151
578 252
451 255
452 407
191 124
90 301
860 552
159 216
575 265
274 182
762 643
624 119
205 102
602 323
618 158
884 591
711 277
204 45
96 636
350 522
819 180
411 200
673 707
569 729
759 268
312 639
149 481
441 238
465 735
204 711
924 705
454 623
260 164
177 53
626 17
391 593
6 659
578 77
164 231
17 12
371 379
727 474
380 25
226 489
884 510
297 385
691 81
505 194
364 209
117 496
925 641
164 692
566 590
647 169
389 217
354 618
333 160
737 365
536 518
386 421
46 115
523 669
888 294
393 541
875 483
470 74
923 372
898 646
549 550
988 368
186 390
119 730
923 49
332 597
173 378
347 383
775 151
136 99
615 167
55 741
77 355
706 313
523 61
402 586
765 640
843 263
637 493
913 437
156 608
391 409
437 524
384 525
516 206
822 726
44 696
765 239
732 358
75 230
242 355
353 475
505 266
184 291
653 620
295 493
695 218
428 536
973 419
805 303
237 222
755 674
449 324
976 231
922 486
228 619
851 360
849 532
142 198
371 203
599 347
988 449
778 269
686 107
33 470
729 234
54 525
37 554
58 388
792 306
61 369
123 483
918 441
180 145
38 270
6 318
200 335
453 157
595 251
661 472
492 186
153 404
545 495
528 521
281 731
948 500
592 337
909 451
315 747
689 709
584 688
875 536
124 175
763 77
421 331
367 574
55 259
216 727
682 353
414 222
801 732
505 243
915 717
110 600
235 604
409 530
342 200
758 368
433 246
796 679
524 183
643 82
824 491
418 661
229 344
26 372
903 159
526 33
16 720
171 83
49 430
133 186
460 532
695 297
736 431
629 383
362 369
241 247
902 103
981 104
185 410
198 593
744 231
368 350
654 195
726 484
199 143
409 147
453 139
305 17
741 122
518 706
339 10
662 698
174 686
956 268
952 595
985 34
946 60
700 37
314 236
905 652
339 66
84 627
869 523
820 605
967 358
398 646
283 544
267 175
626 279
114 85
898 573
651 76
553 251
953 482
698 207
0 196
334 683
663 323
659 70
743 517
269 391
313 253
76 655
668 141
448 149
509 228
196 142
759 292
22 673
710 563
420 366
428 208
681 141
83 253
467 537
3 114
841 426
156 365
588 280
239 536
83 586
353 511
710 723
829 589
617 204
478 404
712 606
984 723
230 266
256 609
211 522
480 674
754 212
568 720
803 609
882 710
876 472
69 118
422 106
889 95
121 182
471 619
861 243
654 267
268 699
663 728
22 185
215 21
668 537
158 371
15 544
133 497
823 626
800 618
182 701
127 243
389 493
526 433
722 635
474 121
158 321
534 329
424 351
199 196
288 221
807 94
380 299
288 225
751 268
679 622
840 435
72 626
135 397
457 556
81 329
503 621
912 686
596 594
310 298
684 97
467 390
596 247
648 547
889 255
638 582
778 160
986 16
104 727
754 613
507 210
940 401
558 57
348 243
890 350
317 604
784 651
3 520
952 204
374 406
117 5
856 194
78 301
349 537
66 461
134 34
468 511
318 267
649 378
903 65
147 519
435 660
269 72
654 466
20 15
70 288
901 228
261 625
157 667
829 182
976 470
905 233
107 713
28 142
400 328
130 127
352 175
414 140
83 331
515 285
467 30
520 272
249 639
589 226
467 160
300 297
335 515
932 578
408 715
648 674
767 102
397 133
783 174
574 304
706 33
175 362
930 637
35 646
464 269
400 670
737 229
109 99
575 749
216 566
2 415
364 511
757 280
863 331
601 283
448 601
230 688
588 299
314 437
974 279
437 172
454 3
127 452
978 0
869 87
148 184
727 465
792 64
22 369
533 253
610 398
793 187
180 445
854 749
778 370
321 193
924 233
217 6
733 446
315 68
841 222
356 470
440 311
61 479
25 342
31 678
325 241
887 216
357 629
406 625
413 222
448 36
558 462
275 34
302 402
125 511
717 571
780 463
332 109
188 426
962 477
795 62
523 554
134 398
227 73
485 290
439 694
948 402
129 113
411 535
605 365
877 747
137 321
540 56
660 463
321 393
640 183
16 247
917 425
153 56
641 518
340 572
517 56
347 185
747 196
227 668
453 652
619 329
702 220
46 468
97 726
916 625
587 489
411 360
135 213
470 714
395 513
39 469
57 548
891 346
588 80
398 406
815 479
441 333
462 101
920 553
940 42
328 500
661 20
904 451
728 702
207 398
462 306
756 81
925 468
421 61
766 465
313 219
906 249
952 137
456 595
27 443
484 109
735 40
484 371
366 500
61 391
149 189
294 306
29 125
286 272
396 533
265 351
706 650
39 326
339 256
627 356
715 496
941 146
731 340
668 636
451 551
461 83
489 361
384 546
482 219
296 56
224 22
27 647
703 368
970 68
848 33
645 1
965 435
784 562
47 300
771 636
930 163
322 507
335 669
698 141
687 19
419 30
587 564
40 350
651 532
744 457
37 426
13 7
910 268
257 85
820 580
801 181
46 559
502 124
437 401
790 206
471 456
32 745
824 388
40 174
139 460
97 232
947 58
112 251
134 123
205 250
400 99
828 285
227 456
368 384
720 513
738 631
616 541
912 317
931 364
745 203
631 308
752 125
504 206
968 482
888 103
818 199
719 293
214 500
826 674
69 604
863 359
798 459
203 710
982 180
7 734
773 35
516 124
69 498
790 701
569 141
76 205
793 474
262 196
65 716
955 568
730 502
28 443
888 9
419 542
29 560
118 48
236 169
303 55
323 619
738 633
167 475
644 514
812 131
446 465
167 320
628 174
194 108
227 592
178 168
252 562
28 555
234 675
814 256
242 313
500 12
989 600
72 182
248 456
678 55
935 570
339 624
536 545
769 513
535 182
62 71
454 75
628 58
176 135
23 62
567 54
339 482
457 314
624 13
96 172
161 184
821 743
409 251
500 556
597 220
270 546
326 155
960 728
339 77
770 618
376 693
305 331
738 516
116 266
597 497
610 27
68 230
461 36
482 260
326 675
829 263
756 374
668 340
625 103
368 342
121 443
465 666
667 543
580 262
276 28
782 31
5 349
670 487
445 32
582 738
553 18
372 187
600 504
354 451
158 293
529 171
192 122
159 373
303 453
216 327
340 226
424 384
494 435
150 453
823 374
806 300
808 431
681 490
850 455
471 747
797 260
961 108
563 215
171 416
866 69
583 14
547 345
863 168
186 276
119 49
258 747
70 448
451 526
526 237
280 739
341 155
654 513
468 330
720 235
503 531
859 236
646 369
261 557
214 534
709 391
854 19
949 71
496 63
399 727
188 324
962 490
113 514
676 583
865 535
31 196
402 351
820 535
190 223
42 492
987 417
347 360
440 203
44 51
298 746
300 352
202 568
816 388
675 550
724 68
30 431
297 266
349 160
525 302
732 181
839 308
850 572
131 467
454 353
265 132
233 617
646 298
17 202
378 278
228 702
536 205
674 706
657 544
416 217
789 306
904 581
637 164
680 246
771 577
315 271
904 728
526 203
441 434
301 640
719 578
74 685
504 541
67 216
595 610
247 725
285 730
238 723
306 211
309 299
284 132
554 593
300 689
281 480
987 378
432 148
921 214
743 184
208 407
854 496
659 264
382 287
497 535
397 333
954 109
852 68
473 602
884 737
462 390
32 351
478 539
211 687
382 523
967 622
514 701
648 234
988 442
435 695
955 113
949 301
597 26
501 456
844 259
649 6
418 280
39 88
265 247
924 310
269 311
71 309
488 182
510 364
318 153
788 600
232 511
904 282
138 454
642 590
170 725
222 544
600 584
556 409
333 189
727 135
492 332
72 236
815 303
355 494
115 505
567 174
461 474
141 504
564 327
489 393
353 640
229 457
725 7
396 19
308 540
78 565
787 489
852 654
652 122
160 178
684 18
105 703
421 290
650 659
323 231
76 567
525 76
330 536
976 370
656 618
576 650
883 639
676 426
29 746
417 196
172 34
434 93
875 320
640 103
744 363
749 473
849 107
541 201
572 89
257 422
988 699
223 518
655 437
377 473
922 559
554 404
8 114
159 574
229 660
42 624
960 703
209 166
786 614
672 541
725 581
116 49
31 400
215 387
970 586
582 417
872 335
708 698
297 599
789 409
10 179
452 635
757 349
637 26
355 389
203 260
813 72
195 5
289 744
60 4
452 518
419 264
939 301
20 191
255 270
823 257
886 170
63 520
162 152
199 383
245 35
524 270
783 88
731 25
119 596
283 276
64 340
415 504
467 405
205 24
175 86
675 674
650 204
716 329
540 459
752 129
826 580
415 451
816 659
171 389
91 736
961 627
451 517
281 301
792 515
845 107
53 293
568 738
814 462
769 744
800 6
35 374
505 715
566 285
149 704
7 302
394 123
144 691
520 576
520 136
335 221
440 649
154 144
803 112
529 53
978 615
451 595
824 161
756 702
321 51
387 460
942 552
400 481
529 607
413 517
212 587
549 311
884 3
905 260
191 372
340 104
268 139
471 23
754 381
908 188
193 115
562 365
849 726
198 578
663 207
837 468
851 348
839 103
44 546
547 18
308 127
977 387
704 276
973 696
259 580
318 410
924 590
10 352
789 706
355 347
975 44
114 66
807 544
810 292
478 253
768 687
522 171
410 224
688 30
415 444
212 203
191 53
169 350
845 216
178 414
858 723
560 186
986 553
832 514
533 155
668 660
787 47
643 651
790 88
691 133
775 71
126 257
390 103
173 296
574 270
210 299
273 80
79 493
142 209
49 731
124 513
439 383
285 50
439 120
181 462
248 17
481 595
283 738
868 723
546 570
242 173
133 731
394 7
545 463
985 235
550 617
255 437
336 605
853 333
264 339
208 578
137 599
946 175
153 39
475 67
571 226
513 468
961 700
584 595
304 115
385 121
337 429
566 393
256 396
213 84
636 16
493 447
9 185
234 333
430 713
692 360
256 600
473 528
640 716
948 342
572 255
274 49
230 229
119 259
270 42
480 461
459 240
367 35
286 92
909 541
877 471
125 357
218 448
39 647
814 11
520 340
39 279
375 440
307 189
334 128
689 95
459 446
359 128
224 537
679 255
646 196
823 428
860 261
919 432
499 471
493 116
138 548
615 481
700 194
400 562
610 299
574 299
821 314
93 733
461 500
20 107
984 562
599 528
629 265
524 170
350 503
322 671
931 56
59 669
635 563
43 443
822 529
441 727
617 521
669 262
851 217
424 145
255 747
88 130
976 257
230 439
385 486
687 101
738 670
114 10
77 467
680 404
59 590
546 365
374 157
258 364
706 443
257 158
0 457
671 293
308 687
78 144
327 307
626 320
131 168
913 357
395 260
845 433
434 547
941 475
622 731
173 682
49 32
894 73
43 429
359 294
39 402
75 30
658 604
7 88
458 523
453 256
619 562
696 703
30 41
131 405
468 428
230 366
635 312
649 237
955 557
252 85
928 677
311 1
83 80
825 45
249 91
180 471
45 66
191 389
429 723
242 684
741 178
704 345
969 6
571 405
30 337
438 693
592 116
724 728
845 390
773 428
554 238
379 716
677 739
611 82
35 548
157 495
421 11
922 146
660 169
215 654
350 645
466 468
275 43
360 472
848 324
418 206
840 167
150 516
736 525
623 458
664 72
158 657
709 738
273 239
306 91
86 748
959 709
417 541
121 16
598 146
833 466
493 598
0 212
476 197
226 449
669 675
720 299
655 284
712 447
116 19
672 745
576 35
22 360
876 534
264 129
802 71
832 598
555 212
878 168
87 732
324 267
117 619
813 658
532 279
766 659
272 275
651 239
434 332
205 147
158 729
262 721
152 84
911 312
206 718
568 572
980 456
113 448
176 612
160 629
223 419
559 661
556 35
263 393
756 97
677 190
678 473
311 178
508 227
942 587
888 564
707 531
900 622
787 411
186 713
399 354
192 744
847 217
749 367
710 378
314 593
953 727
17 578
644 112
406 347
854 193
960 344
586 99
563 719
163 456
793 666
869 307
409 284
780 236
456 442
574 500
376 252
453 469
207 679
551 22
190 527
878 616
677 679
311 666
431 335
780 211
878 533
919 445
802 46
24 455
569 32
926 509
462 414
624 536
737 591
710 694
32 86
725 421
446 321
478 524
150 139
6 241
604 744
981 264
725 526
832 227
253 169
867 23
18 185
176 34
877 505
984 230
209 543
112 709
254 306
410 541
202 399
661 632
968 455
405 458
566 517
444 738
905 361
577 447
956 690
223 677
946 196
365 613
396 736
405 742
128 228
217 696
687 169
470 334
179 252
391 102
810 234
101 497
278 332
124 353
232 35
558 63
238 422
663 503
609 166
704 651
349 281
448 89
135 21
848 541
197 86
688 60
63 50
598 55
288 554
477 3
946 135
78 226
40 562
286 430
981 562
357 597
147 459
407 358
950 489
265 149
785 625
833 564
42 330
9 402
876 384
250 288
794 99
238 94
915 334
292 699
14 23
289 683
686 365
986 164
442 354
401 58
965 179
664 463
19 350
925 705
972 156
387 494
614 510
566 287
332 580
95 442
373 330
661 676
207 545
436 446
556 52
643 421
842 578
453 87
3 309
636 447
389 256
442 13
613 532
192 653
804 58
339 457
700 437
320 98
790 227
585 274
213 368
422 179
355 352
890 448
514 442
954 26
506 672
213 204
803 224
926 100
144 295
743 572
682 367
882 357
916 222
54 241
637 295
399 656
958 492
906 93
812 219
757 367
116 78
698 5
843 79
106 82
547 285
568 98
277 261
139 288
661 149
884 556
195 641
770 405
850 74
312 294
425 691
851 697
386 77
495 214
115 178
476 508
4 463
603 209
319 414
597 484
14 12
201 146
437 51
231 430
95 352
252 353
686 390
808 243
638 288
550 54
497 608
940 64
817 69
824 71
984 680
107 146
417 743
683 564
376 476
267 622
174 577
303 634
431 1
102 256
335 91
404 636
499 390
592 461
335 81
98 257
346 681
553 423
718 159
442 391
227 322
901 162
141 174
97 542
53 593
403 208
928 399
698 291
175 89
805 497
225 521
455 70
138 557
691 333
561 62
248 141
798 734
592 730
48 226
928 483
216 698
143 589
755 446
3 353
22 606
335 720
460 461
469 457
680 61
686 507
681 572
856 157
354 605
427 91
603 28
282 239
154 403
524 231
621 187
113 301
64 649
53 145
894 180
980 203
587 19
19 79
466 220
452 632
505 682
201 265
254 96
932 18
749 507
695 359
758 346
92 164
950 603
361 502
185 482
788 653
42 402
955 334
374 677
894 624
24 424
313 580
397 356
570 510
617 115
358 743
272 395
970 344
936 463
808 53
886 643
957 744
123 125
919 449
917 535
516 224
98 672
610 68
973 446
209 130
572 69
202 631
366 95
227 692
788 736
426 413
31 450
603 326
237 146
720 371
926 730
102 373
865 276
573 105
13 241
737 543
885 524
267 562
741 682
283 422
222 411
280 430
137 441
875 686
703 25
285 229
338 38
362 147
861 688
779 246
989 143
406 529
599 545
685 313
953 273
836 114
852 102
6 15
551 536
27 417
869 186
381 439
45 89
330 569
47 477
377 661
149 318
477 28
532 166
729 498
490 688
849 65
724 495
112 739
702 487
264 240
417 447
523 346
753 638
911 523
776 702
586 144
74 363
318 271
406 200
267 672
462 333
229 480
657 631
655 242
319 577
122 518
740 246
105 106
867 155
629 58
873 738
54 151
648 430
658 702
59 327
107 281
618 218
260 199
206 401
730 518
91 429
802 316
780 431
478 657
714 442
105 604
92 648
980 349
411 309
637 578
329 382
380 521
563 235
565 172
690 546
862 704
274 532
798 570
500 606
156 725
62 382
109 511
69 528
972 292
859 373
864 616
314 610
211 542
859 45
955 465
603 551
92 484
716 122
349 741
375 645
58 516
569 449
233 404
623 41
817 99
944 604
235 250
225 380
557 249
191 155
602 187
269 534
89 478
823 62
112 272
791 334
904 9
553 340
446 371
851 323
535 329
54 204
560 613
815 463
817 622
765 63
121 459
467 106
822 276
753 51
127 504
259 163
353 22
831 297
484 246
913 675
683 256
501 682
409 212
882 325
793 353
429 36
180 125
205 470
269 478
950 311
972 462
437 692
99 379
302 96
938 354
109 734
654 220
668 678
100 670
860 127
766 680
364 263
247 719
732 712
540 298
528 328
31 370
490 83
254 507
22 675
611 434
583 726
421 540
744 242
487 288
306 230
2 671
314 539
796 547
183 25
426 673
352 353
450 143
223 60
301 227
187 66
309 262
393 493
76 170
492 284
602 645
505 86
696 613
641 170
307 744
810 746
477 125
402 445
753 88
870 89
427 175
672 2
716 274
545 15
665 342
883 571
783 435
170 161
452 448
440 210
276 283
712 113
68 36
836 558
524 342
601 597
103 630
806 518
972 691
364 396
396 600
762 497
104 495
409 692
881 656
324 481
467 418
499 392
853 528
121 50
794 126
745 0
816 406
127 58
57 709
915 243
87 504
331 32
272 346
628 643
779 353
255 308
582 727
21 366
825 593
231 369
678 68
413 352
485 147
353 138
245 634
132 569
241 94
446 37
74 103
124 338
887 219
453 337
705 687
335 647
486 598
382 103
254 61
831 694
173 215
214 540
892 426
141 279
193 727
834 600
246 291
718 181
331 254
161 440
20 552
76 361
45 229
619 474
225 532
248 495
494 251
231 260
51 34
143 139
604 745
258 201
281 66
814 511
96 603
846 332
467 161
235 682
791 300
83 252
330 190
147 492
788 39
127 375
265 164
929 16
479 32
528 83
505 5
10 263
777 168
118 377
140 45
978 318
659 623
961 622
293 42
264 295
712 349
658 169
24 161
870 417
319 238
610 406
647 199
285 36
813 131
15 662
543 74
733 372
915 24
580 660
473 490
715 457
192 73
648 393
475 192
962 335
972 173
903 376
529 63
694 620
271 468
51 459
618 495
766 514
895 533
278 523
530 293
479 645
239 299
234 351
571 430
983 548
499 62
983 82
380 500
543 352
182 527
461 607
856 57
149 482
665 311
647 391
154 156
29 201
139 270
296 359
960 247
108 36
36 485
178 262
926 329
13 661
303 143
328 277
329 195
594 439
689 552
669 174
587 388
89 54
647 592
362 9
633 414
934 75
104 418
539 740
517 224
161 544
331 720
748 352
48 572
670 614
90 530
244 470
283 136
17 51
397 614
841 189
158 189
545 428
787 469
955 441
543 662
573 691
349 90
499 362
34 711
279 239
815 417
301 145
280 699
414 645
688 459
556 403
841 278
420 153
88 6
774 455
574 178
150 730
764 7
713 55
705 10
862 529
129 629
734 154
526 193
11 390
511 588
775 649
359 647
13 590
690 721
130 300
778 389
700 431
875 403
659 244
392 408
612 355
469 631
87 184
191 719
563 574
351 614
582 284
782 276
872 642
56 13
472 41
411 468
583 572
108 678
166 131
724 47
869 664
320 337
207 701
813 520
454 154
205 379
138 331
361 672
555 374
819 88
208 430
819 637
93 60
652 271
82 360
397 549
184 236
64 117
337 115
142 549
478 552
16 294
631 610
292 301
652 254
530 470
441 569
542 365
828 238
85 546
442 150
209 476
361 182
930 87
755 528
932 521
520 632
467 611
818 145
415 102
71 201
726 8
895 104
666 631
180 412
256 561
274 340
618 187
376 401
505 7
211 476
297 468
269 594
261 276
170 111
756 666
13 406
102 617
958 372
123 688
216 289
223 560
826 697
478 31
479 9
758 298
322 50
965 201
348 349
487 630
579 125
920 220
973 588
267 419
427 231
230 249
765 487
675 93
735 694
566 589
506 579
137 106
408 645
719 301
765 714
522 90
809 571
769 419
350 508
167 331
41 419
947 582
571 375
743 507
383 340
361 44
871 658
755 272
665 57
761 675
930 538
417 322
6 426
746 25
62 708
505 303
110 659
269 150
84 76
560 126
921 562
833 213
331 448
58 123
544 345
784 406
386 143
974 61
489 417
907 57
353 632
205 627
912 165
367 32
433 279
737 190
645 575
843 447
571 152
343 250
302 144
83 389
902 598
198 551
786 215
768 292
630 513
694 174
414 745
411 195
659 51
483 279
69 287
756 498
850 197
977 11
745 299
40 678
160 410
105 295
15 132
461 467
914 717
39 100
80 194
538 170
453 692
755 465
798 712
868 351
860 363
537 583
387 546
960 486
92 345
622 521
662 646
313 327
67 400
66 508
870 590
189 406
149 362
296 235
829 138
476 671
959 39
98 366
317 111
486 708
469 370
307 73
148 700
757 286
752 501
619 185
866 8
695 450
91 443
662 139
508 225
110 256
960 609
339 204
400 719
578 632
695 385
742 174
787 301
489 562
794 236
909 616
272 143
303 33
103 102
452 710
327 455
364 735
34 594
192 154
45 426
553 124
126 153
909 609
80 257
711 662
767 543
792 718
189 712
269 699
339 445
417 0
282 62
835 721
368 489
623 440
176 673
149 452
652 131
786 290
103 463
884 370
659 646
724 650
111 357
676 192
75 472
727 124
311 105
901 379
248 527
545 474
750 27
961 178
788 438
442 231
348 40
372 231
856 251
864 83
636 600
713 704
357 277
635 66
676 263
735 503
194 323
383 670
989 135
250 669
325 440
229 241
267 87
675 249
633 81
677 436
298 536
572 553
453 542
270 492
828 680
8 665
656 4
471 195
800 295
471 313
558 678
369 301
461 370
67 78
46 81
657 66
364 589
231 220
327 42
876 403
33 2
771 387
331 701
512 355
960 244
807 533
428 253
312 463
949 737
817 76
825 476
324 355
974 729
843 355
333 524
191 736
74 293
883 552
636 116
67 136
449 625
460 545
500 384
503 196
950 336
506 696
921 399
334 10
489 88
248 692
381 112
260 53
666 565
755 566
195 446
630 323
83 308
931 169
447 246
343 141
323 620
250 556
515 503
291 628
761 190
739 15
785 369
384 449
128 161
719 417
969 294
278 721
469 532
24 618
979 19
888 518
609 397
249 190
119 595
255 183
848 261
135 626
274 328
28 283
846 385
12 38
837 187
2 239
882 253
481 636
846 308
977 748
782 29
356 597
210 579
320 258
805 468
466 318
28 745
924 731
616 163
448 77
625 142
418 459
593 262
247 21
310 86
78 68
915 426
240 323
120 360
354 596
52 733
344 188
354 664
328 632
827 736
627 592
906 569
472 154
726 708
917 599
248 370
885 714
574 26
839 528
627 1
750 223
297 364
215 174
188 88
482 649
330 634
966 133
204 691
401 173
244 106
23 707
4 185
640 449
162 24
213 297
842 304
180 462
834 280
774 376
142 47
334 444
814 26
644 255
201 337
116 200
597 66
667 467
5 390
195 204
947 612
223 640
583 736
707 278
777 497
232 642
651 344
706 362
242 513
629 662
449 12
283 492
320 41
466 595
927 496
440 473
134 178
487 321
811 281
374 377
415 338
377 600
103 250
397 316
162 455
589 144
100 631
613 628
85 37
426 298
701 253
419 209
57 342
551 429
444 234
887 310
968 689
567 37
551 543
595 142
674 508
899 488
622 735
229 303
871 226
825 568
933 540
30 585
930 446
460 150
934 129
406 712
706 350
378 545
320 32
263 721
785 377
523 80
479 732
221 629
315 540
408 405
881 290
675 700
400 223
236 96
293 196
436 619
960 601
631 515
544 29
974 626
852 269
759 286
697 141
735 466
594 209
12 50
41 395
9 741
309 10
817 472
174 578
159 53
413 261
985 4
944 276
518 650
724 321
628 641
256 137
817 234
599 683
971 294
686 600
853 247
67 232
522 13
836 400
142 652
24 399
255 95
728 120
721 629
79 397
222 159
519 142
161 299
157 380
923 737
215 207
191 550
160 106
65 336
207 233
113 155
71 306
380 344
850 634
784 161
32 608
233 258
932 185
775 322
873 102
135 568
857 707
632 17
710 536
884 151
112 594
285 623
394 456
528 390
415 630
5 158
875 95
809 676
15 32
822 649
703 571
727 213
458 557
274 187
120 535
236 272
383 266
97 249
269 299
19 539
724 689
835 205
783 60
394 114
615 482
353 622
563 49
283 368
20 180
147 54
92 473
199 170
970 552
588 49
413 635
1 588
368 222
324 275
864 381
547 711
153 730
80 643
175 382
446 714
766 629
142 568
115 205
852 695
726 606
540 159
354 680
678 676
979 228
532 4
944 288
675 737
853 237
247 299
857 669
777 164
905 254
518 327
843 46
550 359
491 306
301 429
813 412
452 336
791 474
762 524
540 458
598 89
821 721
788 111
633 46
44 573
942 359
539 730
333 173
628 68
878 123
516 25
865 321
266 216
879 343
35 343
372 72
87 311
194 206
437 632
767 494
5 633
116 311
596 317
244 389
245 17
744 721
79 76
318 77
230 440
218 261
917 675
622 76
26 144
320 516
677 658
238 364
194 111
113 364
171 9
715 507
800 331
286 238
871 310
615 651
569 737
287 41
234 359
165 597
178 682
506 245
96 329
976 297
228 132
12 703
89 286
26 105
911 349
573 138
823 251
676 394
613 442
935 511
775 743
636 552
799 410
2 18
511 387
374 375
142 53
125 665
624 664
57 242
456 462
788 494
147 159
826 183
19 34
431 129
642 60
501 578
913 601
339 117
570 414
615 715
250 516
174 139
844 0
966 55
98 160
46 650
443 449
451 437
969 378
602 27
964 278
606 536
614 131
602 412
291 513
121 570
656 86
402 28
342 14
303 469
574 159
97 248
362 22
174 98
736 336
694 27
765 549
705 76
606 239
764 519
49 725
651 133
860 206
611 176
847 694
152 411
432 360
903 347
976 441
141 23
449 357
490 514
485 121
736 209
257 490
123 100
375 450
54 445
978 54
737 74
287 408
675 184
850 203
483 546
560 284
46 555
684 222
274 16
779 558
587 706
802 479
263 706
965 732
692 358
912 254
527 634
612 303
306 253
611 502
105 363
494 197
819 347
364 19
739 529
272 617
282 504
902 198
909 359
297 221
547 653
931 197
782 274
541 349
963 746
120 119
662 5
144 668
526 166
121 217
921 171
468 87
220 270
345 628
336 259
4 631
381 657
372 67
901 636
488 292
508 658
522 179
458 700
515 244
45 144
256 295
439 372
491 484
42 44
461 218
334 46
170 579
332 127
153 366
181 166
129 539
309 316
405 211
800 221
842 94
596 376
175 441
571 133
596 458
168 101
378 228
877 590
343 538
458 562
242 608
378 557
421 100
459 112
449 540
912 262
571 531
321 251
368 658
111 448
239 5
923 586
304 587
158 327
196 386
647 257
516 699
129 385
455 517
590 385
715 406
465 328
830 97
374 620
691 469
544 163
365 237
392 674
465 553
148 576
372 155
690 570
168 247
136 282
533 351
223 730
940 216
150 146
772 118
345 482
605 398
692 508
474 569
579 248
120 113
696 749
197 305
520 288
489 50
828 562
273 248
156 390
989 53
550 370
961 62
613 672
681 514
659 739
268 107
377 260
148 246
546 496
109 748
629 140
253 170
666 185
973 470
822 442
348 549
244 492
233 545
784 429
904 194
188 572
66 46
812 457
377 165
557 400
601 360
234 179
636 138
785 618
212 164
485 363
749 153
129 541
171 630
281 123
35 710
784 338
636 320
296 724
301 131
755 440
309 632
814 510
141 324
793 3
819 224
913 630
717 496
248 110
522 60
586 5
302 525
469 389
9 139
533 16
57 6
409 158
107 407
853 367
455 412
97 340
806 446
408 265
362 76
70 591
224 396
720 116
274 616
19 159
32 191
265 50
830 741
621 363
843 317
866 311
530 539
694 349
803 205
646 297
481 494
360 211
51 411
289 468
383 506
653 98
759 42
88 373
1 450
656 269
117 204
273 303
209 122
435 102
401 635
689 31
797 713
592 424
614 686
752 394
12 227
519 578
836 721
222 608
946 736
537 574
919 726
774 372
782 3
823 212
321 452
31 484
60 628
946 691
767 200
984 151
674 135
451 304
793 479
73 213
753 72
147 175
723 370
573 643
241 597
925 613
407 679
726 317
419 135
17 482
66 392
737 508
175 2
40 442
609 682
251 571
709 118
467 324
923 624
670 256
724 505
674 285
271 412
710 648
980 526
865 152
274 448
405 740
604 189
764 222
199 10
808 649
849 593
484 24
501 382
787 410
927 258
787 24
259 560
192 545
140 488
620 222
548 42
745 552
422 502
731 699
380 737
429 20
31 156
545 397
54 687
734 41
350 76
855 72
885 699
562 206
408 673
512 747
749 61
988 624
915 613
847 644
700 216
471 355
103 549
597 255
105 512
867 736
749 378
328 519
188 532
154 534
728 549
757 391
133 243
233 139
67 313
211 133
716 497
801 318
334 52
628 702
680 383
136 733
408 377
421 604
680 414
447 530
903 511
924 79
121 747
508 23
117 175
591 474
530 351
572 140
337 97
853 239
235 639
823 133
920 145
317 42
512 47
233 349
913 224
349 0
375 714
515 292
587 315
985 396
141 101
127 744
72 428
687 593
773 241
425 95
480 295
418 3
77 82
43 264
754 181
348 357
96 534
442 666
904 378
298 3
20 742
306 377
819 617
304 266
586 444
381 65
45 458
715 748
726 420
882 171
822 573
329 250
597 267
188 617
758 583
798 360
332 322
96 530
329 535
777 441
473 416
963 575
866 376
218 271
746 259
445 181
642 512
382 699
843 10
547 186
210 440
752 16
945 379
391 393
664 509
95 72
568 400
293 478
3 283
780 213
750 141
129 292
709 25
214 297
637 299
647 373
340 514
651 533
530 722
473 527
887 593
540 683
754 103
879 518
200 401
220 273
343 160
211 570
633 15
627 668
566 690
853 158
922 666
790 294
839 69
92 361
982 351
828 445
669 651
110 475
813 355
449 423
62 199
50 278
815 743
522 474
405 41
565 499
346 207
47 430
661 499
715 399
28 517
66 244
574 556
39 520
349 407
189 644
134 448
295 300
19 522
789 29
405 142
112 329
706 248
892 333
125 423
499 503
229 294
537 360
818 468
712 247
833 136
924 623
344 543
61 144
857 172
381 62
632 715
302 366
90 387
545 176
194 516
114 724
884 25
709 341
594 387
711 730
633 739
982 711
478 679
440 665
853 314
35 674
51 12
909 570
120 107
35 222
49 359
310 105
568 544
341 354
22 594
262 497
197 684
107 338
299 59
597 357
529 497
769 716
570 726
10 490
102 669
985 548
747 52
234 67
123 567
764 476
956 205
662 275
398 632
81 591
699 701
16 6
59 572
534 350
138 459
158 376
894 140
718 304
441 280
964 417
835 284
234 188
407 46
714 8
533 110
753 371
409 702
471 520
841 312
860 199
719 641
561 644
722 543
825 336
416 55
670 172
28 368
687 38
306 391
590 692
232 203
675 730
821 182
655 692
403 713
190 62
538 367
57 504
898 428
368 282
513 9
746 663
844 578
672 195
213 229
507 142
390 150
54 354
34 155
453 486
749 56
570 485
839 176
153 549
547 366
793 659
235 158
2 564
456 70
64 126
784 48
901 418
108 312
581 72
161 282
839 302
517 426
440 667
861 652
857 446
619 466
24 159
693 27
216 587
769 164
63 7
710 277
574 728
198 70
74 622
687 235
343 627
781 568
374 471
188 624
97 195
277 417
814 166
190 446
357 301
529 555
746 165
424 65
309 603
97 180
22 628
734 103
424 237
23 435
71 613
231 234
36 638
605 548
800 11
137 243
959 88
602 693
601 197
489 727
100 595
171 599
411 436
650 617
658 472
555 583
776 558
587 385
725 77
280 561
343 153
832 266
352 559
780 459
558 519
421 40
248 736
780 386
943 220
804 544
475 33
754 651
346 297
277 137
230 462
936 557
589 211
850 659
830 128
36 190
307 362
487 542
261 429
221 262
602 290
725 177
406 306
324 623
846 36
20 219
743 75
761 139
142 502
961 661
546 117
988 268
884 121
987 62
799 462
904 489
842 274
168 20
764 681
882 15
898 338
445 132
329 644
326 22
550 6
707 203
389 364
747 3
352 514
473 81
730 542
211 444
938 684
249 73
174 313
555 430
165 536
371 525
28 197
959 133
939 448
635 156
49 319
418 464
832 493
453 259
100 584
343 35
91 86
799 379
411 505
690 5
925 211
852 635
979 244
245 693
635 622
635 154
171 229
416 154
56 596
383 232
944 371
443 473
191 704
493 740
401 373
684 738
789 517
505 457
239 743
861 543
57 575
241 610
760 87
337 425
787 312
796 333
254 138
635 492
25 3
508 568
722 111
56 127
143 383
217 531
617 434
166 560
161 599
805 262
728 54
914 175
720 10
406 727
294 411
657 207
253 248
666 610
86 180
306 532
848 296
942 668
598 159
987 44
828 161
69 525
537 643
114 410
517 690
717 460
754 405
216 30
965 663
448 137
666 26
854 607
735 498
348 449
221 235
125 158
482 220
699 667
704 294
698 304
3 588
915 599
490 386
516 477
45 224
225 20
618 480
931 144
962 89
969 50
314 581
31 244
330 184
803 627
408 22
635 689
596 16
29 636
493 681
630 108
442 294
784 662
485 244
221 673
861 298
359 330
30 258
98 26
152 249
211 488
273 670
718 44
596 700
701 709
70 681
902 241
937 521
40 195
704 125
503 708
520 613
318 582
900 26
233 95
976 637
23 403
723 617
586 690
260 557
852 272
404 405
33 529
955 22
331 12
328 712
322 508
750 160
479 577
520 144
477 644
497 266
517 171
753 438
447 505
715 690
802 20
341 593
182 245
167 233
985 284
930 244
755 601
290 349
898 358
266 187
15 629
912 661
235 628
774 381
131 466
589 649
48 705
735 732
966 89
849 662
310 479
794 528
17 507
690 683
272 180
445 725
185 633
809 460
748 331
949 78
481 348
28 622
424 381
325 538
657 231
671 718
660 482
589 464
920 114
389 52
195 299
524 54
626 559
404 338
667 11
183 731
487 390
972 318
917 217
472 694
205 671
536 49
808 378
39 664
282 618
855 100
394 639
118 287
273 25
837 538
646 274
826 718
61 236
175 274
254 124
130 91
723 578
959 460
490 558
151 599
404 538
376 208
77 240
338 655
671 552
611 616
809 496
386 372
988 418
271 287
623 504
861 261
575 240
845 612
954 370
882 126
554 210
0 89
693 742
931 600
492 507
953 614
525 91
878 166
70 348
450 300
258 328
13 318
911 666
444 21
693 394
960 697
521 122
248 124
523 102
247 115
896 639
797 50
863 106
821 317
331 586
725 641
633 684
287 656
228 136
633 381
612 92
666 677
832 440
706 67
361 497
251 71
133 646
275 412
89 196
391 26
756 462
702 70
677 304
458 749
783 711
265 290
383 386
797 461
260 346
592 738
490 451
93 517
928 568
403 656
855 398
215 15
540 202
728 290
728 75
411 585
505 461
73 728
418 301
796 492
812 583
108 439
682 509
689 191
406 28
368 138
211 315
108 243
188 208
92 381
629 435
156 166
134 743
331 439
517 306
41 367
239 746
470 359
941 367
967 96
516 638
447 17
363 370
825 453
394 247
391 713
670 594
958 7
11 152
427 72
866 474
782 126
42 129
622 239
785 698
668 293
13 480
751 619
454 561
210 166
473 291
870 632
115 663
815 275
644 581
270 24
167 96
402 405
350 599
655 247
120 436
899 472
172 104
43 450
757 189
683 594
735 108
130 75
750 266
608 265
830 431
823 511
302 608
982 720
220 173
527 382
224 374
732 658
796 641
708 39
398 373
45 560
10 744
312 370
887 688
195 623
569 374
720 25
568 595
672 584
639 715
325 533
811 333
281 500
240 459
898 404
930 705
531 87
513 20
393 603
533 235
660 466
722 733
541 116
43 52
775 517
476 382
201 705
145 433
617 630
191 747
949 679
865 238
225 541
132 426
296 171
368 60
49 489
730 370
390 222
238 252
772 327
290 312
49 154
552 221
57 171
605 462
569 625
30 14
907 45
171 705
642 652
221 502
217 424
18 121
166 324
607 484
761 69
58 138
70 602
357 744
554 304
967 565
944 450
21 409
54 686
119 710
253 416
260 47
837 726
629 692
694 180
279 484
920 312
34 453
262 505
113 739
372 87
249 347
34 364
617 593
875 24
157 430
968 8
481 154
138 120
458 626
2 655
398 415
276 165
453 714
604 738
220 661
817 629
798 304
881 694
818 554
922 150
382 260
901 548
164 250
457 135
790 401
940 727
188 224
234 279
231 663
781 348
743 33
248 331
426 161
430 20
390 3
552 381
263 522
182 330
942 330
106 623
100 360
129 278
761 598
68 378
834 415
767 162
754 31
746 111
916 130
297 400
85 192
642 347
937 437
70 225
953 195
550 132
555 628
879 570
471 446
346 706
611 120
776 340
265 54
291 660
958 573
12 735
801 186
140 537
409 303
301 533
116 82
901 416
574 212
916 455
786 205
303 610
876 64
86 443
83 193
772 737
354 148
920 85
222 238
127 388
523 610
688 342
854 228
778 544
314 723
932 464
542 126
556 687
37 659
564 420
326 679
291 67
339 68
691 292
74 545
173 590
474 130
776 188
927 95
980 198
513 189
391 238
695 511
384 562
669 173
567 711
5 307
150 712
717 589
255 25
767 92
402 546
528 428
770 570
511 468
267 356
16 503
697 583
251 11
141 234
101 247
673 362
620 533
247 335
238 739
354 698
917 673
638 363
586 706
503 103
830 0
222 137
915 545
394 321
306 197
15 7
260 203
952 113
141 470
872 463
129 418
256 513
880 413
857 422
450 513
900 198
752 195
893 476
487 639
464 316
254 303
946 632
443 537
978 380
486 27
831 526
567 408
91 412
868 401
147 51
71 644
473 477
807 552
561 390
856 192
891 280
727 354
312 284
445 555
500 536
847 79
350 237
302 254
234 271
709 344
915 567
921 52
472 748
811 119
919 155
671 224
791 626
867 595
479 113
659 291
257 367
154 107
551 523
714 228
365 391
711 409
106 727
403 502
917 469
340 416
352 390
185 358
474 494
360 667
210 554
653 318
681 634
431 370
960 634
950 190
284 329
619 550
756 687
455 320
902 591
362 436
155 638
221 521
171 713
559 681
147 36
469 198
764 361
277 566
886 477
640 246
432 245
855 334
811 528
296 519
303 275
362 588
630 381
867 207
280 701
250 494
255 451
210 371
543 576
736 306
653 285
40 196
605 661
860 223
918 642
167 593
390 438
211 538
21 700
207 228
259 546
242 623
445 742
738 275
769 574
893 429
752 726
639 382
345 659
531 175
964 328
737 684
902 165
503 84
162 36
288 495
37 413
188 166
885 76
689 114
668 97
700 140
434 11
1 668
95 235
506 246
538 161
609 343
593 730
279 480
304 428
477 638
653 4
290 24
151 147
568 312
408 275
463 632
367 129
553 145
866 480
428 518
608 50
176 542
745 451
965 48
435 220
612 305
101 527
0 304
380 580
347 696
51 326
445 429
395 367
129 193
520 137
396 166
808 584
841 588
893 158
576 674
106 25
45 734
865 478
968 737
353 132
9 538
858 691
876 570
561 453
417 360
629 414
202 58
731 419
648 282
477 473
652 67
601 725
185 121
183 76
499 384
768 61
325 612
716 606
487 264
774 682
530 331
452 387
376 643
558 744
927 647
821 470
680 228
47 19
107 716
140 301
724 51
966 114
424 656
589 221
39 24
600 28
364 501
100 118
206 16
767 242
873 230
963 417
720 197
385 262
646 148
873 615
734 385
928 442
377 466
957 101
580 27
658 132
369 114
133 735
960 289
985 381
110 427
155 525
147 546
368 131
128 109
890 679
92 747
747 375
771 514
960 121
773 465
198 285
37 43
307 119
870 145
516 701
339 666
54 363
278 423
798 706
301 241
200 26
614 688
815 685
246 436
397 283
917 91
524 384
67 658
680 247
549 303
978 748
258 671
608 169
734 283
176 572
647 601
898 417
157 130
528 168
828 100
665 280
498 232
566 493
195 152
117 102
693 163
902 572
30 388
876 501
986 600
37 228
321 665
358 234
780 596
317 66
875 32
74 403
239 346
943 325
833 232
208 707
789 69
225 553
125 13
116 674
632 500
499 276
861 184
309 54
235 475
463 435
591 594
952 267
425 401
461 328
660 272
485 59
188 169
654 215
915 676
768 432
940 309
857 76
877 445
420 124
375 709
935 413
311 531
388 306
346 615
29 390
387 444
207 551
332 88
836 109
775 391
432 655
346 329
392 612
97 590
271 269
503 252
767 183
104 509
799 145
49 198
283 525
60 397
270 173
657 331
874 381
324 547
165 187
207 244
885 466
554 685
535 420
737 115
861 191
846 738
823 592
336 736
414 333
515 5
10 306
17 715
569 195
222 305
443 567
736 632
665 290
111 10
288 453
205 719
220 167
681 484
271 613
891 115
609 718
560 462
692 591
507 260
282 417
594 607
795 99
74 635
833 156
350 649
56 469
108 589
722 216
70 580
846 48
22 10
725 630
866 75
116 253
359 731
676 231
736 117
539 714
166 339
458 383
859 86
583 284
623 498
598 687
657 14
150 37
59 457
622 380
232 430
43 577
748 307
302 628
26 187
817 463
728 262
591 53
559 382
227 696
494 472
599 272
426 72
46 233
516 316
859 428
942 545
783 461
249 59
617 378
535 657
832 479
217 711
793 356
678 370
741 175
966 481
449 662
310 207
806 350
463 658
925 122
331 377
300 14
458 225
294 13
137 578
90 443
345 735
939 568
294 502
583 327
906 532
77 117
374 407
300 387
532 682
181 337
577 260
454 175
447 671
750 155
771 4
621 177
945 392
466 261
872 326
194 475
246 422
229 201
486 196
731 423
301 210
98 555
534 660
945 330
399 291
364 702
490 534
937 154
182 699
938 498
399 636
139 675
348 572
138 337
482 589
661 596
835 221
723 725
443 408
985 62
17 385
506 8
70 556
67 411
354 340
886 153
847 277
326 590
603 183
335 201
475 660
861 377
222 8
778 154
768 286
542 529
167 542
261 216
113 292
60 103
616 634
914 68
304 449
416 397
76 667
917 672
36 593
825 638
41 124
729 56
41 416
34 536
306 87
779 100
49 295
352 47
652 158
871 447
805 140
107 514
155 43
1 243
117 317
223 335
35 197
166 159
109 436
352 489
513 482
703 540
527 747
103 749
185 727
355 174
45 151
215 498
540 240
126 497
458 690
73 51
960 584
729 70
489 372
552 427
488 710
821 515
547 126
711 196
102 508
605 665
952 684
280 719
988 168
971 5
944 720
376 717
415 404
579 361
305 623
651 313
989 389
790 694
349 542
666 9
436 251
3 255
988 643
118 255
378 578
624 121
29 372
628 421
554 503
147 16
641 404
485 473
855 430
527 715
867 217
859 565
356 18
687 318
916 238
84 710
526 41
564 54
61 422
754 246
515 242
44 267
18 541
696 314
601 236
807 285
393 226
459 541
130 64
436 412
808 410
326 408
391 641
617 644
579 146
168 427
916 634
906 378
565 408
393 227
41 118
797 264
677 628
290 566
588 252
640 487
545 648
390 715
784 319
103 603
26 741
371 682
774 523
808 145
96 233
688 731
736 510
152 317
309 442
766 615
507 157
843 339
120 52
451 592
541 133
931 595
634 639
530 332
756 148
123 6
976 661
989 59
969 319
152 253
828 738
977 58
441 113
888 51
117 521
663 574
687 657
841 250
667 138
772 326
65 150
702 320
444 549
520 472
973 472
237 76
646 239
495 263
770 399
599 437
935 362
216 482
280 151
501 196
51 148
602 211
161 729
388 216
90 454
75 31
764 584
269 28
685 367
909 39
480 194
837 700
126 239
261 116
919 419
899 594
32 303
49 93
858 440
662 725
489 553
744 472
126 206
658 66
935 557
38 522
233 20
591 250
291 157
610 605
780 742
828 91
358 216
278 569
332 268
480 277
85 125
113 551
989 334
761 599
60 699
179 238
653 341
901 328
123 669
204 153
56 342
946 664
306 724
475 584
426 618
706 37
581 232
507 584
725 252
40 736
587 493
301 12
117 205
13 263
266 274
918 407
719 255
298 546
722 610
32 160
127 252
158 494
353 334
77 460
748 73
987 130
304 650
933 17
415 214
723 604
543 204
559 589
284 143
819 104
476 593
253 104
739 381
378 707
78 386
859 629
817 467
606 136
560 696
14 81
837 87
934 580
383 676
142 698
663 570
911 342
697 524
739 330
116 365
827 630
505 743
118 609
469 689
615 723
236 354
616 165
549 702
818 661
396 352
726 294
730 731
14 389
815 733
263 602
164 94
307 143
485 432
508 185
226 333
458 721
98 134
294 644
440 720
856 80
334 273
824 124
63 626
539 361
111 367
641 727
935 744
970 677
817 308
430 341
759 179
335 732
617 93
381 387
496 569
555 273
505 49
918 151
363 157
80 613
837 447
90 592
537 4
878 254
506 413
560 74
486 581
850 362
894 274
721 383
452 272
263 139
176 691
367 426
194 698
829 79
530 456
122 407
441 273
604 692
529 302
534 214
145 169
553 15
23 529
698 377
816 730
822 661
799 335
830 573
172 464
936 134
693 412
956 163
117 69
143 610
158 517
986 473
912 359
833 3
546 330
150 391
987 326
715 593
423 71
325 402
117 297
975 313
593 553
138 466
96 684
844 389
286 336
495 61
293 69
595 108
814 373
938 523
267 452
337 134
340 65
520 395
960 70
197 608
628 232
121 198
624 215
851 389
642 635
589 60
596 31
172 151
512 337
620 671
610 411
293 675
809 205
50 72
372 488
913 704
236 600
567 485
392 383
847 544
425 331
648 542
337 639
597 724
372 638
436 681
618 700
576 90
860 719
519 427
223 710
564 313
176 228
585 176
398 246
110 410
214 549
15 192
80 252
356 402
392 211
150 168
880 318
824 580
856 334
770 336
181 113
494 708
144 366
836 651
845 474
377 503
170 289
418 295
550 423
345 89
725 321
238 526
81 84
321 269
109 458
625 410
140 475
167 275
469 185
774 337
754 530
184 279
100 15
440 295
843 18
880 127
854 386
985 259
178 341
687 459
236 260
11 72
470 445
22 599
193 521
492 549
142 7
411 673
944 228
866 495
667 173
555 378
875 559
677 258
289 503
623 91
768 248
518 610
866 356
201 314
383 555
61 660
58 729
471 227
864 682
686 182
667 493
788 661
464 2
275 86
858 75
950 110
407 692
976 421
396 5
684 749
38 37
723 321
625 724
954 25
39 252
135 38
644 224
3 557
118 554
699 139
886 51
163 510
880 258
125 97
808 58
68 280
711 694
345 258
669 21
664 437
666 347
671 716
60 666
264 669
496 681
598 490
273 601
550 705
425 354
424 366
531 715
695 308
275 576
21 157
546 223
665 465
421 510
155 545
836 81
68 363
188 50
843 331
966 338
201 662
258 587
264 704
190 14
249 124
721 516
230 332
683 538
23 346
785 290
390 69
899 58
949 122
771 618
567 650
852 540
11 698
392 664
842 345
278 281
367 39
468 239
635 114
410 22
399 34
821 75
733 675
985 262
455 309
311 452
689 47
214 120
89 466
501 103
378 246
937 562
53 388
108 675
98 384
668 592
128 27
880 133
756 165
602 104
209 312
860 65
720 268
451 340
263 214
371 329
962 242
968 234
820 728
120 420
581 471
155 40
948 50
369 740
237 533
552 703
394 648
26 581
97 641
203 400
892 466
56 719
984 629
903 261
729 155
979 95
5 192
808 433
323 315
752 158
626 24
173 371
596 503
258 707
648 139
912 524
805 94
290 351
685 460
640 311
622 243
384 108
217 712
429 203
152 669
981 677
398 595
513 565
528 531
636 677
727 308
627 37
122 44
592 387
708 484
480 419
690 6
248 670
24 351
338 552
354 568
233 70
714 360
401 5
490 437
625 566
683 506
175 150
499 544
292 599
51 619
43 620
626 36
953 143
310 320
848 342
370 323
800 715
620 336
774 741
367 735
205 0
204 600
332 542
101 339
15 304
123 235
801 67
945 366
765 387
682 588
457 66
405 342
598 440
161 258
787 376
63 506
277 676
553 58
802 200
824 47
203 83
709 439
834 49
76 352
301 631
258 254
884 127
313 135
763 49
420 57
838 674
81 581
243 542
63 305
112 520
161 384
682 322
631 281
914 678
337 550
296 563
102 397
355 296
196 84
921 383
563 580
953 39
575 40
11 552
658 433
673 3
77 203
247 461
237 64
453 722
583 638
244 509
872 533
465 233
651 201
596 168
350 667
549 572
154 505
970 24
119 104
105 620
305 70
466 172
59 117
15 632
910 154
35 720
527 555
121 523
936 411
405 444
627 57
466 148
889 625
81 476
715 475
609 69
552 580
174 269
325 420
622 740
937 315
307 518
529 112
837 331
161 292
864 282
758 615
651 169
397 697
386 621
610 56
818 553
781 521
538 221
181 314
334 264
280 361
645 187
21 83
742 583
775 652
963 322
202 36
301 586
605 21
569 66
644 590
570 245
697 98
812 290
757 81
260 168
488 220
440 509
863 597
114 108
598 287
137 516
770 365
200 718
834 706
327 603
427 677
427 377
687 572
306 358
24 225
560 705
285 310
968 182
271 582
776 499
427 739
548 80
376 744
973 4
245 541
450 730
107 610
252 220
576 219
134 202
379 336
111 698
986 203
433 695
828 477
386 38
375 695
322 657
115 434
370 180
425 598
881 677
748 200
656 29
215 372
127 300
922 280
806 148
439 427
910 157
974 509
598 304
313 579
965 388
670 304
137 726
913 110
236 8
288 627
925 594
875 512
247 114
472 390
901 605
553 390
353 726
508 383
800 676
725 357
749 734
185 401
803 242
807 203
403 264
396 76
216 486
748 101
922 385
911 568
681 626
735 69
36 94
404 302
963 336
527 535
920 323
433 84
737 7
828 510
741 161
167 140
377 20
945 205
388 303
878 659
950 592
382 504
57 271
630 585
786 351
458 145
438 739
620 331
732 229
778 180
159 64
966 26
466 179
41 152
279 666
984 139
943 379
564 77
986 670
212 606
658 99
568 228
80 533
577 370
420 112
689 431
567 511
611 205
468 678
61 15
307 440
169 724
389 463
333 525
339 470
982 189
257 392
989 369
68 544
369 595
718 440
737 226
236 557
882 16
287 568
85 418
810 430
505 308
347 204
312 520
67 354
668 403
257 612
780 37
216 54
553 405
512 558
332 279
101 57
772 488
843 329
676 332
730 589
70 369
323 204
163 583
17 479
498 319
440 291
360 7
743 5
900 650
894 543
700 345
163 653
731 133
935 563
385 46
907 582
546 403
932 284
591 437
927 415
476 409
409 273
296 494
585 446
61 411
880 399
403 369
655 549
898 186
381 430
873 506
783 125
141 577
298 211
475 276
296 582
618 695
200 519
98 380
871 28
294 748
794 501
138 180
572 323
697 528
34 680
215 216
751 526
214 728
304 411
668 627
753 527
945 179
582 19
733 292
848 567
727 682
684 387
898 704
579 223
258 176
326 230
431 276
769 360
592 51
293 259
50 429
369 178
289 435
939 226
247 261
55 650
638 440
328 54
507 540
91 24
967 437
411 94
519 82
410 239
131 640
457 204
430 314
256 141
894 664
870 637
28 631
423 747
81 445
532 287
363 65
978 194
467 485
665 394
104 366
735 661
210 705
569 575
417 368
841 269
723 146
755 301
417 488
268 392
844 380
226 561
558 161
914 392
804 558
946 149
368 376
669 347
576 247
875 629
484 321
270 200
349 140
429 451
301 399
829 573
56 51
5 669
312 212
34 194
383 338
593 395
176 344
860 184
815 602
440 232
94 255
512 357
118 697
119 520
245 558
429 720
744 278
498 151
987 231
430 501
459 434
465 278
712 66
247 353
988 521
557 160
173 258
946 735
313 35
660 710
586 519
368 166
425 704
790 86
680 532
480 314
287 381
30 273
561 168
458 567
598 67
246 486
575 591
838 150
223 442
500 399
152 488
354 475
932 489
635 601
117 715
205 735
580 479
128 717
385 522
825 103
662 358
592 567
626 561
332 60
754 573
771 457
944 359
70 648
651 273
686 706
679 240
486 166
465 733
88 384
801 698
337 185
36 477
230 155
848 662
723 446
352 288
678 20
67 696
503 660
366 689
752 319
740 199
771 60
935 351
435 98
894 521
506 178
282 331
357 551
194 336
876 734
640 285
135 330
517 654
137 404
607 295
643 333
400 336
947 544
736 238
582 39
124 265
675 446
253 214
230 372
435 114
863 229
561 140
873 743
546 71
357 357
707 236
816 350
935 68
159 538
5 577
290 387
637 622
356 167
579 671
702 574
390 190
655 62
155 719
850 604
924 313
865 319
499 225
25 445
847 336
631 171
495 0
626 91
972 409
133 219
883 649
266 195
867 89
669 346
917 164
901 129
664 351
260 141
121 368
178 635
138 119
129 467
496 622
575 573
276 632
63 381
933 439
923 155
247 95
341 324
959 101
940 654
341 25
96 108
267 493
472 101
378 182
117 82
222 454
498 491
443 251
418 203
296 79
231 687
593 298
737 384
26 33
282 549
656 443
155 291
733 637
943 412
387 570
870 501
419 436
941 53
109 236
903 216
103 165
822 334
235 245
669 44
188 198
572 560
181 691
885 618
169 154
743 426
267 177
693 607
29 264
284 170
640 538
818 153
979 6
407 453
793 408
114 86
39 226
915 238
277 76
603 636
747 726
448 562
561 388
804 719
846 186
281 158
799 638
410 106
698 252
449 724
930 354
833 734
86 225
495 113
140 605
946 375
674 435
537 497
381 587
39 612
779 498
901 211
44 123
719 218
898 287
411 64
879 630
907 479
400 391
454 312
506 375
981 295
795 157
34 48
457 73
760 126
162 435
870 258
755 339
972 164
96 742
744 725
826 442
345 669
866 134
72 685
375 137
622 148
111 87
163 293
146 47
160 605
176 390
182 679
768 409
137 708
852 220
785 130
382 549
253 359
725 344
897 208
499 502
53 408
458 627
575 494
138 443
408 270
875 379
620 654
605 310
50 525
823 113
762 382
70 338
344 502
956 473
624 610
62 82
930 647
86 436
115 523
238 740
340 681
517 463
67 280
986 389
477 264
867 248
444 566
502 118
965 197
665 282
620 113
667 396
573 571
792 324
241 381
472 110
662 78
21 599
480 581
790 311
695 199
419 13
529 126
359 192
494 171
249 251
417 497
181 359
468 708
954 33
909 148
235 449
187 219
429 285
524 285
735 660
738 315
410 271
673 336
419 251
855 736
382 598
901 350
842 362
392 402
138 212
890 66
563 504
828 692
545 355
510 679
984 533
252 21
369 452
247 36
830 581
827 318
831 164
6 485
429 308
913 173
127 309
862 172
502 318
271 235
33 664
680 695
689 702
383 657
715 123
704 135
451 459
471 650
234 520
283 710
316 352
656 614
461 563
627 18
154 627
733 466
541 259
931 221
581 155
696 388
813 501
556 705
358 112
877 521
866 222
273 571
542 357
298 214
717 743
878 460
784 483
625 323
394 192
9 292
572 648
704 457
618 444
85 102
100 594
558 608
103 139
486 561
463 171
1 417
468 394
886 60
728 8
543 230
170 358
884 302
989 613
801 20
676 662
260 735
289 201
840 618
955 97
949 384
888 109
186 302
421 195
937 573
825 159
278 444
873 159
766 309
672 672
360 32
285 638
323 346
769 671
551 730
674 603
503 532
471 315
666 48
281 384
899 727
428 14
312 30
166 45
862 672
252 574
596 484
642 378
474 461
811 100
293 191
551 578
520 584
820 643
273 190
427 294
35 642
411 284
674 575
951 423
599 475
967 67
685 156
814 481
880 221
218 28
87 294
485 247
237 740
807 573
751 405
593 659
557 94
71 85
274 133
67 412
283 719
12 336
183 12
716 5
534 97
450 307
180 146
714 344
634 234
504 120
363 81
676 197
576 583
640 165
832 367
404 41
726 333
334 61
423 714
558 298
724 515
439 357
963 362
943 205
63 276
493 748
597 616
332 478
920 44
218 747
505 681
463 138
442 119
403 206
45 86
660 174
345 216
103 601
844 733
499 623
352 92
728 12
359 108
427 187
27 96
470 136
108 365
603 424
512 160
687 570
820 622
907 146
403 10
874 697
803 260
59 582
645 546
675 533
112 6
812 93
871 299
509 249
0 266
936 520
599 538
984 512
548 351
127 368
804 363
771 81
703 651
240 245
472 279
300 211
881 86
254 603
295 219
233 358
69 676
564 242
279 123
409 479
642 11
264 635
967 576
964 639
682 687
771 454
649 147
172 705
931 388
811 331
661 746
728 368
501 313
154 116
830 349
114 472
567 534
389 643
662 44
564 545
628 88
887 463
937 427
195 160
360 90
115 89
170 449
475 62
81 55
498 74
656 267
151 111
26 580
445 608
518 539
686 453
600 106
305 423
78 196
862 747
625 78
565 205
126 603
707 740
442 476
850 272
278 601
466 440
100 739
776 543
548 378
330 715
314 479
430 172
325 553
542 502
266 111
897 53
592 18
13 575
503 386
575 747
354 747
370 372
428 22
684 736
548 122
544 471
749 392
0 168
678 259
433 325
632 437
287 308
512 132
97 652
831 163
584 636
385 256
175 429
719 739
714 313
889 62
789 729
473 259
672 263
152 164
423 135
85 30
486 31
70 14
769 537
957 394
137 295
519 113
316 541
254 100
978 620
418 17
830 743
239 661
115 550
461 409
817 128
568 114
697 601
810 732
748 75
84 63
984 209
87 310
51 600
148 453
33 649
295 150
743 343
695 349
190 121
898 451
116 544
83 33
758 410
446 723
975 201
446 446
122 185
833 1
807 551
448 499
131 359
212 161
141 720
846 626
50 556
160 337
656 129
112 612
251 678
680 478
638 665
203 496
791 148
329 319
751 493
155 604
108 293
911 421
845 696
933 715
600 304
463 526
196 574
928 221
175 229
820 533
106 46
872 186
788 698
791 550
947 497
431 375
207 431
682 693
465 61
299 562
973 545
209 526
471 690
550 264
138 22
232 387
903 617
917 608
627 673
339 692
982 347
223 327
101 283
547 54
907 690
75 194
28 9
594 278
509 92
15 549
492 610
452 346
114 581
323 463
280 133
463 418
402 538
215 584
508 387
842 383
458 432
668 641
986 119
580 743
768 200
614 206
598 258
885 624
64 654
222 501
118 155
873 552
920 161
795 208
394 489
526 566
613 127
885 123
65 637
683 450
963 585
505 701
431 696
904 655
345 33
455 184
169 560
675 275
762 536
12 112
538 154
191 180
36 486
769 504
834 87
239 686
181 418
114 240
689 684
491 409
563 247
102 609
770 455
771 737
700 482
814 202
706 249
276 450
488 62
743 143
113 478
138 510
396 91
212 370
118 606
921 633
269 144
872 480
560 538
899 293
806 436
855 216
23 95
375 721
84 232
293 538
548 166
628 546
597 671
626 133
245 483
630 533
914 31
34 489
419 674
305 242
581 52
862 512
53 58
123 310
720 117
670 551
896 301
802 707
42 581
949 295
398 545
845 540
634 21
651 328
391 162
537 208
127 271
152 486
192 10
170 634
22 503
230 74
104 413
293 290
457 23
307 647
920 696
842 3
552 100
246 33
180 420
22 504
908 702
794 170
719 141
165 151
849 68
902 179
88 609
891 170
124 608
683 723
42 585
574 633
348 355
556 588
147 0
456 297
634 669
325 163
139 700
814 434
378 447
564 173
924 113
235 442
974 553
29 377
930 652
871 323
3 651
66 381
353 36
812 608
394 589
214 599
782 416
760 104
279 465
705 418
867 513
889 728
50 565
392 465
512 697
707 495
910 0
507 455
282 710
217 108
783 597
706 76
570 196
695 257
463 351
989 408
683 628
14 483
115 2
874 443
548 118
348 460
880 458
968 299
481 602
956 364
952 13
760 36
523 491
827 160
396 677
512 16
952 548
486 387
689 270
194 275
97 316
683 5
111 59
143 668
135 31
70 516
980 321
839 186
493 587
63 3
54 472
907 519
69 51
905 100
531 21
226 154
226 713
750 357
52 227
126 429
321 64
598 90
678 611
5 598
655 728
647 748
170 122
725 412
842 648
354 45
763 639
242 613
528 180
952 641
78 697
252 77
625 171
337 194
391 634
898 492
943 234
240 405
204 63
566 337
450 520
474 665
136 621
484 543
601 625
121 111
39 256
358 481
21 58
462 57
173 747
811 115
296 746
692 478
800 225
727 666
478 149
357 82
708 432
795 69
469 416
570 366
41 372
381 39
965 76
749 90
40 438
419 260
225 300
958 697
877 140
769 317
113 638
737 99
590 631
674 675
885 630
722 248
751 747
290 172
8 287
733 68
945 213
219 224
868 429
492 492
232 144
462 510
68 504
2 515
335 176
279 498
476 177
316 276
862 382
294 104
215 420
262 645
693 648
286 509
186 305
338 652
795 467
296 7
633 373
711 155
902 121
236 472
10 307
489 370
699 201
201 163
469 81
288 711
315 219
702 84
309 268
988 686
544 744
724 90
3 44
123 543
888 666
521 176
937 140
277 127
338 65
90 715
1 522
545 133
101 734
592 505
876 705
551 412
783 11
119 159
25 429
940 738
819 504
694 395
368 568
234 221
608 294
451 94
308 564
62 201
689 127
563 43
641 508
452 728
477 136
980 222
559 423
106 283
945 435
71 631
631 695
378 657
336 706
624 237
215 634
163 438
706 74
730 375
225 579
859 482
521 121
623 589
446 319
289 520
840 436
116 238
288 265
416 436
9 572
894 495
319 612
70 443
727 713
832 687
641 292
728 326
281 383
102 146
518 483
20 554
105 649
720 130
406 417
249 676
438 404
707 477
25 645
698 346
963 12
909 215
173 321
476 43
592 108
892 86
192 645
119 312
89 737
794 591
351 454
197 560
152 702
772 639
973 106
661 687
576 740
178 397
398 284
180 392
592 574
891 738
670 638
178 215
953 375
754 225
314 433
251 527
10 344
341 363
323 34
293 258
416 592
137 208
682 179
234 743
460 649
715 549
816 42
260 587
308 3
26 411
957 431
282 305
807 650
361 6
453 730
786 233
60 686
796 653
508 459
850 77
547 691
479 493
806 389
974 659
669 261
251 495
828 628
338 283
308 694
526 247
145 638
556 418
966 548
246 175
635 561
410 745
399 176
580 683
426 710
286 155
347 563
399 505
693 642
330 20
216 647
611 443
431 11
348 631
408 474
15 283
792 321
970 489
820 290
96 672
630 488
706 129
803 636
898 304
398 203
557 273
480 180
121 286
710 112
67 704
694 404
848 135
124 524
40 401
517 128
336 83
687 325
89 592
855 38
444 107
758 402
234 739
975 499
501 522
886 594
138 221
390 17
72 161
363 35
91 659
342 471
184 20
16 434
280 550
317 512
269 390
947 68
463 474
343 24
273 274
571 135
492 43
467 587
907 408
920 716
60 599
225 338
384 530
646 343
223 469
642 678
663 581
540 542
901 213
250 550
636 280
503 355
26 695
449 347
505 55
243 34
18 545
700 223
207 650
929 384
185 661
737 162
494 638
725 488
26 230
569 87
63 709
588 149
366 707
814 23
828 684
420 494
158 308
372 690
386 355
617 19
23 711
118 613
927 252
537 739
52 439
774 138
416 662
758 0
695 19
603 221
905 586
773 16
894 747
183 435
693 729
536 709
187 74
212 158
483 160
947 635
170 607
244 620
363 225
657 494
297 426
967 617
696 677
699 37
726 537
491 101
124 11
466 24
779 572
9 214
423 573
161 741
25 339
721 408
412 688
763 332
396 627
144 96
923 666
917 13
180 98
690 531
855 572
723 443
180 574
412 246
658 449
396 526
365 365
823 317
372 540
262 321
420 352
599 143
233 743
883 212
212 460
940 103
770 426
100 693
92 543
759 111
244 533
111 233
427 35
777 297
769 48
851 118
342 252
875 713
296 447
400 705
3 236
402 613
287 540
18 687
238 110
227 433
905 171
69 322
157 494
45 481
981 582
622 305
176 388
110 622
351 347
756 310
376 14
518 130
651 265
726 597
77 261
666 741
48 504
857 594
188 632
70 714
420 485
456 101
500 433
109 317
267 207
702 55
853 94
627 378
622 112
811 98
657 378
491 342
656 347
820 243
782 296
514 168
504 112
580 99
276 330
584 172
640 112
772 368
829 309
711 493
645 98
708 632
709 232
582 425
659 81
800 550
75 49
661 618
647 576
506 706
423 447
189 605
831 97
560 653
762 418
51 26
400 181
981 732
830 670
716 621
339 265
227 1
99 114
733 339
319 696
981 126
832 129
675 204
942 208
474 378
836 401
249 183
276 556
573 364
652 407
274 243
916 573
270 107
249 269
72 367
786 237
586 627
14 622
547 730
138 524
949 329
629 668
687 121
949 462
761 579
767 377
982 424
686 367
227 653
643 703
170 660
793 279
396 126
750 311
60 217
613 431
954 408
710 61
177 74
66 353
286 374
388 667
318 251
365 707
611 373
853 725
370 140
210 426
251 749
821 575
408 267
7 474
394 554
901 682
329 196
782 520
246 39
318 443
912 521
940 449
611 679
137 3
544 623
347 705
840 690
521 424
985 354
445 257
8 192
362 145
821 461
389 171
183 537
707 685
176 391
619 140
414 339
260 339
892 283
866 285
181 401
402 34
418 487
754 611
184 151
753 55
157 103
693 543
733 154
808 193
144 271
541 412
176 140
406 319
653 526
815 217
368 520
62 408
909 191
670 354
318 471
35 623
374 612
95 649
60 170
971 423
402 353
901 735
271 462
333 732
541 230
93 746
360 330
890 121
525 334
9 175
624 319
952 467
142 376
191 175
948 410
396 216
532 364
151 385
326 304
904 182
866 36
337 282
156 204
50 589
670 650
518 164
112 510
78 588
616 215
158 460
732 537
281 12
386 574
354 210
542 727
497 284
399 336
790 577
746 44
945 220
817 599
300 714
366 173
562 675
367 227
808 52
702 687
292 143
52 283
66 269
179 540
578 427
539 28
483 104
717 253
681 276
813 431
225 595
126 199
151 72
694 189
167 508
110 570
116 75
528 424
454 237
729 723
575 379
269 113
738 479
919 550
172 112
932 710
601 614
551 365
966 147
964 357
700 547
282 396
255 494
753 286
520 93
671 71
464 131
407 191
864 320
445 131
158 282
584 415
675 719
653 387
140 684
608 118
73 704
158 35
83 626
941 193
74 177
602 317
795 712
715 541
563 333
859 60
541 209
479 1
837 89
618 585
702 281
236 553
106 171
263 523
40 456
538 207
189 378
814 65
222 582
774 509
311 271
444 219
169 139
402 504
930 506
486 140
534 242
573 230
93 260
826 651
699 138
680 551
183 584
373 731
186 123
237 46
710 634
71 402
458 482
752 450
245 116
452 294
571 164
768 469
388 173
206 480
197 293
776 347
909 574
868 642
870 672
373 443
398 582
346 551
29 370
576 716
619 659
307 271
582 92
715 127
297 397
847 214
91 247
705 621
421 602
265 223
325 689
23 84
521 677
579 148
540 680
922 219
565 273
871 694
307 728
842 73
106 123
851 313
67 42
501 587
498 119
708 460
369 468
475 258
265 76
978 468
775 176
792 552
477 110
417 186
497 56
196 590
877 113
281 711
64 719
274 265
938 101
403 278
35 233
917 748
676 661
226 438
38 264
224 674
231 408
274 74
230 115
245 252
160 50
859 740
8 64
427 178
292 26
161 300
855 601
969 515
373 655
70 293
606 49
798 31
422 249
712 142
188 512
564 685
49 100
905 683
749 723
450 660
735 219
376 200
203 283
448 366
740 562
502 280
614 124
312 386
142 651
340 657
772 522
453 654
164 53
409 390
215 693
404 279
427 389
566 152
448 676
163 92
811 498
438 590
186 137
359 226
978 339
876 308
320 404
429 470
940 83
655 703
199 486
723 707
348 488
559 492
492 382
288 731
61 534
320 283
713 222
628 474
651 547
238 342
799 433
876 364
789 381
425 15
632 655
940 346
707 62
536 699
404 32
404 156
661 10
355 735
219 659
671 500
434 423
237 301
817 322
204 34
828 721
562 496
534 353
27 448
92 65
241 629
958 729
847 104
958 352
265 210
187 158
723 593
726 303
434 421
802 650
923 269
464 717
609 683
726 523
814 627
845 195
281 688
121 550
559 339
211 130
422 212
953 386
330 616
106 174
43 274
655 179
770 598
748 252
221 232
543 570
969 483
367 453
822 667
697 198
226 506
481 624
921 360
441 345
24 260
577 670
286 457
252 478
849 109
756 185
955 95
909 201
127 120
92 617
962 256
464 132
312 562
609 141
465 49
490 244
776 691
634 395
724 435
350 380
28 201
551 630
400 644
957 609
125 90
421 577
286 265
582 448
439 409
566 131
696 27
662 40
771 475
268 381
592 697
203 266
603 199
744 6
312 735
643 370
214 414
653 523
281 386
683 65
574 48
493 656
652 610
254 149
448 124
918 582
241 681
527 249
407 4
716 205
960 61
481 41
775 592
299 153
407 408
709 182
414 628
816 352
818 68
851 132
703 711
345 244
464 533
410 11
539 510
955 237
770 191
517 7
672 690
69 199
590 662
148 40
766 741
578 555
478 643
233 430
64 240
458 107
352 749
360 153
293 699
588 255
593 640
124 201
277 584
68 42
344 424
845 23
294 442
528 722
58 59
948 48
765 475
647 132
552 574
427 395
779 667
43 207
369 96
884 734
630 535
529 86
914 446
966 449
175 503
366 515
844 655
557 597
129 588
945 703
583 561
400 374
353 387
475 683
554 302
163 169
272 638
833 363
920 523
291 493
800 654
479 78
695 559
756 236
286 615
689 741
484 330
729 77
817 725
45 471
894 115
345 110
953 168
878 312
25 180
493 641
795 480
843 348
183 730
636 192
898 606
349 390
574 397
469 161
771 388
329 272
311 478
401 560
425 140
400 372
58 448
258 204
758 73
968 71
716 145
352 39
277 605
152 385
368 609
750 465
175 647
543 11
138 464
755 101
525 467
310 722
52 484
87 615
758 679
38 186
853 220
520 510
471 86
216 424
572 679
468 61
902 634
769 265
303 421
475 154
954 512
924 706
748 311
64 622
519 191
801 536
820 479
874 214
727 645
155 519
316 708
822 404
539 478
275 654
806 302
868 281
62 349
715 333
220 395
218 216
396 141
236 648
262 13
15 415
587 615
476 440
215 660
15 104
872 388
85 321
627 28
727 426
565 604
863 278
552 220
174 701
692 215
794 121
18 197
155 559
39 356
885 150
688 292
378 201
515 19
31 477
728 582
201 650
706 307
423 356
690 333
603 25
584 692
919 741
132 228
706 469
604 702
375 145
373 481
305 367
461 519
280 305
729 86
433 522
459 288
739 295
424 317
111 166
164 357
285 675
979 83
711 518
975 135
282 497
393 615
484 348
686 496
271 48
821 324
748 248
781 747
350 51
132 461
830 635
242 122
413 202
85 19
118 654
575 28
516 729
935 217
543 448
666 664
397 551
581 140
650 436
505 297
240 302
92 684
984 134
881 505
209 114
380 581
9 130
525 114
954 310
738 390
982 588
284 602
489 714
75 19
516 633
110 209
185 250
224 175
14 281
894 163
960 159
581 225
131 736
650 186
362 445
981 508
835 397
9 748
341 391
102 303
5 170
131 693
772 146
621 504
799 742
348 408
772 89
890 579
573 72
185 242
554 9
151 406
313 692
325 120
191 525
206 446
191 471
569 396
907 533
303 54
370 477
475 406
812 574
290 676
271 655
564 733
348 39
379 613
90 164
445 526
414 101
149 668
193 731
262 61
599 515
63 735
485 277
520 75
544 734
8 317
469 148
331 686
847 113
321 397
500 37
397 207
131 29
307 98
903 462
977 18
506 126
253 715
512 211
660 749
947 375
770 270
93 264
88 643
25 678
719 76
856 94
855 419
44 447
903 17
266 515
793 258
461 64
1 622
119 32
931 259
511 397
623 28
308 165
404 178
12 613
817 14
717 185
535 441
714 420
285 415
341 197
134 491
434 379
844 698
328 4
807 114
256 313
638 648
408 713
382 599
170 434
196 736
848 389
428 235
507 411
528 69
849 455
574 743
297 212
493 574
457 713
256 703
941 296
563 75
398 311
666 597
36 721
752 69
605 381
607 654
674 612
957 274
821 184
708 44
386 513
486 529
33 433
555 658
156 528
482 617
75 168
883 343
110 113
493 145
738 395
542 516
48 401
204 313
151 212
835 47
601 357
91 20
631 522
918 149
613 12
796 644
356 444
165 651
542 214
210 223
257 492
803 143
754 593
366 710
543 122
414 510
367 390
706 724
239 334
487 690
925 386
315 596
185 674
425 63
309 38
782 569
464 423
339 47
813 168
917 162
860 209
146 393
280 716
930 342
740 359
169 127
85 208
566 691
548 525
480 151
675 685
281 95
976 652
208 602
119 372
485 210
239 183
532 150
3 448
589 680
322 159
835 448
91 174
805 324
282 470
913 721
609 128
308 183
929 224
331 429
642 332
641 384
951 283
107 677
832 746
198 237
825 310
748 90
501 695
813 613
176 152
380 142
674 261
74 647
296 562
894 364
189 442
733 367
38 370
428 409
935 574
279 218
588 471
65 267
630 361
544 360
860 553
876 184
252 272
691 748
636 635
158 711
212 486
264 585
92 458
664 22
609 251
837 8
244 206
986 239
608 44
40 335
873 450
292 267
57 64
160 28
425 525
659 414
623 410
842 498
274 326
114 116
608 247
124 556
776 489
335 704
579 287
741 571
369 437
657 377
367 409
977 484
892 156
348 101
143 735
625 179
381 87
615 589
395 404
689 602
248 323
175 228
342 154
535 562
678 637
900 46
201 409
694 445
507 610
444 390
896 318
403 555
355 410
78 13
554 484
843 85
408 671
333 58
510 609
296 499
780 11
346 138
916 421
49 419
367 686
372 622
708 370
414 62
786 567
735 54
753 138
340 88
499 665
860 662
525 225
396 507
315 229
591 515
252 345
792 429
607 364
141 9
345 103
652 64
252 582
395 663
100 12
984 606
748 24
450 60
977 320
601 179
525 72
307 340
503 737
677 5
390 578
890 209
829 687
645 717
547 199
226 592
577 80
871 510
764 601
646 576
211 702
35 514
416 99
874 81
7 378
134 383
797 541
974 407
446 90
348 20
865 457
257 181
386 743
761 493
893 185
64 80
576 562
509 688
364 161
200 280
553 510
555 18
408 334
730 84
855 83
675 490
445 524
940 82
467 573
522 129
477 223
48 338
43 448
969 498
756 134
868 685
12 275
503 690
7 232
198 579
235 243
272 10
142 749
540 369
794 399
35 485
841 479
425 272
438 24
986 467
19 464
668 338
593 208
406 592
416 322
263 455
194 133
168 564
754 161
1 445
64 228
551 299
939 59
318 51
474 510
837 435
890 636
117 713
872 506
844 270
742 504
75 659
407 303
705 109
861 168
222 357
109 44
570 708
352 396
143 223
806 88
55 498
380 577
526 216
17 130
423 156
37 260
346 265
98 553
77 24
66 208
611 637
343 358
665 3
507 725
432 160
196 595
469 329
416 39
868 168
893 229
914 253
14 445
896 625
704 702
758 393
274 315
841 527
125 700
578 245
811 384
846 741
3 545
896 107
673 189
620 314
304 192
495 235
226 361
220 79
840 465
228 677
192 62
646 377
568 355
699 98
48 276
224 182
901 510
407 713
913 639
557 196
617 662
657 57
339 612
956 414
874 477
957 107
288 567
762 647
975 209
34 161
40 271
359 616
244 489
768 518
188 420
154 671
897 190
482 364
635 581
903 542
356 337
628 697
812 600
482 16
46 20
507 728
838 506
210 517
649 553
824 397
583 508
336 454
221 14
283 523
820 97
880 406
601 466
86 737
576 686
984 487
270 21
663 668
248 25
345 576
100 290
213 654
319 428
455 482
734 489
817 469
221 180
629 5
820 565
788 133
664 482
32 44
125 676
624 73
377 725
884 573
748 349
687 229
602 715
808 206
908 316
97 176
563 292
218 198
809 623
361 713
690 361
334 282
49 406
35 12
848 521
557 519
620 605
969 547
480 573
536 497
694 259
104 315
218 529
656 428
383 560
528 312
84 523
48 369
371 435
776 460
541 197
632 471
540 55
278 293
748 20
49 394
665 639
93 506
0 328
926 199
259 559
3 118
782 448
964 226
208 248
106 733
266 93
883 370
287 275
897 539
55 327
191 203
973 69
68 602
970 524
519 136
953 613
532 112
232 412
186 230
459 605
320 325
826 705
453 11
227 556
775 153
966 427
290 393
261 710
456 534
868 560
491 486
647 678
766 123
984 509
378 271
324 690
686 299
305 263
198 646
48 633
353 62
90 267
602 506
370 286
572 564
818 178
816 38
558 673
901 288
742 704
902 134
61 296
246 556
362 110
877 287
157 619
35 483
747 34
855 117
306 320
774 532
450 374
838 684
859 512
12 180
70 584
506 407
941 350
230 248
802 245
923 691
104 694
33 640
148 242
103 683
834 688
542 707
524 15
830 714
326 64
370 208
944 237
231 547
161 429
491 165
317 717
729 648
3 298
390 480
331 597
621 529
175 668
352 702
897 573
698 663
863 491
753 692
789 454
553 140
691 186
946 16
585 394
540 494
834 604
404 615
4 9
275 108
401 46
681 113
895 604
784 357
979 417
781 483
836 69
225 466
941 200
1 26
470 348
314 390
130 510
816 295
353 620
408 153
173 302
276 270
493 283
96 703
412 87
225 715
355 467
309 418
376 226
325 518
663 227
34 259
206 241
490 257
829 597
456 491
915 116
264 286
633 74
39 271
452 48
132 729
36 120
570 542
399 691
730 22
568 328
850 343
514 120
125 335
751 252
419 437
730 18
748 15
961 415
485 179
898 182
308 690
172 66
438 19
758 541
577 301
1 204
973 145
282 721
966 595
897 297
405 179
155 182
468 300
254 503
975 259
809 180
801 182
827 554
431 586
122 488
950 727
247 69
897 140
319 165
259 731
623 192
318 488
260 446
230 736
828 574
186 23
58 470
726 339
981 596
615 361
316 455
968 626
835 681
21 335
846 231
321 547
118 496
568 577
267 161
117 564
552 246
326 2
337 255
659 82
928 25
640 170
158 242
25 186
623 629
69 509
177 102
363 433
583 366
235 97
553 608
310 0
806 550
596 505
628 246
908 231
30 663
693 405
699 267
55 533
689 128
823 464
156 693
769 145
433 191
210 303
721 612
571 84
740 2
238 521
552 302
897 482
577 606
692 328
780 278
783 292
284 163
425 18
987 715
810 705
85 209
55 638
384 174
235 1
750 1
35 638
227 421
853 37
476 60
408 741
528 571
549 662
543 183
885 385
42 169
918 616
268 516
556 485
882 568
184 145
729 441
984 676
676 690
56 241
809 560
90 720
100 411
949 390
765 611
816 266
738 486
577 499