1500 1500 10000
1361 831
751 145
1388 1276
459 1331
916 1360
169 1069
1023 1191
687 488
900 917
143 1447
808 1160
51 643
28 295
159 563
1421 1184
901 494
641 1084
1285 983
791 753
270 1150
1143 1327
232 151
360 460
1388 1159
798 1137
253 67
628 1441
1317 626
1079 1228
597 885
301 1390
322 193
954 244
1157 400
1305 132
738 868
599 460
326 201
704 736
166 928
1411 509
1172 1193
1172 279
1468 826
1425 967
948 816
967 214
850 475
415 437
1451 1200
1093 105
363 922
1491 572
1138 391
920 1235
1074 1476
513 920
483 1492
1409 872
767 1323
725 1194
940 1434
653 174
775 236
1411 836
704 714
135 469
1312 504
733 391
435 473
663 1178
940 1405
460 1092
318 1408
466 199
1224 1394
1421 78
293 1441
1362 236
235 7
1255 113
62 780
48 718
258 921
1139 229
854 215
573 1468
1455 651
738 223
1101 148
1080 1297
740 867
703 1155
1491 431
1183 371
222 1220
812 163
411 1377
1327 615
1205 222
179 650
916 14
575 633
148 1177
834 66
332 730
261 552
310 1225
65 1184
783 1395
410 1367
582 860
588 1463
726 257
445 781
4 1086
875 1097
1410 1188
1312 34
838 1008
884 57
92 89
1052 1047
224 192
57 1374
1271 465
375 393
537 903
692 490
487 1216
1405 181
48 446
964 635
170 1194
81 254
1203 588
1423 55
1307 1081
822 1434
603 9
1348 317
461 700
1197 340
699 1220
680 733
934 466
319 76
613 42
1390 1480
1114 520
933 1189
969 15
1353 1257
759 718
481 1265
554 1336
66 53
520 754
1248 536
549 843
636 819
768 799
776 353
582 1368
1073 516
273 259
557 1263
460 1020
44 603
71 32
377 97
763 960
291 198
756 250
1357 442
563 1305
720 363
395 943
543 841
952 1343
1145 823
1435 601
864 525
885 1045
1013 1173
939 767
81 1
1187 558
463 439
814 964
319 341
349 1042
187 748
181 878
953 1347
1438 1041
386 412
233 68
94 482
268 94
756 819
531 831
1005 258
601 185
457 709
24 184
875 93
542 705
1415 535
277 528
1029 327
902 1210
496 1328
481 602
1092 578
661 1376
1481 932
1088 684
1174 1286
494 710
1023 1168
1388 426
119 10
99 319
322 784
1067 913
887 133
874 619
86 731
989 252
1189 241
223 1147
708 153
284 710
587 927
158 1216
328 1456
856 218
1494 1109
1403 915
1134 158
1047 789
992 482
366 952
270 217
244 979
1373 220
1175 578
709 714
1261 1229
1036 1108
880 1276
775 369
1282 888
446 1132
272 126
1037 1262
705 692
719 168
1467 1300
482 1269
866 1230
249 566
1392 1453
1336 1223
1394 1178
366 1046
541 505
230 1154
97 236
1283 194
1067 460
1384 589
746 1062
1333 338
217 1223
684 1132
163 1256
1281 831
972 593
613 584
1435 391
1037 908
49 324
1359 1268
433 1154
997 592
1179 511
1495 549
1016 532
1029 997
88 479
682 130
839 87
403 876
44 570
327 4
268 1445
1223 582
884 980
887 11
1179 610
1369 548
882 698
743 878
1465 292
1019 1107
427 425
889 55
399 553
437 1424
879 983
56 1492
1309 8
1187 428
537 74
58 771
937 8
1451 465
289 1291
793 1274
968 1219
760 747
1063 955
1441 150
257 1216
35 195
1491 993
350 736
23 1305
562 487
1300 14
1176 1499
609 505
681 1163
163 326
1136 435
129 541
1143 505
575 693
1158 53
1311 491
336 842
873 947
1230 1083
1249 1366
1218 94
7 563
41 444
282 735
830 1235
138 40
671 862
544 1039
705 1261
1468 1178
868 494
1396 729
28 975
1196 526
489 739
1330 824
406 881
820 1209
905 706
836 667
1359 1016
535 305
710 891
2 715
685 1376
270 1359
1367 110
112 948
508 1096
725 37
1 170
1112 1232
255 1276
515 89
1456 217
1175 809
142 386
801 500
712 1297
1181 391
1251 1329
329 1272
1242 1048
243 267
163 1277
1352 1061
1443 641
494 308
1464 128
777 1139
337 933
707 1282
671 93
1442 829
283 734
51 1301
40 25
1332 879
1243 1146
577 1386
962 560
1100 357
1459 824
577 682
806 996
1278 170
810 1245
805 1004
1132 90
1003 685
1233 620
911 138
488 1378
228 603
748 1346
1287 681
1332 619
551 770
49 222
495 1056
104 696
366 159
1297 366
1363 360
840 152
1479 1048
984 0
725 1099
757 830
1424 710
83 837
708 131
473 1365
322 1100
204 509
1234 964
130 829
352 1141
1484 580
1195 1347
1148 1215
651 1025
250 222
1417 758
1477 937
981 1432
210 1339
1067 574
74 987
388 1210
302 1319
424 1352
1037 558
297 1320
425 911
1020 1123
602 976
1063 1245
292 989
639 1253
944 349
27 262
526 1495
226 1081
254 1271
147 1364
58 1461
383 498
592 115
189 490
229 214
234 346
810 690
1066 683
1394 758
1412 1307
837 152
629 564
111 235
401 664
766 411
515 743
1091 490
614 1456
1416 1168
731 808
1048 1482
1481 1382
450 253
49 84
1144 77
234 1451
1180 1049
188 161
1485 121
66 459
921 95
1298 335
682 848
274 360
852 98
232 1249
322 775
1057 737
553 945
804 927
558 1234
163 595
1038 872
228 409
452 1414
642 1086
1424 1041
310 415
860 397
1341 565
952 804
171 787
967 1013
7 485
1160 863
1022 1377
1095 701
230 430
1342 1402
1265 1169
856 606
338 489
77 399
1379 1255
1067 1306
401 1014
1449 662
2 1334
627 340
606 680
1325 1198
1356 1186
781 33
843 39
660 46
870 1077
685 328
997 989
511 604
711 900
1312 1495
276 217
1282 161
811 547
1 663
594 968
472 1226
386 1188
102 1456
1310 904
597 1072
311 568
975 257
347 1184
1015 248
476 1190
1063 296
832 1269
1468 240
1218 521
1423 303
1035 571
956 1068
1391 478
572 272
1436 252
873 680
1150 499
709 537
252 1311
1087 1356
510 1056
344 884
980 194
114 811
1248 885
1451 464
1073 584
181 822
32 686
269 1497
15 991
1203 1147
93 609
41 236
624 1042
771 1223
387 1435
451 904
1388 479
945 1278
1357 463
795 926
484 674
672 683
333 0
231 765
1353 712
451 308
12 195
725 546
1411 497
330 757
1461 1138
775 1032
1361 1394
563 1182
69 1334
1117 1004
161 127
1496 1308
109 477
44 466
433 369
821 504
1389 920
306 1346
1082 405
56 199
1312 730
562 324
473 1034
1059 1066
99 1078
190 1380
778 610
145 679
981 937
325 501
1427 501
1286 621
42 985
552 661
1164 712
1446 764
145 990
459 151
1454 855
626 42
384 304
583 1488
177 1291
564 563
808 1119
142 1322
119 620
998 1249
1291 785
731 1147
1021 1439
231 540
1004 811
1149 1182
1042 1381
366 1339
1355 1008
1430 1301
1109 1050
1188 276
1360 1312
1395 729
998 978
1287 1223
425 373
363 1304
521 114
539 1159
413 273
1093 41
447 712
1099 247
177 89
912 798
938 110
1042 1482
959 91
1271 129
726 527
800 932
1132 20
588 1128
548 818
263 1498
1331 1299
944 1252
964 1244
112 965
1006 624
88 1181
968 1437
769 898
1217 680
216 1215
25 1395
858 626
684 879
622 1486
630 661
1443 728
219 1233
196 439
398 837
965 1106
729 996
1460 236
984 1494
1150 1443
247 777
881 1327
190 830
171 639
548 282
1385 1435
764 1361
1377 933
549 664
962 641
51 1011
191 1228
1287 454
683 40
1156 1065
88 185
845 955
273 845
409 512
123 235
1401 804
1048 555
536 1352
996 725
1236 112
442 240
873 1274
641 893
840 1413
896 608
1350 50
675 1085
1175 617
1206 1341
978 1297
1344 292
103 1265
665 725
412 816
837 1037
1449 204
664 1289
1002 1386
935 356
555 926
877 234
277 1209
508 30
256 1125
1234 666
165 1218
25 1368
1333 438
1178 739
407 651
962 856
371 1032
219 227
288 1052
94 506
670 64
1484 384
177 438
742 136
861 3
1342 765
863 1413
15 474
1452 339
645 71
1185 1307
122 730
547 1477
805 485
206 1454
402 1201
962 1412
47 1415
942 1437
718 1468
473 900
766 162
738 1375
340 959
1055 1043
1448 770
878 762
542 180
1145 435
1389 862
341 1053
765 1040
638 213
484 1163
544 318
139 1428
1025 663
1322 413
640 272
1488 1085
1404 1271
428 1132
847 494
833 413
465 49
310 423
63 97
830 463
432 944
1312 404
276 162
337 982
237 205
430 309
388 1177
342 918
952 994
41 808
902 78
0 413
1498 1144
362 1388
997 987
1046 119
144 633
703 1413
313 1083
21 194
65 346
362 972
22 540
730 610
462 629
839 92
121 1105
1042 277
881 1363
1151 1013
1108 593
811 343
956 695
165 1028
442 30
1142 482
28 965
1318 896
178 1406
1484 843
96 231
1390 834
971 629
499 659
581 771
1242 1149
775 44
1192 855
794 686
926 99
1189 1479
508 256
651 1098
410 465
589 576
822 1035
155 1093
350 1451
584 253
1076 289
591 1251
99 701
310 1261
166 327
210 1255
789 226
1438 802
256 75
981 1302
325 1289
449 468
657 317
946 730
494 1246
436 9
1372 887
595 1460
26 817
997 750
128 148
790 122
548 555
783 56
1066 60
1447 1297
161 1054
4 67
503 853
902 679
1236 489
876 808
1196 535
900 837
1023 661
572 769
1287 633
472 1498
13 104
1385 863
201 462
793 1210
1060 1378
1165 678
727 1236
815 627
507 1434
558 588
223 279
1403 319
658 1237
1488 628
366 823
1076 184
514 442
697 1480
625 1369
830 305
1247 411
1236 371
1150 953
225 763
34 1030
324 1340
1293 1114
888 369
1075 1384
651 517
1393 964
1203 1327
193 561
450 1124
54 553
311 720
51 477
1025 968
1227 584
891 959
1022 549
501 24
1407 1149
1139 1284
1073 327
767 634
653 546
1317 227
887 833
168 549
1233 934
520 1364
1374 990
504 431
1478 1238
490 150
223 990
277 1404
1300 714
979 96
346 246
1391 321
757 1220
1446 270
1453 577
419 9
386 1373
764 452
1365 836
730 798
780 1046
969 1276
934 47
556 1356
777 499
160 784
1320 49
1271 704
1162 1403
213 953
817 655
371 422
60 521
384 1333
772 344
29 1000
717 956
73 10
1009 1410
846 564
269 484
1292 532
1197 1075
851 9
523 433
1135 499
188 817
1476 794
683 1207
1436 758
1050 718
1471 1240
147 788
1414 396
657 844
1316 76
1040 23
1317 666
723 833
464 1307
1256 672
748 1198
522 844
1495 771
364 1489
839 1349
13 1106
43 212
724 883
211 869
1269 916
28 156
1195 574
979 699
883 1391
184 41
1050 116
315 394
1074 1031
1166 599
310 1433
254 242
1228 1435
1317 511
1384 12
1157 393
1103 828
16 52
662 488
1284 1093
1141 429
825 1109
264 1191
89 100
286 1167
167 489
1381 1403
737 2
550 1382
769 892
434 1179
1372 386
74 602
863 1336
1275 1449
550 768
949 1355
1234 634
431 555
725 203
1361 897
953 1164
522 537
995 1340
261 607
232 433
562 352
1335 1085
529 135
737 1033
656 1150
1057 1207
1495 1396
1307 116
14 807
1196 960
1474 499
1352 1454
564 1233
1089 1265
147 418
612 917
1053 304
1023 497
454 699
1378 1465
1313 1494
491 383
1439 625
772 886
1398 283
950 467
1291 1037
1489 1018
580 822
455 1349
321 166
1135 296
958 1458
112 1291
739 598
1127 1337
21 1281
913 231
1461 1034
793 158
485 1248
67 527
494 1221
602 919
937 292
668 1495
744 1257
256 970
1034 290
145 690
1093 687
778 1329
392 1144
1306 1224
668 1135
91 195
402 1365
922 352
572 1389
257 871
552 1356
1125 291
478 941
895 935
392 1273
1343 1435
1109 1139
1017 185
1295 646
224 161
410 555
1212 1245
318 570
1052 343
489 418
185 1101
1419 169
518 178
360 79
1288 547
44 186
914 561
373 738
415 1262
609 1283
1168 651
649 772
562 1260
163 1280
948 664
1385 548
778 465
509 547
1282 1124
1342 686
1268 1322
887 121
577 1098
1354 492
176 918
870 55
538 1309
839 928
840 1248
1289 1146
1279 1250
980 459
160 943
1007 1427
1230 524
691 596
1309 240
908 2
945 506
844 148
96 427
771 235
981 0
150 383
794 209
75 1036
1189 502
1154 402
1259 786
432 116
1302 1019
1333 1199
1305 621
244 982
1134 382
1194 176
1007 1499
27 170
534 500
779 575
680 111
345 82
409 611
27 1414
1367 1384
217 1366
1021 624
1487 1008
843 45
162 1484
951 825
134 274
734 1315
1215 96
356 1144
34 1082
923 634
16 933
508 982
1454 1323
181 296
896 957
108 744
448 1411
879 952
726 1400
541 1440
743 335
1459 1004
270 729
1317 548
1199 658
945 862
1055 1092
1210 934
897 1061
996 42
1292 158
590 1366
1262 371
917 398
1465 935
399 219
8 766
1180 916
513 1346
1355 1369
294 573
648 95
1082 1443
183 1184
1147 807
32 766
506 419
72 1327
1199 86
61 715
198 120
1235 925
527 1301
1068 709
779 234
750 1135
1499 1279
111 1462
522 678
1306 479
907 883
597 356
121 1171
670 1386
1112 286
96 843
778 403
1106 975
446 742
1143 329
724 802
579 265
530 1482
1238 185
839 1354
1167 900
606 139
103 681
294 1307
640 816
909 1444
1324 86
988 280
1319 76
1074 1290
134 1402
1237 1092
1222 1052
826 1204
1369 1469
751 90
20 1258
208 1488
958 447
472 429
1061 1284
494 1031
1495 541
1004 1388
776 492
323 749
1107 259
133 514
151 1311
693 810
1000 1242
1461 1123
835 738
145 373
1107 455
1235 1128
1290 1007
1479 569
188 426
311 82
1294 1053
909 1402
384 683
1145 1179
361 807
101 592
564 1385
850 775
800 356
157 492
760 141
1232 168
650 421
768 1136
27 18
788 498
396 888
668 851
1367 1452
8 1140
68 1107
947 550
1259 504
312 396
825 715
104 11
1407 605
974 570
802 1029
5 673
1356 1226
200 1193
640 700
1348 846
178 1121
174 1107
1270 1436
1212 371
59 1028
458 9
240 307
630 463
1327 691
1026 325
330 251
450 392
0 800
1038 94
1475 250
1369 828
628 722
680 162
1065 1029
34 1288
151 846
1173 487
1493 1329
503 508
940 792
1311 1129
1285 4
662 1421
633 1009
399 1349
664 461
1227 92
905 762
1009 1073
514 395
750 21
111 1260
776 28
562 153
159 1073
1143 590
17 802
1341 1040
1227 579
1481 890
341 950
205 215
105 28
862 115
278 790
496 781
1212 1266
1072 1347
1380 571
941 1370
161 236
1234 718
1305 353
23 258
1263 1015
883 809
79 382
1171 948
1077 150
601 672
1230 983
196 696
495 215
1004 1036
132 389
1190 85
479 1219
687 313
110 545
602 1131
295 1325
779 1112
962 988
317 397
621 1447
1228 1445
517 1003
758 1135
393 211
205 1269
580 1039
43 129
1119 1151
856 149
181 1202
920 450
908 53
1177 221
448 1292
1280 1441
1474 783
874 1266
1272 1187
101 363
1329 1311
949 452
665 1458
745 1323
1286 1403
127 792
577 333
345 632
1144 1450
277 678
897 19
276 497
1 905
463 895
1018 681
762 48
910 1403
794 236
310 1117
1303 1122
1136 189
1351 336
662 765
171 808
1012 1138
1024 77
552 563
865 449
1392 1107
699 1024
1432 479
1301 949
1370 1139
1047 1328
980 1361
1231 347
813 479
277 1002
1173 1418
716 1307
64 299
536 704
1025 778
662 1000
744 1099
1474 1281
1477 365
825 426
1027 594
237 90
1462 93
1450 889
937 1406
567 951
1109 236
1145 1384
1043 206
895 362
497 1244
747 954
1313 1338
1317 1298
1261 101
583 1220
1439 1165
806 1168
708 349
1376 1133
908 854
810 1206
1111 904
929 640
1259 1110
64 46
955 1315
538 156
683 859
1202 315
749 261
671 1479
1032 952
992 756
683 1461
520 1278
330 402
1415 1246
714 1221
1025 574
1319 965
723 1466
1228 345
521 1266
77 212
111 348
192 328
772 1446
463 139
537 533
1282 309
31 1173
1435 908
1401 357
1478 707
344 551
886 621
1184 753
1147 1494
252 511
381 567
1039 653
1495 943
791 1102
1072 398
943 1307
282 926
184 273
1386 434
876 1309
812 183
756 87
414 43
160 431
1040 952
1217 348
1357 1057
14 438
461 328
832 258
503 696
145 1413
1414 223
1336 887
1381 1173
908 228
500 907
951 489
837 1167
281 464
524 409
1242 60
115 1198
1364 187
347 157
1422 199
220 1074
431 313
747 777
751 1363
1478 1161
1230 401
1072 366
417 637
340 456
249 1115
214 240
391 324
177 742
730 29
1295 393
270 1408
742 528
642 226
155 86
1353 856
231 185
188 884
722 1385
316 60
548 1163
1251 1038
886 513
98 99
209 560
494 158
672 221
636 302
835 566
900 536
417 1152
465 1282
1134 990
736 1384
18 1126
606 298
875 284
1307 376
613 705
177 1394
325 865
1350 1307
1127 1268
1159 216
745 1111
1427 31
406 1303
548 814
396 1376
1460 1439
1011 1348
1395 1210
14 1127
365 1393
1439 3
196 4
1282 905
337 1176
1066 1394
1084 307
1010 1285
993 987
441 1005
1237 356
601 391
1246 332
133 1379
816 1220
316 56
362 1413
790 471
597 1422
436 588
1459 706
1401 1091
1067 1446
1160 642
1108 1328
1483 728
493 859
1265 1159
793 751
205 791
901 1321
71 422
696 1192
377 1173
646 1368
523 1453
924 311
1147 892
675 1326
1496 1419
1027 814
918 135
1328 472
1176 615
1006 836
434 1201
558 401
938 1303
229 306
1409 286
1183 1361
1082 850
925 757
1108 1072
549 1171
3 199
867 1213
1209 1126
1345 526
217 1289
91 555
232 1352
250 1219
293 625
508 1007
536 1133
589 489
1295 273
780 1490
13 199
732 600
531 792
1374 725
1273 418
1438 154
794 1095
234 788
80 952
206 1080
215 620
1313 151
878 802
468 773
1089 911
123 432
1125 845
666 841
593 212
858 54
921 1410
308 1059
182 1273
1161 1035
502 1146
198 299
330 1038
1060 446
121 1482
1128 893
1291 479
536 1205
717 903
552 1115
844 1340
941 1400
186 242
470 46
832 25
10 1220
828 405
349 1293
1212 49
449 1124
244 748
1036 788
739 803
609 27
868 268
241 106
606 627
141 303
1214 307
678 962
938 673
1120 527
485 389
852 1445
190 123
564 1230
1268 1496
537 1142
1075 997
126 240
606 277
183 49
702 887
845 148
1084 1483
1356 364
374 494
276 1296
1466 339
1318 780
728 161
1402 1478
855 1086
727 1480
916 1306
317 1122
508 508
1499 1169
540 1166
761 369
1034 1425
946 111
145 868
136 875
1433 117
4 1302
518 94
574 641
689 835
1033 738
446 470
1163 1107
561 787
712 1469
735 761
862 879
344 1026
830 464
891 1095
1445 792
89 253
690 918
1008 209
568 743
81 14
420 1467
842 760
753 1493
1249 13
964 985
436 520
1498 490
298 1299
669 259
268 386
712 699
139 483
1003 1104
230 585
908 689
1227 51
203 200
1161 809
1134 1339
809 115
1224 987
268 635
15 351
365 821
182 1415
780 1170
384 560
974 677
1365 61
268 1091
998 997
440 387
1415 1204
1182 1218
873 804
129 371
1103 132
1473 317
532 1288
57 284
1486 1284
335 107
257 928
883 185
1465 573
674 1307
218 1472
567 1176
596 1140
28 784
1429 358
452 1023
243 1287
272 1112
521 611
948 474
64 535
661 253
843 517
1157 1406
334 1339
1227 476
929 535
1352 653
1486 1163
819 486
1199 28
1058 159
165 1437
565 1054
1462 1166
344 917
1166 24
481 1156
1042 0
552 669
1322 623
89 1184
94 724
316 295
1236 430
450 1075
560 98
691 757
1144 917
756 855
883 358
285 328
1018 1294
1257 395
1407 358
297 1249
826 1374
758 1149
481 1221
594 344
634 548
131 1458
769 776
540 179
997 1377
777 1289
93 1480
514 287
1412 734
591 927
836 113
675 6
449 696
499 656
686 1296
539 567
1478 782
236 408
692 1286
1185 292
200 381
712 946
274 330
1419 579
1094 431
57 1020
15 906
231 328
1416 812
0 1452
417 579
1222 888
326 1296
1383 1069
731 839
913 1025
448 1326
548 995
1388 322
713 839
1122 762
961 770
651 654
216 619
355 1475
942 727
1010 1080
16 919
555 409
134 624
157 89
1152 1056
370 904
715 1128
1250 223
359 835
1412 1122
664 728
1232 1303
102 800
681 456
983 907
910 817
55 1481
420 429
186 506
1474 495
122 547
474 1430
39 577
1228 864
94 91
309 576
1466 871
846 1271
634 866
575 1244
827 1037
1379 1025
302 1045
550 517
463 340
71 637
1197 950
839 808
1106 1341
454 455
1009 200
165 723
99 1491
130 1232
500 594
689 1470
152 533
475 559
870 1316
521 1217
265 1404
38 1127
386 1299
806 731
774 1394
632 558
764 1181
64 1260
1347 1320
850 428
1246 654
982 543
757 1199
1489 617
610 676
28 0
1364 94
729 986
891 1296
407 1347
1060 962
419 771
364 270
645 1370
362 58
48 1285
354 1448
1235 103
434 1142
1173 1322
1207 479
1236 759
1391 1052
570 948
1311 1124
533 1367
160 365
750 1065
969 812
833 1218
1459 1224
291 57
664 164
208 1440
502 1339
1175 1485
191 1144
1425 901
1456 1228
287 702
679 1188
961 1052
1446 433
981 328
1065 281
311 547
1464 787
99 867
107 368
1400 597
527 1190
1108 1180
1497 1212
1110 78
122 235
971 944
1062 514
999 1021
310 912
848 627
622 860
1497 902
179 391
836 1382
887 698
1480 12
1143 3
1418 502
98 593
1408 632
1172 1317
595 418
1228 556
102 499
1072 147
663 968
564 282
1108 455
1262 880
750 1028
281 1449
312 649
1047 1338
1303 627
1141 1130
447 368
407 917
357 684
418 1397
855 293
1236 1030
90 918
1114 649
295 137
423 1366
1058 1100
364 413
1075 1141
579 686
1034 615
1243 1104
390 1413
444 465
1287 1295
307 1046
178 1336
161 753
1417 81
408 160
208 1048
219 832
154 1049
1472 1155
26 348
96 976
139 1006
755 1452
1326 369
917 1195
1047 1181
412 1354
638 979
493 872
1445 293
254 695
168 910
339 1395
40 525
998 902
421 1029
1140 1448
242 1220
425 635
915 368
191 712
147 431
72 1317
992 555
1186 1246
1277 1458
530 1490
1390 844
1417 1043
1055 43
1249 62
375 1397
1163 1466
236 1192
534 405
752 1435
358 216
1298 426
304 875
644 467
406 1328
229 812
1073 546
155 1244
1298 1439
975 451
850 4
817 1463
1471 829
1147 1316
1273 680
142 1085
798 1466
1232 120
859 481
109 12
963 770
1029 123
501 834
223 634
229 97
144 673
316 571
706 83
1195 894
1473 264
215 822
1085 335
679 195
114 930
1209 1018
124 1137
830 843
801 171
1033 1295
562 1353
1152 963
743 413
87 447
271 1489
1073 466
1447 1122
1116 889
1128 1124
406 877
1147 1434
736 171
399 421
138 868
1054 1463
1007 150
922 1342
1146 175
385 564
20 532
706 1378
1255 443
965 1172
624 1106
475 1274
1098 1123
640 781
98 786
202 174
434 46
391 1204
790 1480
14 414
127 1483
927 1227
457 1353
1145 337
1163 711
846 1269
1369 630
1419 972
529 1166
528 524
558 1337
1083 279
1391 701
1013 129
93 1068
594 142
645 697
719 1355
829 1143
225 553
1297 1298
133 1487
1310 1410
495 1060
851 232
456 1290
172 1497
738 1228
1072 145
758 1047
1426 989
132 1487
628 953
604 0
877 633
280 11
949 1008
195 889
1012 1322
876 804
76 1367
200 948
591 741
650 332
1257 763
933 469
1338 496
654 246
992 755
1034 110
208 169
87 1347
216 569
1443 208
538 1129
391 790
144 97
786 1236
112 945
1193 444
430 1433
1024 1499
40 977
290 248
1002 247
54 678
488 1127
214 77
425 734
685 714
777 864
138 178
911 1212
105 1352
542 838
233 1037
447 948
303 1353
1357 1394
293 600
16 989
608 531
2 1476
497 648
844 725
1178 550
1425 1338
1046 1418
882 879
302 347
898 300
296 608
489 356
1034 800
857 534
971 105
692 1097
1127 1241
565 1359
1036 477
341 379
1161 1004
1470 555
99 564
360 133
139 1298
696 574
524 972
98 94
470 1303
303 499
24 1398
401 1352
1351 601
439 1153
703 753
1492 781
1111 560
1355 277
541 1049
1121 748
112 655
36 385
626 607
452 544
159 86
680 1037
268 956
603 1020
872 1178
657 282
485 1461
845 1441
755 1171
589 1037
751 777
821 875
1083 444
1337 852
138 411
66 1183
871 421
1240 509
886 419
14 686
559 532
454 505
28 152
445 476
1398 16
123 802
1415 296
684 866
1211 881
107 1368
132 274
28 60
180 1317
1382 735
184 1142
2 610
1112 567
1151 1227
1118 860
811 235
302 1428
1402 330
1432 1
610 1369
685 484
1012 477
1300 1260
579 153
818 1189
3 42
1364 46
223 1333
349 396
392 515
1373 918
195 660
1238 709
402 1325
901 586
768 1451
255 1227
26 602
426 1263
1305 720
240 1229
1210 1415
516 972
914 605
1317 1282
996 585
699 634
701 1109
931 825
654 356
1331 997
401 1262
601 1153
894 1095
86 1457
800 1071
402 1314
1437 789
1010 697
1346 939
581 1097
652 371
1477 204
1349 1456
1040 464
264 350
919 698
1084 1289
781 851
1115 873
328 1219
1262 728
257 1347
46 261
1367 696
1403 352
1203 858
184 234
1223 884
667 547
970 932
553 752
275 1295
1291 232
358 839
1198 667
487 825
121 1321
424 1052
1393 1350
184 344
1173 946
83 328
160 569
1041 357
1212 360
867 43
264 478
336 102
437 67
857 367
1275 478
189 35
268 464
288 1053
587 141
23 604
492 1491
1292 1203
555 1241
635 1012
1298 389
358 1400
1155 715
906 288
1111 1426
584 715
333 86
72 1460
792 960
212 291
940 865
1465 729
1172 517
434 955
741 1445
1257 949
1459 641
668 1047
995 1023
121 257
135 1057
1127 905
1241 1206
205 634
1119 1296
1385 633
1436 659
878 931
274 694
1174 1405
1400 1114
695 1063
130 667
28 113
1231 484
1437 45
683 1304
1037 131
495 615
77 451
826 1222
21 231
1426 170
753 1421
1321 1145
219 1416
922 11
1217 1308
987 257
1103 905
900 1495
446 276
150 483
1378 436
1482 620
326 759
858 1397
367 962
751 247
840 1073
1392 1189
693 264
887 1278
1350 1118
330 1354
936 227
274 1070
1363 573
1284 1110
1095 1465
27 185
1297 232
1482 297
1236 905
678 1457
414 741
125 1460
1189 222
125 663
1416 1278
1116 882
243 1275
540 481
810 161
1205 878
1079 948
782 220
330 732
938 1173
562 1428
269 449
586 1266
1440 564
594 1369
749 255
837 1396
1479 316
173 1050
1039 807
37 108
493 685
430 1187
158 810
688 505
970 471
389 1087
429 699
1254 1191
655 867
45 29
938 286
374 223
465 1402
225 923
843 265
62 885
1204 272
361 805
904 14
1413 1321
178 410
756 1299
1469 1394
284 290
411 4
525 266
1178 1063
375 1477
1281 799
1027 55
79 362
799 166
327 759
475 1147
628 1257
1104 744
1219 470
1091 1123
395 94
233 1473
513 1327
514 321
698 1246
1484 612
1483 507
1032 408
136 779
753 1101
1201 1323
825 596
1205 1390
796 1356
84 783
195 911
1028 1493
173 861
76 195
305 49
486 1124
1093 841
19 646
808 1228
610 1407
540 1339
1061 1094
858 352
1044 139
1011 943
264 481
823 976
135 856
176 330
600 1458
106 1302
725 565
194 1455
1350 772
10 1318
76 339
336 1356
237 1289
959 519
824 1420
983 542
89 1416
771 916
1457 497
170 1160
253 519
1015 108
1380 636
1307 652
1038 753
1338 1467
663 1403
1253 931
541 209
342 334
299 1206
89 761
518 316
1096 230
1438 740
1303 1182
1171 2
1030 552
1435 438
1180 50
1421 569
1432 285
206 442
991 109
1311 724
914 948
622 852
1285 247
148 73
1001 1351
1438 968
271 1009
915 335
883 1045
745 954
156 770
634 1432
1105 1046
1187 1348
214 578
972 1027
405 905
488 115
147 182
1061 911
511 205
1172 858
1413 613
811 1302
1113 799
1343 1025
1113 852
865 274
845 562
360 1302
293 942
1277 1127
1103 953
343 443
19 1376
1355 446
233 1242
373 1005
71 562
585 1255
1048 395
944 1486
265 379
98 371
27 1043
1169 392
1262 1061
469 546
88 141
856 751
1281 1490
1064 718
596 597
1084 1274
652 420
76 590
1093 48
1261 114
546 449
985 703
195 487
947 1441
331 542
80 570
1241 192
1079 123
501 652
858 1263
1099 1115
102 1448
1459 470
560 1291
571 270
1278 1256
702 1452
990 731
1381 481
710 497
309 395
906 154
202 1075
391 757
1467 1453
816 1270
446 454
35 752
105 69
289 238
1267 1378
1275 121
262 593
366 145
458 650
426 897
677 330
1151 1417
1325 792
405 806
1158 147
254 1457
1194 829
1338 26
902 41
743 119
76 354
907 472
870 15
768 1334
438 724
378 693
1297 819
604 1213
460 37
944 796
396 1068
1173 1005
278 548
972 917
1450 1425
1455 774
854 1044
351 1226
190 1016
688 822
192 289
967 28
346 176
351 920
1203 229
577 1431
1167 1001
487 298
910 944
89 229
965 771
1487 1440
286 516
186 63
1238 738
62 1330
1120 505
48 155
1172 1419
602 116
1397 845
300 1206
41 29
1498 661
651 1084
80 787
783 497
1137 107
1427 752
809 162
170 378
990 1252
1035 1114
450 509
1187 57
748 1228
1022 983
936 334
276 330
197 632
145 1088
1030 1398
1272 1492
1196 1212
290 1294
768 863
701 520
688 1409
660 582
1437 575
1170 1230
257 896
1235 57
1119 318
1425 394
348 364
994 725
543 504
1068 1168
1288 1215
1342 1485
794 115
893 204
757 1474
87 1492
609 252
1015 394
233 1395
979 683
1074 583
1172 1454
759 798
397 1053
254 106
403 228
454 1213
399 1318
1205 238
1100 957
1364 349
885 96
1377 329
177 1388
861 1191
271 283
1088 808
1049 522
1086 1496
151 998
1256 890
1016 326
64 1052
138 956
326 695
1052 264
265 696
533 183
342 586
531 174
923 1219
534 1399
27 670
836 297
1014 1132
950 488
761 528
977 1260
1396 1073
590 1227
576 795
443 849
128 997
1252 868
1151 1170
623 562
1153 1243
1276 22
284 85
892 1024
1189 776
1081 1093
620 1263
304 1327
773 353
816 851
393 953
46 488
489 238
305 319
241 993
871 24
1006 831
446 1209
154 208
1119 32
813 1362
613 1407
234 1448
170 1007
810 718
799 468
1325 218
1301 1248
1180 193
1401 757
1264 12
876 978
1210 1331
203 90
498 699
516 218
1037 336
1437 1121
778 150
811 891
254 1270
391 311
530 377
160 1111
722 908
66 349
1471 1266
366 1310
1057 1095
760 311
860 1111
1238 1005
1481 1192
258 472
710 806
439 1268
890 783
165 879
1158 863
1119 439
93 581
1067 1047
451 656
1317 773
243 1499
616 1048
423 1080
534 508
97 1281
383 610
735 943
534 890
819 155
552 1057
386 147
798 964
63 826
1406 43
1284 830
401 27
472 1083
1256 267
1056 769
769 562
797 614
145 1025
1472 526
396 489
654 376
1117 27
197 1174
1321 660
711 2
963 426
1310 455
346 900
405 319
958 278
711 562
805 216
690 1397
994 1241
419 886
297 977
1105 1164
1299 687
476 1395
928 10
953 1013
606 879
1260 1160
1200 279
609 851
925 496
1447 1085
963 1238
523 929
1229 1232
1305 36
765 913
878 1117
494 5
559 343
1498 1153
1241 1182
1012 1046
1094 1244
190 298
616 975
70 1410
1277 539
111 331
1439 374
1015 48
770 792
1023 490
428 1273
1459 1079
481 638
549 890
1044 1443
700 495
350 1228
878 943
1482 1479
191 430
373 490
329 165
1296 1267
366 904
657 737
285 728
287 1279
697 595
1243 402
399 724
1184 603
611 735
618 1299
1330 1035
543 1371
688 718
538 222
877 218
1474 150
118 892
739 723
33 1059
312 446
617 268
712 1006
1109 437
611 18
1268 829
202 1414
332 1465
584 80
1008 597
65 1314
714 887
711 494
446 1461
363 1471
85 250
1269 0
1338 298
1418 116
883 859
488 660
132 825
428 1240
1242 839
1051 132
763 260
37 967
1086 647
848 255
1242 1042
386 1425
1195 739
1428 1292
1397 1114
847 1413
797 1459
343 1328
1222 1080
770 458
521 967
518 512
954 98
20 1449
860 292
922 961
915 675
1248 784
112 1484
780 1494
65 1415
247 340
939 961
912 908
654 1189
1232 51
1089 174
412 1089
660 267
1304 10
1115 1372
516 276
1180 613
1316 1328
192 585
97 90
714 361
1307 1253
1133 625
1428 267
1225 1168
511 1400
294 603
233 1069
657 603
429 209
712 1400
990 620
1293 567
116 1122
239 888
1439 547
1241 209
351 997
1463 934
1305 609
962 1093
791 976
588 948
577 1197
742 1343
1116 1320
1032 628
536 133
739 1069
153 714
149 472
846 31
793 738
583 692
937 962
73 62
1450 1137
828 672
383 1251
1424 606
1423 214
1025 679
9 120
778 567
265 471
118 603
665 856
1018 53
1242 1000
1198 801
98 307
1347 478
636 415
425 1456
987 357
659 406
634 832
1076 1303
1344 551
53 614
356 450
189 930
517 277
1440 925
1037 23
581 597
892 269
215 654
376 27
791 843
959 582
908 607
213 541
1336 1284
1449 414
1415 70
775 1
387 1002
1440 266
1343 1279
314 1208
444 663
249 986
93 20
1371 1114
934 1493
197 974
1081 155
948 1450
842 281
476 1041
1146 27
1175 1048
91 248
1489 1085
762 1147
1371 1382
66 796
1395 352
1157 1017
576 307
697 939
1047 888
645 900
774 130
409 66
1416 532
369 845
1091 491
1374 1287
298 232
1472 221
834 233
204 943
1484 1356
1395 157
8 1382
725 1177
895 1413
236 900
867 422
1343 980
803 502
428 1264
743 143
876 1296
1357 904
522 745
287 309
893 189
589 1254
1272 956
374 1271
325 982
219 1221
1082 933
1028 1012
689 1087
924 145
27 501
780 899
492 139
655 1013
517 811
1001 1451
366 1426
778 358
1327 926
1062 479
559 1111
88 248
664 253
1292 842
578 1482
138 995
1366 870
269 1468
1143 479
136 1427
866 1288
564 86
1271 477
1039 1407
1092 956
325 1097
1168 963
922 98
153 518
764 1415
768 618
655 161
1006 692
1042 312
1149 1212
716 865
95 334
677 790
187 150
1096 407
571 840
42 817
351 19
485 1498
1124 831
1451 28
708 74
53 334
761 1040
232 469
1317 955
1067 1185
594 310
439 48
672 2
1237 952
648 1147
1238 564
458 962
297 517
1347 136
581 1087
585 327
1141 780
849 652
11 1170
8 316
753 817
1486 864
547 643
427 361
1253 1059
671 754
1100 269
1094 1353
682 1071
1453 1160
1423 610
772 188
983 1477
189 105
1021 1340
114 478
1006 633
711 1136
1444 1067
1211 46
1210 1003
93 987
1477 692
182 1007
87 324
538 353
232 625
5 538
723 1482
1013 1296
313 306
534 813
1481 79
241 159
1178 560
1418 161
878 1142
101 760
616 517
1039 313
170 1431
1423 354
169 822
1216 524
673 647
154 915
572 1216
1253 138
1452 521
573 1243
1158 1499
293 1399
1447 1150
751 1047
973 29
677 754
929 1273
322 807
1005 1231
396 1147
1457 1463
798 152
1196 190
855 181
1109 20
1077 713
667 47
1487 436
1043 1152
35 174
785 859
888 1131
1090 510
1457 1100
1488 747
225 867
1363 692
59 1141
477 1472
751 1381
618 1316
1187 218
1226 284
1165 243
827 1451
617 219
39 1371
819 228
439 1162
275 1037
887 1315
121 707
547 596
543 680
361 1299
258 919
1297 641
214 1088
674 1339
1387 237
659 265
689 1400
619 914
591 379
709 645
872 1010
1021 985
1434 1123
1352 536
36 1483
447 398
511 1334
667 1138
558 485
727 571
628 525
1279 1352
1144 775
202 1466
1495 731
120 606
1064 346
1459 1367
1 256
576 1187
1293 672
1168 130
288 191
584 1017
627 1087
1426 908
153 380
823 149
476 1354
1415 249
1180 466
1112 126
971 823
772 1045
1081 170
513 155
1187 654
1246 74
1183 849
128 660
1310 1052
1110 898
470 125
1479 4
7 452
807 819
1122 653
1333 809
882 1021
660 1349
1183 1252
1468 1266
1372 860
885 794
472 1265
1415 7
825 498
1304 714
1302 249
1295 653
720 892
929 734
1488 619
1243 555
1351 1490
248 661
39 974
1029 1317
341 52
739 1162
1184 638
253 768
38 447
1407 1387
906 1115
886 911
1067 592
822 364
87 1052
730 815
528 507
839 1336
20 53
1192 1276
815 29
627 1210
927 773
389 1377
128 118
500 53
662 68
870 347
320 1263
1317 169
595 1113
678 771
1136 1248
402 923
855 5
641 122
1165 334
534 171
1389 306
1141 848
835 1402
81 745
989 1136
417 1225
1312 1240
650 1395
1387 846
1138 397
723 549
196 1024
671 585
1396 721
419 1149
930 824
1077 1032
1019 918
1211 849
333 818
856 346
925 1133
813 1265
134 720
1336 878
492 769
845 478
946 1173
898 1086
449 975
1 801
263 1014
268 1011
1389 950
1296 910
217 1392
1315 34
1008 1067
289 1165
580 115
414 274
26 37
1367 1399
1359 461
1250 351
788 537
607 226
312 823
581 568
361 303
655 1200
996 1371
905 449
315 1366
507 1120
304 436
668 45
949 923
103 461
671 1293
1223 573
889 390
58 548
1049 533
1397 363
36 864
575 377
1043 736
459 327
54 143
283 886
567 1240
247 148
469 385
971 90
355 524
155 1067
947 524
397 199
275 476
620 267
983 30
127 1228
172 394
125 1135
153 378
345 155
1297 190
147 1083
954 517
294 103
238 890
600 238
803 1497
1411 327
317 1114
838 1164
188 961
117 973
998 621
418 698
116 543
662 763
101 378
119 644
1476 1171
948 801
660 1267
42 1206
1030 134
142 668
527 1137
498 1035
1124 752
1256 40
478 469
515 911
1179 337
148 146
711 1180
1228 1022
1211 233
1481 1322
466 960
50 1177
1358 223
977 1226
378 1420
1256 484
1430 477
341 288
731 983
663 1394
514 881
1489 496
1067 897
994 191
391 841
13 955
1291 988
224 894
496 580
1477 65
185 1447
510 1310
748 1250
322 1415
1294 810
336 1313
156 91
688 441
630 500
1368 711
852 684
1001 1093
448 791
592 111
524 416
784 1149
417 715
1338 782
985 204
749 564
1138 566
1203 201
1263 771
85 1001
1092 93
1447 267
689 1034
856 786
1140 489
1333 192
1306 592
176 554
757 719
225 547
972 635
1120 1247
1083 1280
1003 965
125 297
548 1216
648 1257
886 571
68 1203
1 1064
776 151
620 1114
1318 1004
175 24
1106 1151
26 486
1207 778
317 1288
1238 811
870 1102
1460 348
1073 30
282 771
423 582
1059 742
658 289
927 24
728 817
416 912
383 491
1355 216
1266 70
940 391
127 575
606 1479
1361 679
270 697
580 367
870 1167
911 668
268 1360
802 227
69 425
710 708
1076 348
907 959
912 1152
1109 704
245 604
254 632
187 837
203 542
224 600
1210 408
129 845
437 435
21 81
1298 409
119 736
338 184
537 223
599 1185
782 550
566 664
428 754
1131 352
1098 91
438 1227
1050 1021
1294 907
1383 1354
11 1060
1235 381
372 650
324 1419
1276 1096
1197 518
416 1423
540 879
250 1089
1478 1020
856 1285
979 1415
711 855
112 331
1108 1401
991 1045
10 1477
274 808
394 76
913 1425
1003 1421
774 1409
320 1382
254 748
1437 855
599 540
479 1060
772 1461
1245 1025
690 1435
1132 975
485 766
702 22
54 77
658 234
1229 1179
208 190
209 1327
1053 1279
1357 378
526 999
295 440
831 857
1332 223
1134 502
291 1165
294 615
366 782
398 1050
607 913
1422 923
1364 611
526 976
503 870
758 60
461 1477
294 945
526 237
480 396
1468 1447
471 434
133 1417
130 706
1309 208
866 30
445 900
37 1265
1279 1263
598 174
430 988
623 1030
124 1339
763 1007
590 190
1366 1284
1471 528
1279 631
205 1333
90 1344
496 62
511 1134
1148 1239
157 179
1252 1453
683 1306
712 1234
217 1370
646 1296
1028 65
473 565
491 1209
412 1438
930 718
254 466
1238 168
215 1442
1173 797
567 1089
1151 1148
54 204
737 146
1281 1361
178 1238
1175 1241
602 990
1114 511
1275 172
678 1043
920 459
1256 275
749 1259
1268 701
262 1206
856 819
1497 8
155 1301
650 1128
942 1488
345 98
314 337
963 486
1429 68
386 477
1427 510
254 1206
1465 1226
1492 969
1125 1015
437 876
128 736
987 1220
1049 267
788 1126
112 476
1202 231
747 134
1246 463
1128 358
57 1394
204 655
277 1257
116 1447
1320 1322
1383 1288
1492 742
792 389
40 749
386 1136
870 402
549 1124
362 126
291 747
514 970
1265 65
888 424
285 86
246 958
590 426
497 163
1458 1180
798 952
1203 408
1434 475
460 973
572 1038
856 356
1097 422
339 118
991 420
704 746
1055 774
546 678
389 487
382 876
1143 1220
151 1434
1455 502
254 1083
881 1105
797 1193
194 144
1186 576
1050 1384
1145 209
501 1347
771 8
869 1477
407 184
127 1314
1100 240
789 884
1212 295
711 428
704 418
599 1147
1383 134
436 875
1289 249
122 1183
422 577
389 677
425 744
1402 1100
1064 52
683 265
1361 155
151 771
318 55
403 246
641 1175
614 1306
516 450
50 238
1357 138
592 896
858 114
685 1461
1079 160
704 1132
245 25
1001 1467
4 515
1051 1498
1192 1226
1186 1392
706 820
1078 1454
1446 1374
1081 707
420 419
749 866
736 455
1315 1010
211 254
133 444
473 533
89 411
1265 998
807 533
1320 1455
695 1170
1478 160
1205 1082
842 966
1220 569
137 397
609 1410
374 454
1490 1026
609 1082
1493 910
710 1222
1039 743
101 75
599 283
533 512
756 849
742 520
21 1147
1052 669
1326 1015
189 202
696 168
27 1481
642 207
280 730
878 1186
166 1101
752 858
340 151
969 333
370 659
316 1003
597 558
990 1112
476 381
861 711
414 341
561 71
298 1241
899 1103
1456 1036
1454 593
71 382
1262 528
724 933
855 1230
465 304
1060 417
763 1044
454 722
242 1468
1349 1280
896 1271
865 1163
373 6
153 1109
70 591
281 507
831 316
1051 5
287 165
1425 275
864 597
338 1195
325 349
135 1044
1249 1435
644 518
42 486
787 649
62 563
1061 1332
1305 16
256 679
943 589
454 1424
1261 1115
741 451
508 1420
392 1297
1463 806
117 799
759 1406
715 1225
520 1273
1112 533
750 997
41 1186
85 353
935 29
39 1403
631 303
521 867
1 1211
406 1415
740 160
87 1302
93 422
1142 1456
763 1485
287 268
440 190
173 328
507 1322
1491 232
1246 1382
1475 479
1210 241
275 110
1333 902
1368 635
160 738
355 813
319 802
88 990
39 30
566 1159
515 772
743 1316
1498 500
295 520
1468 898
339 132
1451 1050
1468 80
315 1161
631 979
15 1080
731 619
603 842
727 740
1023 364
69 827
440 1065
152 1497
138 1060
239 1318
158 504
1015 432
179 998
799 963
289 723
1295 766
1009 675
1186 253
148 1163
844 458
855 659
873 59
1252 150
724 1326
739 1010
737 353
44 449
575 325
641 533
645 349
955 17
703 1215
959 917
44 946
375 889
1212 160
939 243
89 984
786 1145
1491 648
210 534
1253 733
309 372
302 288
1341 271
889 189
1258 27
921 103
355 1376
574 178
300 235
581 77
1191 600
82 576
403 38
536 1235
69 504
10 1322
590 1498
6 1113
1074 1000
731 843
1414 732
872 142
43 154
703 1301
798 1465
820 182
552 1242
683 105
1043 388
1081 835
846 1116
1128 345
786 234
333 1307
515 1025
1480 456
107 616
1131 1004
1482 461
1300 1116
114 204
817 623
1365 609
861 134
9 1396
1261 700
672 1086
196 501
1214 801
136 524
1145 744
431 114
696 1400
992 420
440 1071
576 1354
11 1076
343 1304
446 1269
1275 444
1270 1422
443 381
1055 506
861 1366
870 914
616 1062
225 594
29 1120
1038 1304
125 907
401 1462
887 1376
874 1444
112 1213
335 830
749 66
542 372
1072 283
963 1076
768 804
1406 554
1327 1458
572 927
169 259
1317 1127
999 1381
1217 20
234 124
487 461
1459 77
1236 745
612 736
1184 953
1272 1354
917 1088
1196 256
1197 1084
1210 1127
921 379
135 581
340 102
1078 1102
772 223
840 1092
15 305
1325 808
1267 1110
1085 1371
15 1330
503 230
157 501
1384 641
741 1151
848 51
716 321
588 1024
758 341
391 170
1285 691
726 1403
453 829
1119 1068
190 1009
913 850
549 302
163 106
1252 1131
150 1301
456 484
569 1061
1212 1291
40 658
1011 1104
497 692
1218 894
704 1126
422 1213
596 542
434 496
39 123
2 1155
819 112
868 723
568 607
430 679
464 66
1473 459
1497 11
617 1401
538 1307
119 167
11 156
1108 924
34 1132
167 63
1036 262
1170 529
449 1289
493 992
1202 803
1245 996
961 911
1133 990
1179 1032
476 1321
550 978
699 384
456 160
1292 1019
296 1119
387 150
1216 1082
761 1392
497 231
1076 1058
1256 114
1312 1486
1349 942
864 735
466 936
1080 1487
1077 761
446 581
431 460
210 638
1186 556
1457 454
166 611
1415 176
1465 255
1145 805
1185 60
1074 191
1319 1241
825 1335
1233 1104
620 89
399 1279
1212 780
915 412
1186 1469
57 745
242 866
1479 1110
455 1152
322 697
975 886
1261 1264
221 1029
306 1474
1496 156
604 199
630 1185
357 322
1482 523
957 345
1056 411
31 524
416 686
551 1063
903 261
117 1262
722 1320
898 559
1231 101
176 834
198 808
1061 618
180 660
1277 621
148 1365
101 338
1360 618
670 1103
535 1335
905 1313
901 159
1461 836
638 795
774 320
121 71
221 822
586 1287
1334 401
1227 398
113 548
965 1267
698 832
1085 140
1324 308
377 188
442 785
554 90
226 581
625 212
262 120
283 1274
19 73
448 787
564 1379
1368 1083
1068 551
905 359
42 1259
69 638
711 1097
1389 1229
1006 346
326 125
1164 963
548 834
1173 90
725 1151
1135 34
329 1266
782 1288
921 1150
1286 6
448 271
1098 58
262 400
82 760
948 418
1376 1385
609 173
1127 328
697 1221
1248 807
1239 1199
82 391
80 1459
1045 709
855 844
144 901
67 995
625 125
1342 441
1281 1355
60 1024
509 513
355 1354
1267 818
427 1213
59 942
1285 707
1487 222
614 742
929 1378
1110 333
1340 696
558 33
457 1089
1239 1378
1361 1272
373 318
456 351
60 1348
393 1463
1199 531
1005 1232
1155 1470
1070 821
26 916
1397 974
521 633
1188 1107
1044 1003
1490 814
14 919
768 1238
1113 496
555 1162
184 759
192 1077
1348 738
839 564
36 1214
43 651
1365 1068
1014 1429
1370 275
311 326
905 528
1418 1287
355 1460
1132 445
1155 851
107 459
403 1246
519 590
1078 230
169 1475
322 1005
78 1240
1086 862
992 565
376 508
652 553
710 277
1095 1329
566 393
560 516
1436 574
1263 106
556 378
1352 813
690 1312
1490 432
611 1189
1460 1143
373 611
470 1391
1062 868
62 816
718 568
109 647
1127 1185
592 813
242 813
1497 298
485 1011
711 689
27 515
1107 64
257 1086
1487 674
483 769
189 950
1014 1339
1462 864
1113 1031
889 602
742 561
872 1059
1205 156
1290 339
152 369
134 512
1218 619
1319 619
10 98
565 348
1375 1218
449 255
1126 701
193 1287
880 477
603 873
1275 1213
1416 602
32 1016
705 1294
1047 707
390 1037
282 268
260 832
1155 439
1209 1173
778 762
1201 1281
1124 945
940 866
962 31
507 77
857 93
897 926
815 1496
1276 83
444 551
680 327
568 1491
1292 176
392 1242
627 617
1299 911
1282 1213
1106 1176
473 737
1384 624
880 1453
34 1256
485 1367
931 12
1120 361
188 823
71 1408
390 203
855 1162
409 1155
1459 1344
598 799
1276 1470
121 654
782 561
893 836
263 1242
392 492
1250 1341
1171 137
1280 380
1463 628
1191 1327
851 616
1431 766
1114 1138
1257 538
276 169
834 654
1473 859
978 824
806 919
1372 315
1417 1219
1019 628
723 1453
338 802
1269 777
984 288
801 1150
1185 169
387 1202
922 1103
468 386
793 1121
1126 735
626 315
1134 202
574 1129
1383 657
944 612
1496 527
351 168
1018 504
390 399
1412 378
1060 875
899 1220
969 1399
454 540
81 1084
827 121
552 1047
469 1380
1342 764
531 1452
682 837
1161 1344
1326 188
1129 67
477 580
100 583
1330 979
772 1064
1401 426
771 225
161 578
1070 866
81 158
596 245
319 79
1225 98
1419 315
503 1374
136 1142
600 771
998 587
310 1446
884 318
813 1110
1140 248
1095 1125
398 1452
954 866
658 110
1098 745
107 1014
1481 369
1133 1038
969 1224
205 129
294 1448
564 752
429 693
1314 375
873 1278
1070 477
517 606
1292 738
202 692
1130 37
11 925
751 1210
299 295
78 2
564 490
128 1150
1074 813
50 1286
403 275
85 435
809 1125
58 895
584 594
925 989
1416 1364
294 863
159 1224
12 103
1295 1244
1290 229
1422 347
399 372
988 864
1116 957
1490 598
422 240
604 492
433 1272
926 1434
1239 696
1017 1183
1478 1160
856 938
1202 209
1462 971
43 552
1000 970
240 255
944 1320
964 218
674 123
1162 447
405 1461
340 788
185 1209
172 1356
716 44
684 489
116 815
316 1273
742 826
382 530
893 578
858 1224
533 540
1392 1414
1138 862
372 1268
1172 1211
856 355
17 1151
525 1112
740 1041
583 1284
801 584
307 1229
1390 1309
1056 213
1405 651
998 1203
663 574
264 936
1318 1402
688 1412
942 524
1409 1263
847 703
76 1027
986 1409
349 598
33 769
353 918
554 113
949 949
1120 572
730 1020
411 1226
1108 1352
1446 829
1322 1487
454 1392
1367 477
344 587
343 1487
1024 181
1103 162
162 1458
528 552
1375 861
692 795
934 1283
148 1296
316 1254
611 1467
161 1009
458 974
29 1293
1101 84
943 641
373 415
746 723
1112 1305
61 474
203 500
361 101
942 895
1327 178
579 341
1419 268
985 749
1257 958
1176 831
778 213
516 489
1315 554
1090 70
286 1457
118 1182
1307 926
770 820
1159 374
939 396
91 805
711 28
547 1071
1212 1065
637 1474
249 1160
441 567
771 803
496 665
50 390
611 423
570 602
582 602
1385 1414
793 826
1138 1170
1221 1106
1 1373
476 444
874 455
796 1395
1204 255
615 372
991 184
1161 804
449 1270
266 1003
1495 16
775 890
448 476
1331 1279
1016 1439
1415 335
615 1125
119 490
708 100
1019 603
1352 1161
919 1378
908 884
308 513
1376 822
1101 967
114 1106
701 454
255 12
906 1409
1297 1124
599 405
71 826
899 657
557 1472
355 1364
959 655
1298 211
250 1428
971 941
278 202
1412 218
307 1028
966 1025
611 1004
94 750
908 1243
51 1388
311 293
45 881
226 442
138 82
1465 447
1147 394
1156 907
1112 1140
62 966
1325 697
945 567
97 508
295 442
717 1064
566 1080
453 344
425 47
160 50
1351 427
1373 863
884 563
39 400
282 1362
93 1061
1230 870
195 898
157 1482
465 847
379 408
1478 166
215 1302
1042 17
952 414
1196 297
1407 1058
788 693
1025 822
477 292
250 1165
863 466
1026 566
315 803
807 130
596 298
827 1380
1354 733
170 106
990 298
477 852
74 793
295 228
803 57
141 367
785 1258
1074 507
1138 193
564 798
1339 460
774 367
1496 280
1423 716
371 347
8 763
633 1412
1422 267
405 99
1171 696
1230 1131
135 896
1232 686
275 1428
1026 1123
261 70
387 1123
1027 224
526 1226
1187 842
361 1358
896 474
623 1163
373 25
34 901
1370 515
125 91
447 612
1249 1237
840 893
1323 112
1494 738
942 222
698 1482
607 1100
528 841
363 494
100 939
388 14
392 192
1308 549
769 720
279 4
661 698
16 1330
162 1426
1488 23
1042 1370
448 1320
1486 1048
89 1174
565 205
933 397
1293 48
959 67
537 1026
835 199
512 1340
1218 891
1085 576
402 1129
1217 238
387 513
413 1310
281 1330
660 1438
877 624
1209 201
1495 37
630 112
1462 384
939 1050
212 1177
1082 727
1072 1276
944 209
27 626
1180 342
319 782
23 82
1387 558
164 326
823 937
46 1079
694 1217
93 273
1467 606
862 111
1179 281
448 592
815 831
4 197
1217 334
972 397
1111 986
1184 1054
1379 598
449 869
406 826
1340 1114
1438 1018
1363 963
900 300
959 1147
914 786
290 683
185 735
1263 531
1295 336
609 912
856 21
1244 759
1407 621
1156 230
1100 1211
877 418
850 1134
1379 1291
939 232
608 513
1059 1485
1355 145
399 1334
564 229
1394 1428
666 1178
207 1470
1128 43
1406 204
1149 806
904 1412
794 851
1062 55
895 517
285 1496
607 1377
650 992
900 686
221 522
127 126
28 1175
496 1340
702 54
823 603
1333 390
379 1160
529 1004
588 805
951 636
688 852
1239 1017
678 234
206 729
609 373
1019 620
104 1346
1480 1312
1483 509
474 165
641 143
143 1227
1199 1362
757 645
106 832
1288 698
273 1277
1251 431
1355 1170
1031 319
541 275
1313 807
7 1193
475 103
1418 534
927 1111
942 100
825 451
817 380
918 93
80 88
113 1392
1204 103
1182 1014
606 1112
850 1367
561 1359
827 1045
313 67
108 1157
882 871
997 443
910 1216
305 1347
1200 1283
629 409
1230 973
635 626
1234 906
267 609
553 16
1322 300
756 1105
476 908
1065 432
1384 932
650 791
1332 867
1441 1109
1210 846
957 1234
890 164
20 1051
1053 908
126 820
108 341
833 138
79 794
876 843
1362 1261
730 32
958 118
1496 102
1439 989
656 405
361 212
1387 162
1026 956
726 54
96 915
1349 190
572 974
543 922
106 1153
790 794
492 492
2 1251
98 847
662 1205
1092 782
653 465
1173 1001
1047 1459
1342 1191
509 962
795 254
895 787
1198 1372
229 1084
1435 30
573 557
861 732
1089 165
409 1221
1048 1456
713 849
374 158
1463 570
781 908
301 234
852 131
1215 121
827 1184
1132 1346
1013 1424
128 1008
651 969
878 1051
209 1351
1250 742
1107 978
636 700
1462 1050
205 210
525 1258
1382 360
1099 533
623 1096
438 292
756 1050
1010 1150
288 1303
245 1437
271 719
27 567
330 41
891 1319
1191 881
141 1435
714 1462
226 388
257 627
1062 1248
23 1424
1448 1057
804 1402
1237 318
1044 51
1254 235
157 1453
196 162
308 1014
1240 408
1319 65
1111 620
379 128
1185 254
441 809
281 181
760 100
165 775
1314 343
260 1080
818 249
480 951
534 1377
427 1000
405 210
693 57
1013 588
145 960
835 62
1009 21
972 1495
188 1006
205 629
1280 1359
715 1432
184 844
29 984
684 546
499 126
120 1350
1167 520
895 1469
423 1253
441 49
975 1187
287 449
1264 137
888 160
1406 789
533 464
1275 1239
234 819
1310 524
1085 1467
1271 1157
539 258
1301 776
93 1297
862 890
517 310
1310 1460
135 397
1019 1239
1099 1003
764 1334
494 895
1098 538
261 743
1116 642
957 703
904 490
284 1277
764 299
964 328
706 1261
1020 286
612 863
257 974
1435 20
1199 264
1483 1323
133 1144
252 930
1465 357
8 89
1449 870
897 881
1347 1084
266 1292
976 3
1302 83
374 431
114 1082
1120 1095
1381 1125
867 585
994 1261
758 1466
52 379
630 1261
1069 773
1196 255
789 966
689 1389
583 507
153 801
24 1303
1407 12
519 1117
1257 337
781 382
167 224
897 723
1370 1
348 1168
276 420
87 882
995 47
1126 572
1229 805
474 1440
1098 291
379 135
288 1205
300 482
531 1220
287 919
1251 1163
132 5
1265 467
350 283
772 1444
1191 189
1130 757
578 1024
766 1445
1315 1056
1088 180
1062 1237
111 786
136 483
919 706
1191 352
256 379
1316 487
375 1241
744 942
416 226
1484 933
608 829
111 1150
1022 1379
1495 394
1126 861
126 618
446 990
343 1143
461 454
657 1032
729 1025
309 1425
319 697
876 26
690 703
1491 514
795 1205
875 1338
1493 429
969 1186
197 642
1032 1482
324 919
650 1339
688 1070
340 1256
137 760
501 236
806 699
915 1246
1305 1261
395 1117
1412 1214
1279 1091
1333 105
617 581
1353 454
906 588
393 328
904 849
1 1270
1054 884
818 891
819 1375
724 398
958 412
145 338
849 457
594 970
675 487
707 109
20 817
441 729
265 1414
1405 97
1038 1019
1132 103
1129 1236
799 1480
660 1451
1192 371
507 234
490 452
75 1238
279 13
995 240
720 996
1146 956
262 1104
1125 378
1328 1234
1351 113
1372 457
311 527
324 397
798 579
1399 677
19 581
185 285
616 1196
1087 263
955 747
699 121
141 1002
568 587
202 317
795 1183
1163 1205
610 99
30 434
530 944
309 195
361 169
706 1421
608 727
813 1408
1228 362
666 1403
1120 906
1187 597
251 813
1100 466
912 1188
435 1457
1390 594
1359 1125
1395 920
920 571
649 1019
403 1414
701 108
1256 1369
580 1477
226 1362
1143 910
620 1303
966 323
603 451
765 1257
199 1420
651 657
1458 732
589 1364
691 123
748 1161
52 547
627 758
665 951
259 346
230 138
120 1340
1243 0
185 1292
1362 986
1389 719
1105 931
66 1220
1031 663
1383 290
498 1404
1193 90
944 809
1434 1219
1011 1131
119 1185
689 1064
1124 1374
80 518
502 916
451 772
620 1100
251 1092
1259 49
1446 353
17 693
18 441
61 412
934 1368
1482 842
694 924
1430 1271
1340 908
1149 1203
852 699
951 197
1140 769
326 489
505 973
1437 877
955 599
931 1445
255 319
1168 1223
312 1324
1203 1158
379 1374
724 572
1056 169
989 43
1206 1286
792 1260
363 789
12 106
110 821
1353 475
78 33
945 170
420 880
858 44
276 840
590 225
329 377
1154 675
683 156
1075 574
1063 839
663 200
638 639
952 1023
350 881
359 96
1234 87
512 964
653 214
1186 603
1355 70
497 1118
348 910
100 688
46 1070
843 44
102 931
570 1187
1294 992
1464 1097
286 468
958 955
245 193
414 1023
151 1129
177 147
1153 680
658 1405
833 204
574 772
1281 88
1273 693
903 1321
465 157
1191 1320
1127 1026
809 314
1251 1229
929 1118
485 986
1485 907
898 161
1034 674
268 565
1407 11
95 715
72 709
541 1101
1339 305
477 183
1385 539
1421 647
547 503
1021 1261
1463 39
268 987
1071 1134
258 1032
306 1186
1375 740
1191 983
364 1288
779 120
1404 856
1433 747
902 392
224 1256
854 557
109 1492
1014 1301
300 712
811 745
34 721
1289 1496
581 6
548 537
1244 1473
1293 984
57 344
45 886
882 192
708 245
1196 1025
446 686
379 460
1112 1429
490 564
294 93
1126 264
742 1091
1339 812
1249 1408
1495 1004
833 934
984 1222
951 75
633 343
1446 302
581 604
522 1196
687 7
799 566
666 1185
934 637
985 12
266 1302
203 570
123 29
1083 1277
1481 435
1058 750
996 431
422 884
233 882
558 1174
540 945
39 13
376 832
924 1009
1241 1150
401 436
653 1344
295 1012
415 304
504 26
260 1006
473 1255
1120 1298
1074 224
45 201
1157 114
646 1191
1471 159
659 838
124 569
725 188
114 196
871 642
329 588
1072 781
115 1473
1087 1148
851 250
197 712
720 262
5 120
360 1234
515 1472
406 960
620 696
594 1053
337 1159
1379 1041
295 823
443 956
6 376
1323 477
466 688
605 1248
456 801
301 694
66 867
56 1156
639 1094
1204 1445
1086 1423
285 592
285 1159
816 746
597 369
375 133
1017 325
956 579
65 771
524 510
1154 385
1468 340
67 1245
1258 657
191 723
242 1420
566 707
539 1343
833 1236
166 1103
1039 684
766 1235
986 536
1115 801
475 1436
158 383
1074 973
1157 897
838 1151
844 1329
1117 233
351 1011
483 1423
762 90
358 1019
180 688
487 873
72 1442
931 558
552 1433
1297 44
1000 682
492 843
9 1380
728 832
783 467
95 1343
1328 193
426 460
516 309
646 582
1479 1086
509 1175
333 1397
434 225
218 275
758 699
1161 70
484 584
307 825
1248 696
79 400
1343 320
356 1415
587 1141
1139 700
623 90
41 631
455 1215
617 401
922 1406
213 1065
863 792
195 816
1270 1125
472 1201
1256 865
344 949
279 1374
351 935
490 1275
656 770
1020 584
1145 1170
491 17
112 1446
1319 609
585 473
428 271
9 252
1162 604
1479 1203
73 1084
449 951
30 860
962 715
410 317
927 1149
473 1390
917 736
169 16
1154 452
1413 1374
1291 1022
977 1269
570 1393
365 150
312 1375
262 132
44 1005
901 478
656 635
399 236
56 1279
102 370
909 587
1231 749
199 439
1196 510
359 469
249 898
1320 745
802 1440
1160 21
548 167
168 190
1438 23
1150 149
335 695
659 476
127 746
697 266
911 499
1414 1250
349 647
396 673
160 777
1165 114
1168 12
1383 366
131 777
212 525
506 853
775 223
384 123
740 1146
376 827
1258 1017
1489 1490
33 10
306 70
1210 1474
1412 303
223 1429
1345 1428
427 1341
1171 91
890 1363
554 31
687 400
35 1248
427 447
1402 478
408 1385
806 263
1026 39
197 1196
237 656
715 203
216 694
1145 270
982 1138
783 1372
100 452
1293 745
183 469
803 629
500 1404
1268 334
870 453
702 650
1282 149
1117 1175
618 711
1318 58
897 1112
1270 696
352 1057
796 1461
639 899
223 259
278 448
797 1362
94 1445
630 322
168 681
1185 1006
661 343
294 1061
173 952
832 1439
682 1184
649 977
1068 675
1017 34
383 734
68 485
9 1115
1257 1316
44 1152
1442 121
262 768
1087 1047
464 1332
193 478
26 699
623 990
1443 1236
1210 1083
1263 686
588 1051
1000 1387
199 1166
358 1187
217 210
362 694
625 1342
1374 1207
892 107
59 190
78 270
568 1305
1224 390
367 1295
627 322
1454 633
982 571
832 61
836 655
1197 606
1313 503
300 486
617 823
1357 456
232 899
996 265
233 951
1417 918
204 1392
489 888
1418 326
1469 905
713 653
1254 887
177 1340
1314 753
1467 115
967 1291
1301 4
378 1435
1403 117
962 987
509 380
1190 49
405 215
249 53
395 1217
757 479
645 427
268 209
957 680
620 317
496 578
338 500
1209 326
166 103
1341 675
581 1474
1262 864
411 539
194 560
655 737
267 1102
518 329
657 1151
1493 347
333 1096
1368 330
694 518
600 1175
1489 252
316 208
465 174
1077 1180
1457 832
383 835
106 515
832 280
78 166
1047 55
591 418
945 785
1316 794
854 775
293 61
411 251
523 286
785 951
97 498
1018 560
177 646
7 406
990 1372
262 418
222 292
877 180
601 1328
400 1228
1403 1444
1125 1037
1463 425
739 556
1080 84
1405 367
1383 375
60 898
835 369
511 772
291 751
943 1190
1386 600
948 1377
661 297
1131 90
844 677
222 675
119 695
898 326
1078 207
1156 665
653 445
180 549
1046 274
626 1480
835 851
1154 746
1443 1222
687 609
5 600
1024 1416
1002 474
69 1318
1041 902
65 1141
1188 1002
185 873
849 271
940 303
1350 207
293 1426
299 125
603 345
323 863
731 1057
42 1198
225 822
358 286
1453 1013
60 1225
17 156
1247 741
789 346
672 1342
898 1195
1284 1078
731 232
1287 949
1154 795
462 57
0 960
504 1331
101 1309
1007 1189
1011 825
922 879
625 1201
1446 592
1175 1497
246 70
1413 1201
168 334
858 383
1291 471
55 904
550 407
929 835
299 767
48 63
1238 331
278 186
1049 553
561 983
693 380
1336 269
1175 186
1429 533
1484 1132
735 437
451 1146
455 1048
1213 1394
671 1166
423 653
510 633
717 1353
416 419
522 979
1349 1494
905 1440
1168 187
91 1472
310 1050
1070 1463
1037 618
658 1191
381 1423
11 1308
858 820
1164 1431
744 72
499 102
258 388
793 1184
201 1138
354 617
994 1262
1293 286
1257 1298
62 1471
354 1341
1110 406
1396 301
299 232
1313 1385
754 199
776 466
97 1322
615 1282
390 290
329 852
262 93
875 750
567 397
720 840
1483 356
1483 547
997 287
1018 822
601 970
53 138
740 237
744 37
1130 1285
57 1133
749 1095
598 242
1439 774
635 1141
348 241
197 220
1409 859
392 715
1297 546
1271 142
42 747
1065 671
288 743
550 675
615 508
753 248
126 636
1059 777
381 1092
878 785
827 89
575 1130
309 699
1104 1374
900 326
1445 1414
1234 77
231 59
1084 660
1052 790
1155 946
851 787
193 1313
272 1197
1095 881
147 1298
982 1003
414 350
1366 1392
900 1459
1195 68
741 880
1075 735
1076 486
366 375
882 352
714 628
86 1271
714 613
397 862
1341 111
1354 1477
1111 929
1410 396
833 1098
1447 1203
490 32
1076 1341
1327 678
731 1465
1268 1013
182 695
441 728
1463 508
16 613
90 176
668 1437
1099 1200
1459 1237
1105 882
1362 1078
329 6
1065 993
1018 412
1042 548
1147 1053
1133 102
1071 656
1193 249
1117 1186
1171 912
1139 1167
1118 27
722 1359
110 159
734 1095
1461 619
1300 785
1120 784
142 292
1006 1450
487 881
204 1428
885 1063
561 399
1215 1165
1169 440
211 554
1189 366
1140 408
354 931
369 933
272 658
51 931
1481 1443
738 626
1215 1464
276 159
670 183
150 790
307 465
435 693
1470 1477
1263 1437
1056 1311
1473 765
1102 241
1165 821
554 1028
1130 942
600 576
707 486
204 1021
210 1452
270 246
950 495
1414 1232
474 753
128 32
1463 252
461 582
433 299
208 1429
1387 1354
876 525
645 322
665 1240
911 1333
173 1454
625 320
99 420
874 576
496 323
1474 884
530 863
808 431
340 330
1076 482
780 372
830 388
233 456
543 1453
1385 376
1214 14
16 462
1200 1083
1342 1143
621 1361
58 79
568 3
224 1091
1121 1127
647 264
497 1201
780 1320
82 111
1394 1189
1250 701
1095 878
1403 950
1251 314
41 340
40 986
1415 404
575 231
980 1041
294 781
638 1495
400 1455
22 405
1461 730
1348 1484
287 1321
1256 456
1386 464
86 747
1087 866
1342 753
326 781
265 1343
1433 244
830 1232
873 1263
1312 359
755 451
777 607
1360 83
1367 14
239 1124
1030 375
968 1336
1000 835
1127 1257
1213 260
1138 724
191 161
356 750
537 934
1423 883
1383 1212
858 442
4 13
752 817
456 677
691 501
457 825
1173 796
532 990
648 1075
692 341
1426 1043
24 571
226 887
763 144
1014 1239
930 1021
1206 797
9 1463
321 709
826 990
1147 353
1479 341
159 538
1026 1470
838 1105
536 1290
357 1110
1120 195
237 206
519 934
529 445
897 614
1218 58
301 255
1011 972
989 632
1134 1431
925 442
527 1212
343 1053
845 634
1329 281
571 969
440 755
1074 521
204 1000
108 492
280 555
872 593
332 711
1366 848
978 1203
481 84
1407 761
1402 665
143 578
640 255
1415 16
613 1400
447 243
84 1316
559 825
471 667
104 321
333 218
694 348
202 1067
1168 143
284 1251
417 810
739 576
940 633
1339 612
1122 1100
29 843
969 1261
544 309
1353 899
1323 1288
801 355
305 415
539 138
548 1339
548 1341
1190 33
574 897
1162 451
1132 515
692 1252
46 948
801 118
379 823
778 421
392 452
454 886
1434 277
1079 187
767 548
134 258
1201 236
1136 177
16 1201
1151 253
1419 415
1373 372
367 935
955 1357
1492 364
105 498
293 13
1058 804
1327 1120
100 236
1157 204
10 1423
939 1224
1082 1232
1117 443
1222 825
140 829
950 1015
393 848
401 880
233 1197
90 892
1292 461
498 252
277 363
571 194
1495 264
575 353
1243 1262
1367 470
139 303
312 421
531 66
45 518
1375 1064
94 467
553 404
729 1082
1277 954
698 613
983 610
505 1334
171 1017
569 562
792 1009
956 622
332 249
3 920
873 8
1324 796
407 1363
627 1446
544 63
493 81
476 314
1322 215
101 1101
130 907
135 1450
1133 1333
327 525
801 980
1118 1040
1349 990
169 721
139 898
383 952
150 1382
935 757
1295 960
400 478
1330 914
1276 125
850 1235
1281 481
1429 977
431 1414
1353 1089
1187 126
533 347
1016 125
240 435
1012 1117
1165 241
38 1363
714 608
1187 609
883 1170
735 301
784 271
1170 808
1287 40
497 1113
1289 705
1324 841
851 567
205 510
733 1076
18 792
402 1296
227 332
260 276
64 1121
507 754
867 137
1085 905
447 392
698 737
1280 421
973 1387
689 94
1403 1126
608 18
626 732
1409 1378
279 855
616 152
1427 837
1362 568
1228 432
63 290
1332 1457
434 593
242 436
1060 438
1300 1191
578 428
417 807
1354 304
657 548
681 1479
15 1059
1333 1399
143 554
1286 691
641 643
487 947
686 54
1380 523
315 521
858 652
579 347
758 1109
342 1136
282 41
8 435
734 174
898 1006
9 762
1217 784
541 534
618 899
1372 324
639 433
1432 989
837 908
253 300
473 1176
1003 527
309 269
193 1272
1263 798
40 980
921 1322
304 1064
465 1211
973 469
199 128
626 81
467 5
856 484
1004 333
1113 157
4 213
476 1187
513 724
818 881
103 733
1391 878
1186 473
1175 113
1307 270
1059 1131
205 194
1375 203
1077 979
1239 504
577 552
963 900
293 1463
1000 421
1024 1318
493 304
1324 1191
734 1285
803 641
29 1085
114 921
1163 77
962 846
529 185
409 134
1384 1137
1471 1497
1131 1023
635 793
685 364
1210 27
407 889
806 120
923 404
547 304
183 1197
899 149
1285 739
1272 914
548 3
233 931
1345 963
1366 1308
219 316
4 1236
685 482
833 367
1175 189
768 941
696 1
1362 896
1239 60
605 846
732 1361
1154 923
215 1037
251 1105
1192 1333
1378 1433
157 166
929 1115
1009 533
622 1002
478 563
251 570
1431 1418
780 1303
1440 1067
222 1255
338 30
1240 1097
954 516
1235 837
1226 316
1155 1268
1089 1218
366 24
1333 906
266 960
151 624
1403 650
678 1369
417 271
320 420
1219 877
598 80
226 1296
794 471
491 1130
1072 296
721 237
26 234
834 643
133 1132
1268 782
486 1102
1323 18
822 1410
706 1206
895 85
295 79
243 509
1489 1389
522 510
581 5
468 721
1209 876
1196 201
801 1165
145 269
880 478
8 3
1384 485
303 1147
1497 90
1045 789
48 1094
1499 554
555 198
1455 66
150 1494
191 190
781 133
856 220
477 221
141 1015
1470 925
824 1475
1049 1356
293 322
496 1030
1443 945
759 501
1380 834
630 1240
44 1142
837 300
613 1080
835 1172
297 1116
1312 712
1069 439
574 308
1439 908
355 1094
1364 1340
470 529
217 1215
1399 133
1343 647
49 444
1021 1038
251 1227
1262 1175
670 766
912 630
7 1262
177 1109
868 697
972 336
1170 1300
164 205
531 1089
805 1
353 557
1460 1187
656 600
367 39
1295 160
853 1335
862 1169
712 1405
761 1130
832 901
121 57
635 1126
1242 465
344 817
159 481
1166 1091
965 1410
943 327
279 393
849 1463
515 1311
176 356
1460 142
609 1334
307 957
1052 198
987 1197
1433 1031
878 354
126 1019
90 561
405 1207
35 823
860 655
386 1328
1183 388
797 519
1205 829
46 157
1132 136
465 554
295 1193
420 663
802 201
822 1106
97 1209
1041 237
972 1115
458 1073
1443 1474
765 1415
1266 1082
201 1024
1406 1047
1406 343
864 203
275 993
934 930
251 405
28 1334
504 1206
812 305
1147 733
923 214
18 267
12 1329
1349 672
786 1403
465 848
133 738
130 374
230 215
988 575
454 265
297 185
817 245
442 990
596 3
499 120
93 245
453 754
342 25
1469 873
850 13
183 472
407 866
1400 1140
481 132
1244 1000
1189 1457
1432 749
985 1371
621 164
957 173
787 1036
498 1298
777 1014
763 1371
1497 360
938 1323
3 399
641 502
1023 1371
437 1255
777 1327
376 1384
1429 1071
131 755
1260 555
1184 1473
735 608
1046 311
294 734
229 342
861 916
1426 1274
166 1258
345 1263
816 1029
247 1159
297 381
479 472
1193 1417
463 145
868 377
555 452
1109 624
514 1380
610 1462
594 1133
205 788
195 1112
348 336
1276 873
1089 560
878 905
820 90
973 18
679 834
394 745
841 275
142 1386
250 876
834 223
819 1479
36 1095
185 934
1437 667
241 1242
1374 1088
835 1174
927 508
1212 1380
1228 1373
1067 1249
1379 372
730 1148
135 39
391 576
369 1122
1410 877
504 1433
630 1197
1159 491
400 131
638 1488
1239 113
459 402
911 1015
1285 452
382 801
672 684
377 315
439 949
483 1296
286 79
1206 803
558 528
1205 1478
1274 1485
1042 648
32 1319
569 233
1245 854
365 1426
617 1282
344 336
927 1276
748 977
702 5
1485 74
1464 886
462 676
419 385
1228 138
646 40
1173 125
550 627
1214 403
624 440
460 919
424 1411
809 1421
282 568
259 966
1132 681
642 222
371 605
16 482
960 699
179 742
374 1269
1490 299
1057 556
968 39
410 45
550 1213
388 758
1168 305
570 1255
676 986
45 733
1110 1146
785 97
948 191
597 954
214 1423
867 64
91 162
789 696
607 4
363 9
324 918
583 73
657 1359
1139 426
1425 928
1177 65
970 837
424 925
10 1072
195 374
878 411
280 892
934 185
303 210
913 1303
333 943
391 952
4 1443
820 303
140 172
719 718
753 1374
397 636
1404 1162
1041 464
156 1454
1070 668
491 1449
488 1358
1154 905
447 1266
165 1443
377 280
387 508
578 1438
682 574
59 510
1056 946
332 210
539 1391
515 609
966 776
1107 245
1389 748
689 1391
769 1427
1155 507
1454 82
551 1382
680 1068
1263 259
149 196
1259 349
493 942
930 471
266 273
586 33
708 1251
992 355
9 533
57 429
414 487
596 1493
1306 1168
509 738
499 483
905 1306
104 1084
160 419
1426 1054
772 1287
1288 919
792 217
14 95
725 1209
1264 243
276 911
844 1093
999 149
1358 616
234 255
501 1173
439 1396
1200 1005
653 919
43 795
185 1407
291 1458
1455 465
456 348
267 1175
974 1455
6 363
388 169
7 578
350 739
784 895
625 1114
462 247
409 1377
244 1482
534 1199
993 50
1064 114
816 1273
662 1210
390 1185
1303 1460
1175 39
1348 447
189 848
1405 904
378 552
1162 1266
1016 1001
90 228
76 656
376 828
325 1248
259 1142
91 36
172 1073
92 92
182 287
1262 760
406 419
944 1271
764 1316
171 1230
1086 277
661 1442
1108 1315
1049 1189
966 1068
1492 445
391 966
568 551
131 1334
647 495
603 43
1141 397
1192 913
968 1224
478 1202
401 1235
1220 395
319 960
1171 570
494 473
1007 89
1282 922
1289 671
1487 742
1494 1379
207 130
788 1369
1218 436
1496 1469
1470 370
1153 679
1278 1333
5 1100
1137 1305
1218 1328
1497 1343
791 149
768 310
684 1249
1436 1329
56 173
1299 1138
1219 692
955 1207
1249 99
1145 333
1350 374
779 701
807 1281
836 1288
886 1069
1420 1429
602 1450
1342 230
345 1203
1310 391
1072 1460
331 665
225 1261
1146 31
404 1383
201 1253
696 932
888 487
440 792
58 890
518 1291
932 724
492 154
542 128
1148 1354
1271 410
1387 952
576 485
1053 719
504 1144
723 857
735 15
197 1164
417 63
259 1118
1475 1081
459 795
181 699
1498 1191
635 1186
153 701
58 1200
1490 1122
977 74
344 1107
377 382
479 1201
619 394
706 491
338 377
412 1343
606 1231
633 211
819 977
1170 1172
474 1479
359 192
1174 1086
1318 584
327 1202
970 517
949 632
213 495
591 618
1342 29
1247 160
599 832
1007 1135
1460 335
1086 513
1494 904
1457 1300
1467 997
708 1003
1353 1367
1265 1107
1250 560
544 1416
1472 536
994 424
1334 465
1432 1441
404 203
1046 278
1263 1290
982 1036
969 913
19 1327
224 1325
632 953
13 216
259 1408
685 344
798 1324
300 1422
221 1059
246 1231
129 1484
1195 1349
981 571
1107 1165
1111 942
839 1050
829 886
19 1171
1091 1326
1265 609
798 218
1471 170
1435 88
1057 1298
1174 171
1270 612
1029 460
1061 451
1485 322
31 1280
593 1343
1488 579
918 885
1208 36
963 639
625 1043
913 276
1291 918
1431 362
1079 976
557 368
1425 1204
1218 847
680 587
156 775
12 613
1259 1070
905 683
1395 226
58 1083
1417 1324
797 415
564 1054
522 1231
1001 1364
691 1453
188 1199
711 958
286 1291
274 1387
1169 343
710 219
235 648
240 1448
671 779
206 1470
1236 796
134 1367
1172 720
619 1170
703 3
35 1103
374 747
466 1319
1246 297
1410 141
1389 1
1017 1200
815 1405
1291 633
806 1055
1228 669
786 473
146 745
137 866
940 306
1095 623
873 235
908 668
632 314
31 1160
1297 235
211 969
1076 1120
1308 53
145 958
665 1447
596 549
1102 857
487 691
1062 265
1055 1215
1110 1444
140 210
904 119
1070 368
1011 1054
1025 1207
1483 928
1047 1184
1471 20
622 1015
596 1433
729 1262
1379 541
720 135
1135 221
1484 1339
152 557
120 822
1218 347
95 976
123 1045
559 815
774 1496
160 732
938 1137
142 1468
365 771
487 383
1219 1052
673 48
488 264
1108 291
845 1208
401 905
229 1008
944 363
883 1398
1232 1041
1160 752
189 1175
866 693
345 1325
234 229
1464 1356
636 248
526 645
622 1132
143 1102
253 719
108 1429
965 702
377 276
1450 85
1259 607
63 173
43 341
827 820
1328 1126
319 653
306 302
867 383
536 716
1161 992
761 694
100 1114
343 1144
802 1234
909 340
474 838
1136 704
26 960
161 1203
1484 322
777 427
535 457
693 757
1441 1118
1381 980
932 804
1105 943
778 831
412 452
897 1091
869 138
614 672
295 656
594 1190
668 1217
751 522
1446 440
1466 416
1107 500
504 573
615 836
655 636
1416 1038
243 436
1230 735
1286 853
137 1187
1213 468
900 898
1073 1043
508 806
1019 146
746 877
180 627
486 1112
957 1259
325 998
679 1241
290 1150
1494 1367
1181 1244
1236 913
24 566
1005 1358
88 920
894 1201
664 143
1055 144
681 635
379 1164
682 392
1044 862
507 366
1010 376
1297 838
1461 1310
191 530
319 772
888 614
901 1337
1326 50
865 1127
645 925
1403 1236
100 717
509 789
896 688
97 569
79 160
349 1228
1242 1477
958 223
1044 236
174 1081
1315 268
989 1281
1360 1429
983 571
743 252
1437 1137
745 957
169 1226
1299 730
911 410
808 402
1198 1337
147 466
881 1358
1034 1151
120 540
455 1011
271 460
753 278
65 322
859 139
841 214
1229 497
806 440
588 396
638 1255
881 163
874 1231
938 803
864 35
421 72
1410 917
978 1068
127 233
1484 10
952 1445
411 1444
101 316
1025 1288
509 122
178 681
32 298
1067 1202
789 1007
1080 401
589 73
806 878
743 1426
701 735
113 1418
405 452
80 1487
224 396
988 109
152 826
154 349
547 886
739 142
653 0
1314 1073
489 1376
207 1186
1201 1325
1377 548
1015 764
1289 662
1125 484
1480 1121
774 798
502 290
462 135
593 356
1001 567
390 435
91 159
1347 1400
837 684
538 605
508 1285
302 665
674 246
280 677
839 1430
801 1442
1441 808
639 532
800 1444
1477 616
37 272
757 345
390 1006
617 885
1180 1400
486 1362
1109 1095
622 1353
401 1046
93 507
472 1403
486 1015
756 860
1347 1141
1474 28
595 725
376 365
1076 944
210 369
1059 771
1457 1289
760 1285
1296 182
446 943
1228 1492
115 264
783 14
1161 872
213 815
587 962
1454 155
1119 533
1172 41
552 512
37 925
767 239
1446 1035
570 462
904 803
1066 612
82 856
1188 825
432 407
1488 1404
955 85
949 1396
1279 1105
736 355
282 877
1459 433
533 1149
962 296
1322 278
1082 1161
1077 928
470 1375
972 242
795 604
48 735
883 599
141 646
271 1101
526 587
1231 1
829 69
1319 216
362 1493
1399 891
1196 149
1487 978
1096 815
1029 1409
663 1113
165 258
474 601
1443 42
49 1033
452 1415
909 1412
299 692
735 113
407 103
115 1074
131 1123
414 594
1293 1385
1244 483
1372 129
797 46
860 943
151 485
632 1497
1321 463
84 1209
235 1497
1425 763
1195 65
355 1015
152 675
1218 881
410 131
1072 1302
1410 989
578 1448
959 1249
578 795
1138 951
1278 495
386 640
1416 258
1425 896
621 334
584 592
1071 968
1366 1024
935 724
981 1333
681 1477
797 495
320 586
441 158
1026 750
159 1372
940 325
152 744
846 520
1014 371
43 667
1148 1015
916 287
120 773
1435 193
727 759
1234 1038
945 584
270 1022
447 764
1416 305
551 547
87 170
1128 347
480 485
747 1005
674 1347
405 434
584 1090
503 955
1402 716
1144 831
1113 798
1491 1173
896 280
1245 316
780 578
137 284
1474 483
171 360
988 763
63 835
1071 1260
1421 992
101 758
1070 1196
1363 588
1040 1399
221 931
902 1275
581 113
1255 1490
714 762
26 1172
94 231
652 1228
1420 701
1434 827
933 126
474 583
573 1359
1289 1359
1443 645
1211 552
1458 1170
1342 1159
486 1389
1048 1286
982 1430
169 1218
495 1415
126 575
355 1307
225 539
237 1432
1277 481
298 458
477 837
270 1380
1385 1138
320 1203
68 544
26 191
378 1212
1197 1224
935 1330
1389 1310
825 1413
1433 1232
807 1363
991 679
578 35
36 869
1249 564
1491 1229
17 1296
747 1291
1452 415
446 199
912 375
377 1302
978 1312
1447 185
40 305
655 294
517 949
1458 331
233 117
1485 482
538 11
111 951
117 416
303 1404
1425 159
1306 874
145 864
216 1470
1037 1201
90 187
225 1184
1071 908
1198 1227
1043 115
1426 1034
822 671
994 870
1214 259
1419 116
105 1471
1275 1324
1173 1124
190 1239
1277 1170
573 1412
145 113
1114 1086
1139 118
1382 92
902 531
1357 1172
1196 858
1312 274
951 1256
1284 1033
47 794
1212 1016
867 1072
512 4
88 1341
21 1383
1145 1019
406 188
1486 305
826 1208
225 69
1134 913
58 470
715 1034
1105 1346
1144 872
236 101
791 1235
433 1283
1046 206
1394 1368
1434 620
760 1363
1084 526
953 836
872 633
1332 1082
152 546
300 1074
869 1047
924 601
1001 1154
646 1342
837 1284
1166 875
1033 170
1382 1110
1351 160
1144 865
1381 1284
640 1183
1188 1159
824 1446
386 979
1190 370
223 76
670 1256
475 477
1210 876
547 564
630 933
347 702
780 278
901 388
177 1186
1385 734
758 1002
586 994
471 459
460 534
1374 447
1262 820
1155 776
1002 1495
1243 948
509 1270
759 349
19 737
1289 1345
88 740
667 558
1153 968
371 1075
645 725
207 615
1434 246
1077 28
225 937
439 493
819 594
1018 1273
1474 1203
940 1274
269 294
148 961
916 535
362 661
679 838
28 1368
877 461
193 1275
305 1198
65 493
574 1155
154 1238
497 996
382 603
1083 1102
357 1194
645 779
866 1368
192 533
1125 778
617 52
297 1372
1016 1169
1013 915
7 156
13 1095
722 495
31 909
1099 1359
1139 1462
960 484
405 535
1043 323
134 577
1164 4
414 135
1446 566
528 372
1416 873
939 1071
882 1427
970 397
1365 692
572 1360
263 917
830 950
1444 673
474 86
783 1033
684 1137
802 681
692 826
130 336
1471 706
177 607
859 1222
253 747
479 135
742 39
99 536
1025 505
1214 776
1140 312
854 1155
586 879
333 1375
1460 947
166 1467
1009 866
1222 1416
380 1068
453 405
912 564
824 837
774 1444
1290 37
831 174
564 707
1472 629
1054 293
675 920
704 1167
674 611
853 624
360 857
1024 717
705 1283
181 172
1256 1489
754 752
1120 386
867 1086
450 1002
751 1288
535 349
1354 98
450 1140
1233 1481
1010 852
518 1083
281 1167
797 62
944 665
1222 335
1195 800
1324 815
1117 593
1307 144
211 828
1052 993
422 724
207 796
1251 515
225 262
326 547
1235 1154
922 657
1422 438
508 1145
286 741
759 1252
1167 758
1285 430
507 103
1397 1248
394 188
673 289
878 336
742 589
428 180
1046 655
685 935
418 956
1250 605
182 693
903 1299
263 649
1378 553
1064 41
717 647
808 425
709 224
1219 980
1498 1281
1391 138
1196 118
551 1098
1124 186
1317 1214
1225 1347
54 945
263 533
43 467
978 497
1417 557
1186 232
1236 1121
102 1046
901 271
82 449
1495 1026
1256 529
921 580
916 765
887 1364
176 441
675 494
564 867
1239 954
1453 797
1368 767
177 1229
365 223
804 825
10 923
870 1146
832 817
581 1375
248 734
821 1098
536 735
1270 174
862 231
411 1481
1287 210
1358 338
907 50
380 748
624 811
1299 1417
780 510
1497 1173
56 467
269 955
559 1279
1414 694
969 313
440 26
1446 1437
44 298
779 1095
950 334
468 811
306 670
107 613
1292 238
1229 1012
1161 1054
1226 88
548 637
847 1112
1489 1021
1177 1260
617 921
465 32
31 1272
1420 1193
1044 799
788 937
986 1002
568 697
1082 1369
273 305
988 732
394 272
124 698
876 109
472 975
35 178
1494 1008
1092 387
728 260
257 325
1133 321
390 757
1234 1303
1066 259
546 1169
525 899
440 613
485 1191
308 460
1221 321
329 535
665 229
1242 1050
426 522
1475 1021
249 725
547 650
775 22
420 76
741 1239
1079 974
465 1277
1267 507
165 1073
129 1290
1111 481
978 1138
22 907
405 216
1341 643
1171 1126
170 682
565 1276
671 1185
765 1378
489 1497
366 916
361 597
1058 19
720 1195
1185 993
1237 228
1104 292
1459 1462
808 1032
774 979
702 1470
396 1228
1076 42
465 1201
998 1453
1314 1093
242 804
484 115
525 892
377 283
1276 263
1369 18
1224 373
942 364
1170 408
1356 1440
754 1066
213 379
775 1492
1350 35
113 681
345 1352
679 1089
707 240
804 1352
1355 458
1373 1139
1340 1405
140 293
593 199
0 1299
1141 1326
769 330
690 416
275 1431
1406 431
359 1293
652 1324
790 43
429 1087
571 1497
41 289
684 1009
829 438
1329 459
975 1122
305 1350
770 864
429 1302
1448 77
811 1446
600 736
1432 570
905 1166
230 819
1219 1249
282 1044
540 898
1082 1226
282 244
374 1016
591 609
857 327
482 1207
263 657
1490 595
227 797
1321 1050
80 784
415 694
1012 68
325 1454
136 269
273 934
1034 1460
908 120
929 60
1415 571
1185 1032
1219 966
1251 392
200 683
1136 528
805 130
326 587
74 536
1159 1446
1210 713
147 704
341 1162
920 1437
878 817
1333 1191
955 1354
80 761
430 118
97 79
194 1315
557 832
247 244
1308 943
1483 409
235 529
131 714
449 924
102 1356
777 681
293 277
130 392
1481 1153
871 72
550 354
1249 1162
1168 529
1011 44
364 1099
1116 1151
1000 859
605 262
1292 1463
904 998
130 366
72 862
861 1408
651 1396
947 1020
153 171
1392 895
583 1289
87 1087
961 1188
396 1280
1016 1028
679 467
1064 464
817 1289
754 786
744 674
838 1235
13 579
79 1087
1454 553
1424 1249
835 1295
289 1383
803 209
134 1198
962 954
1079 310
669 1019
81 1246
1112 120
548 410
146 601
1367 105
1425 341
1147 1410
7 803
433 227
105 297
1088 1319
1094 990
559 1294
699 1189
1427 342
1471 1440
840 1442
1058 59
607 1152
1445 833
1361 1191
69 54
402 368
227 803
400 1281
200 1307
859 337
249 323
74 1307
456 1076
629 753
894 442
868 1220
1416 381
675 630
529 432
1407 1101
766 661
416 1147
1379 859
1493 964
54 549
1102 807
465 1256
1093 262
159 1236
245 1157
1095 1249
403 1433
1090 1232
1074 770
785 313
1070 1318
1172 791
1466 938
594 1471
1123 1080
237 706
793 1367
497 94
310 354
273 1053
189 340
645 317
1093 500
280 408
1207 1086
1266 1304
182 162
771 1316
1326 1189
1056 277
1443 608
234 555
1409 992
349 536
701 1052
1430 115
923 632
1181 935
1456 1026
1110 171
278 617
587 818
598 1430
891 628
1470 149
562 307
1473 1356
278 1288
112 1137
1486 1042
1043 267
645 782
453 1115
414 186
1138 331
932 419
655 298
1329 1474
1431 554
696 1010
504 268
1391 1280
484 350
531 1481
336 1328
767 413
448 924
980 317
49 291
1089 346
1275 1410
1041 1410
1078 467
542 184
1281 1033
349 1227
626 903
1092 533
925 91
1134 30
376 124
1261 240
444 1394
578 741
802 566
836 1144
229 403
127 1478
811 303
1133 1373
923 444
860 559
427 670
336 1088
1080 269
1170 602
160 665
815 611
810 54
614 1006
52 139
702 1099
1298 231
1016 155
1047 1318
1139 323
1426 1162
595 610
640 449
596 147
584 816
457 150
1400 59
581 1242
199 928
50 1336
660 814
1008 23
910 905
121 1055
1105 860
23 812
870 536
740 396
1347 1396
278 333
1418 1223
330 826
324 641
316 270
1270 267
456 927
1416 930
1432 804
515 843
774 568
1421 1232
1186 404
1326 141
197 1464
1450 1400
277 655
1014 1419
457 1182
257 1377
911 1210
1464 331
557 1442
46 245
234 259
15 166
259 763
795 1240
1167 937
499 654
1103 1259
815 487
198 1056
431 400
925 1161
109 890
1035 1430
1437 677
1121 442
641 82
1137 451
1134 456
736 780
519 699
634 89
589 10
786 941
352 1494
400 1312
1298 1196
432 413
778 580
207 1403
1337 1461
84 219
1113 1213
1369 1396
9 229
917 683
117 169
1012 807
1203 1366
74 118
620 1334
88 1091
1227 530
280 1468
1211 1111
1096 1040
371 1102
322 564
282 470
851 566
560 972
1226 1199
1466 62
576 136
586 1310
1219 830
307 297
1396 174
493 240
74 426
120 1355
524 1089
1143 761
339 687
1372 604
1190 242
851 970
1267 474
1432 1414
1063 859
914 669
389 1444
394 888
1319 984
933 938
798 509
957 1392
74 2
79 1321
1123 930
383 697
1030 1015
1117 1458
1071 466
933 385
336 420
646 775
907 1397
587 784
922 169
1362 757
216 1019
999 1170
983 808
537 1095
1473 1214
1408 1420
1060 1382
747 293
1452 1287
1008 1367
159 979
743 805
247 957
484 911
648 661
657 57
1308 1418
896 1369
1094 1362
2 70
515 947
1194 889
964 337
1056 1042
800 1467
37 1229
289 1244
140 151
156 628
1464 863
178 1321
710 1341
1102 1268
374 1074
700 252
145 991
755 1212
576 704
32 414
94 682
269 536
845 813
169 532
1387 1164
225 521
867 334
1259 616
101 1113
762 125
540 815
39 1434
55 1277
943 150
1033 1077
1187 1276
1014 1180
361 1379
1110 1076
892 398
149 1060
1203 333
1477 1490
1047 739
885 758
480 267
362 53
482 909
156 481
429 1450
42 500
134 644
1359 1017
1313 1388
22 1422
1261 315
773 772
1267 1416
306 150
683 1404
451 1064
1143 4
1092 824
1326 1056
679 1322
814 65
1220 910
163 1389
583 1316
105 1303
772 935
472 1249
261 144
795 178
1242 1013
1298 1329
194 602
85 81
2 1308
30 1471
941 1021
838 34
504 1073
794 643
491 746
597 119
607 1108
1158 106
1402 983
476 614
1090 97
1484 1205
1115 1309
308 122
441 82
847 1299
854 1358
645 144
1472 678
1285 598
794 1327
277 978
470 703
526 458
228 254
750 614
1157 112
1434 149
1326 792
206 751
532 696
1308 395
57 472
167 586
910 1017
154 1058
737 1230
373 1174
682 933
829 191
670 476
61 116
1311 1264
1040 443
1035 856
457 1411
934 111
1305 691
527 743
544 857
857 590
377 628
1128 1059
412 1448
432 1271
1482 303
32 1266
1152 1321
176 468
869 1349
441 716
250 767
1381 676
271 1188
452 1320
0 100
953 1066
973 559
619 643
460 1339
513 903
290 845
328 1379
469 1456
832 212
897 1375
1053 249
797 43
493 385
1245 552
1103 1079
87 349
514 123
462 736
857 46
1467 841
235 531
487 982
1372 952
155 615
231 80
616 555
970 1002
726 203
332 524
212 497
141 803
32 1002
1365 1282
461 170
71 1239
1303 40
960 85
948 680
1041 40
157 572
190 303
1047 883
293 112
453 923
1447 139
1211 799
898 77
217 1409
288 728
149 317
1432 1367
1338 377
1319 954
1386 1293
1194 1412
229 232
59 1203
886 1170
1034 75
1245 474
631 1104
1014 1168
333 1248
196 775
1385 23
1211 277
853 629
1473 187
124 335
788 548
908 28
289 223
736 987
1444 1189
1264 1014
748 1441
591 453
190 1046
655 1325
1354 795
215 952
722 1258
62 593
256 1212
140 311
683 726
1115 1031
906 948
1124 1347
337 950
1064 65
921 1032
119 812
1118 60
484 1167
1455 1192
382 920
603 1257
962 369
551 38
1277 1393
1297 118
959 77
1236 441
1159 563
502 171
58 165
179 1351
359 1091
419 1111
971 185
590 917
700 225
1014 682
894 1010
213 1087
1045 412
523 1175
799 484
474 143
14 1172
1193 286
1043 1249
727 968
1156 1373
1301 832
958 323
1236 461
1460 399
862 159
157 924
335 375
1160 804
143 1361
659 1426
267 991
145 1107
370 1075
838 379
1195 186
701 1040
1077 735
1320 82
1078 74
108 446
721 1278
84 836
1035 1475
445 535
1317 182
664 411
192 55
1464 434
405 316
362 805
76 436
91 1200
864 1487
249 93
654 354
1190 202
1424 771
1450 1397
1113 10
1325 1116
395 19
1126 262
220 1131
1226 964
1489 1422
208 687
556 752
1225 1267
262 45
481 1326
1047 896
506 207
759 1335
1189 584
153 212
283 1019
653 1027
1356 1324
79 1075
1052 1450
1247 1153
232 525
1 749
1420 671
715 600
151 1207
1303 181
985 461
339 469
1123 636
1167 112
465 694
960 249
1285 320
357 758
231 72
598 158
294 571
999 67
422 925
525 1033
260 365
81 1469
627 1214
706 1200
4 1496
702 352
897 634
108 1021
1278 1072
957 522
512 972
866 1347
1327 1437
1450 928
648 1048
249 635
164 21
333 494
257 18
156 933
211 675
123 426
897 1040
446 1092
1358 340
1393 1433
807 292
483 1032
569 1157
1210 232
488 1268
1037 631
1242 194
210 649
498 460
1162 895
624 157
1298 506
1483 631
1364 1309
1078 1344
757 68
920 953
659 749
662 38
270 1349
219 801
1003 667
429 1158
276 8
615 312
1392 1035
467 1062
288 1045
785 745
351 293
1137 1233
1147 894
438 534
505 817
960 172
563 794
773 320
488 1272
1236 176
724 497
431 1123
1338 1077
308 1486
1297 734
1011 1426
1231 1156
1122 353
1097 1363
1270 164
1172 1074
1050 1007
0 700
774 973
756 1274
985 1264
45 455
632 117
1496 1069
1191 873
284 509
527 691
1252 1338
811 273
1047 1095
1431 571
1077 42
47 643
366 514
369 1391
1399 397
839 1242
648 803
392 425
1490 894
333 839
1045 1163
231 787
1142 511
276 154
1456 387
359 766
1077 1186
1090 1084
843 832
771 1235
65 1224
1415 270
484 440
1335 1424
1284 1221
40 1492
1304 814
1411 867
733 706
123 218
968 662
1288 209
1326 1009
108 342
1158 1446
367 872
685 468
99 1028
1234 910
786 1493
449 1302
754 1092
958 916
1396 95
1481 940
1417 1191
544 600
102 513
609 1181
470 497
1200 949
1434 1243
289 681
333 1139
833 1449
1325 993
763 137
606 819
1331 989
790 1110
737 1265
1323 959
571 1357
1250 753
1481 129
1012 516
732 1267
292 863
267 1165
521 38
12 459
320 322
804 1417
546 387
137 96
419 1332
780 1315
777 314
276 1490
545 1103
652 594
507 1043
664 825
597 550
1423 266
827 892
98 1404
518 0
1037 2
1003 728
40 426
537 427
756 888
715 266
476 1340
117 205
646 913
799 55
787 1188
714 1225
520 468
866 1219
816 911
1107 1076
1051 358
1322 1475
692 1336
165 840
919 461
1269 1238
1113 846
124 536
1481 1020
1023 482
805 81
177 137
586 812
1394 1191
1097 1465
1060 1214
996 378
40 1129
969 1269
1169 12
1349 377
214 144
168 573
1249 214
397 168
556 346
229 968
251 142
1294 1246
860 53
1222 1426
29 1042
1491 1192
717 148
194 438
678 219
671 814
1414 78
1124 236
611 52
556 337
89 919
528 1247
268 823
258 638
1468 1240
659 997
686 1311
1311 1469
1260 110
1340 478
520 1376
315 1374
865 1331
218 92
424 570
847 112
1131 639
1382 1217
968 1066
216 820
833 820
812 490
975 446
715 973
1253 894
730 597
539 449
1151 279
1116 356
1466 440
838 368
251 455
1089 1256
482 676
903 1161
1235 616
707 818
332 1118
652 307
0 1457
205 733
809 785
1387 452
318 208
499 111
76 1273
1422 345
1047 1303
19 421
1033 1468
361 1017
27 663
850 301
1172 804
1104 694
531 1463
835 810
765 451
544 286
296 237
144 387
1383 1186
1476 1319
463 445
1290 123
999 762
1002 810
500 323
1247 333
1107 302
205 491
1349 205
99 721
330 434
553 346
1053 245
478 1265
947 1028
160 964
495 847
689 257
1163 762
1197 1179
890 285
398 618
706 1141
661 145
272 1165
958 78
415 1392
600 170
369 1306
1178 418
1062 534
130 748
519 791
429 1331
66 159
400 1462
690 697
638 1453
1361 835
346 749
562 256
1303 770
500 453
1003 1264
185 635
158 899
846 681
486 1157
484 1263
297 1033
160 962
9 1077
1174 300
1147 293
1263 912
254 215
366 519
1059 180
1339 758
240 1453
1440 1044
602 1291
88 1228
820 901
40 569
113 912
1008 230
918 805
596 892
465 318
705 903
1070 775
168 1224
829 952
1410 802
733 1281
1158 141
1128 1475
227 536
1371 665
497 1271
74 122
1427 1168
553 1401
1051 891
1161 741
563 57
602 1332
433 561
14 511
454 830
191 871
859 1438
115 898
380 461
1045 689
322 983
751 698
1189 31
451 67
1195 219
971 961
1104 521
454 680
1191 425
1381 383
106 674
1342 385
547 1151
692 459
655 190
88 1201
263 523
185 861
813 948
1328 1105
896 1346
402 318
1297 436
790 749
32 699
902 1191
1295 1141
1122 449
1118 964
701 609
1119 639
206 760
1224 869
75 645
312 294
828 1416
735 914
942 488
662 145
890 1320
1031 589
546 1212
1205 907
1263 1428
456 189
526 1381
1005 1309
669 528
1090 176
1473 1477
245 390
919 1108
918 1001
584 644
198 337
1374 1284
380 290
1036 28
147 50
185 109
950 1018
122 1025
9 1180
434 183
1231 1203
928 329
1302 787
1373 69
1031 113
1319 125
1450 79
1029 1439
163 713
808 257
1298 1375
288 842
1343 1099
1393 1160
270 179
665 1009
945 296
51 1393
448 250
337 66
1325 96
527 655
498 100
1477 315
1124 292
1047 1150
842 120
84 1237
803 92
204 1171
729 99
282 448
1219 78
79 2
426 862
585 1364
1140 201
1393 15
825 760
344 1261
1343 58
64 676
182 665
1008 1415
1178 1141
1478 632
382 359
229 606
653 1149
779 391
642 1476
427 903
1332 1155
1488 180
376 506
1020 1081
1089 875
1444 329
1063 781
942 1224
24 735
455 417
172 888
1194 480
1079 292
591 153
705 696
1177 607
1273 88
201 550
487 1190
859 162
1485 114
1458 776
793 1493
1076 1240
1413 36
368 1057
636 997
345 1246
909 1389
1008 1031
526 145
1293 51
1360 407
923 441
1449 1257
1082 610
615 337
1023 309
7 876
1343 206
662 197
1384 505
126 875
313 556
1368 1247
1441 1496
7 771
1428 761
1239 1407
46 794
359 643
773 439
479 839
982 1005
1202 63
727 51
506 438
1268 616
249 313
1140 702
1154 1470
1055 839
325 844
935 159
456 634
551 1016
485 251
1364 1293
885 392
43 639
474 1389
340 379
1121 220
1195 586
1222 664
1372 43
105 1062
177 1361
483 925
400 1113
1350 763
662 783
586 881
519 654
1101 1480
1375 443
1082 1099
698 1058
1111 921
158 1499
548 235
387 1136
560 159
120 1356
835 840
684 561
429 1090
1093 1123
1327 1495
466 1193
796 671
669 729
555 933
797 467
1284 1114
264 32
57 1043
435 1145
247 997
1155 743
638 1321
1018 501
517 691
1315 1273
976 630
969 1437
1068 597
606 1410
933 586
833 956
1136 1308
273 324
466 1320
1341 1249
874 1120
1118 55
383 1347
128 907
539 650
9 1444
1324 440
839 583
1495 1274
877 1421
1291 238
186 603
848 1409
122 1247
1314 785
757 22
1366 1396
1078 1126
1235 967
561 797
949 939
89 1273
784 1065
1110 595
1152 1214
742 42
1314 270
1435 229
1206 683
202 249
147 1302
123 58
85 257
1038 2
870 604
872 451
305 1218
262 290
1131 1432
428 380
1391 1341
1162 198
386 378
106 581
120 312
165 1095
598 524
299 1394
1037 375
58 510
1155 1255
451 159
422 955
1465 261
722 1422
226 236
1469 1052
664 168
46 637
33 1101
1093 958
1132 68
411 343
1325 510
997 1471
447 107
847 819
1024 971
24 1002
33 1245
577 659
797 1273
608 1
217 244
743 23
1498 67
733 883
1239 593
1493 1350
1021 301
197 351
572 112
662 413
344 940
1483 1139
683 139