50 99 500
15 2
3 23
0 15
27 50
20 46
44 25
9 0
37 51
16 92
15 31
6 24
20 5
37 8
43 33
16 84
29 3
10 74
44 0
30 13
15 33
32 2
6 66
31 60
6 93
6 2
30 17
13 35
41 58
30 39
36 46
27 92
14 23
25 27
14 33
24 42
47 68
16 50
11 18
46 91
21 44
5 72
30 30
4 78
38 35
42 16
31 4
15 92
30 73
44 29
11 13
33 73
44 93
20 7
17 29
3 51
42 24
23 71
26 2
47 79
6 44
33 33
11 55
39 80
45 37
40 73
21 4
45 65
32 82
42 83
6 73
49 18
42 27
8 45
10 83
40 42
10 29
48 72
2 12
40 67
49 65
19 22
33 13
21 74
1 52
28 35
17 88
45 42
28 87
36 94
38 34
6 81
16 61
12 35
41 88
44 9
11 60
20 29
2 48
12 9
9 57
8 94
38 54
48 48
3 20
25 67
43 84
37 13
29 41
1 10
35 32
12 10
49 23
1 9
4 97
6 40
25 95
35 1
41 97
17 4
22 39
19 76
10 21
48 50
6 74
23 54
31 53
25 2
37 33
14 78
42 91
4 88
27 83
37 74
44 83
37 41
35 40
32 54
4 10
7 17
21 24
19 37
11 3
20 42
15 0
9 53
35 65
48 53
16 96
10 28
8 91
38 24
12 54
16 21
17 11
3 21
19 57
1 55
30 22
16 15
3 26
16 63
44 70
9 54
41 52
32 77
46 86
34 16
21 51
45 82
8 74
33 18
2 67
5 55
17 84
18 10
45 4
42 36
21 54
38 10
6 68
4 60
2 24
34 26
22 26
46 29
5 1
45 0
38 67
2 68
36 78
34 79
14 49
9 17
15 24
7 3
32 5
11 26
39 94
16 37
12 2
38 8
0 84
7 16
37 72
34 76
49 6
34 11
23 22
18 77
41 81
14 20
19 61
47 78
32 28
11 66
37 21
44 14
3 82
30 23
38 25
13 47
5 14
13 43
46 9
49 70
23 75
23 49
1 12
48 10
22 55
19 51
30 72
30 2
0 44
16 13
5 7
16 39
44 89
17 47
14 64
41 13
49 34
18 68
2 1
14 84
19 65
22 66
42 37
47 83
25 97
3 9
16 82
38 96
23 77
18 75
7 29
26 40
7 65
47 10
42 45
20 56
49 61
31 24
34 29
25 80
34 39
39 17
10 31
40 25
48 39
40 60
41 67
8 69
30 42
33 2
47 88
32 67
31 66
40 11
30 82
36 35
35 33
0 7
0 55
32 7
6 95
22 36
16 73
4 11
11 50
46 89
8 65
26 64
0 45
34 45
18 54
2 61
14 7
33 48
25 6
16 88
19 25
40 54
34 31
19 7
31 42
37 37
32 21
13 9
29 21
13 13
43 77
40 40
18 49
17 14
4 27
32 51
40 22
28 55
29 7
26 71
24 96
14 12
39 20
30 31
27 20
26 51
37 54
22 50
27 76
31 82
41 21
44 51
1 8
2 84
21 15
13 44
12 73
36 69
15 30
47 65
32 47
2 35
34 53
8 49
0 88
45 12
39 19
39 75
7 46
48 34
34 36
18 97
30 49
23 57
23 91
21 96
23 12
7 21
6 57
1 43
10 59
23 36
23 90
21 34
11 0
8 93
3 89
29 95
35 20
32 49
33 5
1 67
30 85
19 38
16 40
3 90
9 77
11 91
0 52
47 72
8 66
28 54
10 2
20 4
30 12
49 16
14 95
20 73
9 4
33 56
31 47
9 61
15 77
9 51
11 80
19 69
4 69
5 41
2 66
5 31
36 18
11 37
8 15
36 59
4 84
44 56
1 70
11 52
10 44
13 51
41 91
37 17
35 63
3 73
36 56
10 95
35 10
43 23
49 71
20 31
23 55
37 85
24 38
33 39
8 80
44 53
30 10
48 77
33 89
13 17
36 2
49 17
7 51
35 3
31 26
48 25
42 43
12 76
48 89
32 40
48 67
32 56
47 70
2 33
38 66
25 88
32 27
16 43
47 52
43 79
36 84
6 19
38 1
26 46
36 80
17 46
20 63
34 40
47 6
39 6
45 97
15 93
49 28
38 4
28 29
19 27
46 49
14 43
11 23
42 90
33 83
1 42
15 61
48 18
18 82
31 90
15 25
17 21
40 88
49 57
6 61
40 94
36 34
41 8
41 27
44 76
35 75
9 22
2 11
5 97
42 39
45 27
32 89
12 13
32 76
22 78
1 35
19 97
25 22