3 
10.00 
20.00 
30.00 
4 
15.00 
15.01 
3.00 
3.01 
3 
6.17 
5.00 
4.03 
12 
123.12 
6.13 
9.44 
89.08 
278.78 
223.78 
78.45 
912.89 
554.76 
547.57 
1781.89 
907.07 
2 
4.99 
15.00 
1 
10.00 
15 
0.01 
0.01 
0.01 
0.01 
0.01 
0.01 
0.01 
0.01 
0.01 
0.01 
0.01 
0.01 
0.01 
0.01 
0.03 
5 
5000.00 
11.11 
11.11 
11.11 
11.11 
15 
0.01 
0.03 
0.03 
0.03 
0.03 
0.03 
0.03 
0.03 
0.03 
0.03 
0.03 
0.03 
0.03 
0.03 
0.03 
4 
25.00 
25.00 
25.00 
28.00 
3 
10.01 
15.25 
18.96 
4 
25.03 
25.00 
25.00 
25.00 
0