998
261 18
320 519
67 68
832 359
752 564
234 587
198 149
355 437
41 378
674 453
783 741
13 39
781 493
741 630
740 822
634 697
148 312
43 582
257 81
445 238
639 917
539 751
987 173
209 776
680 814
336 295
930 83
179 291
409 41
305 372
75 30
368 177
248 147
640 497
406 256
774 50
885 310
347 505
632 635
672 364
137 315
184 267
683 659
464 242
164 208
618 849
627 737
69 810
97 415
169 32
276 790
137 10
263 614
438 828
6 24
414 916
187 341
311 162
155 138
944 461
177 119
128 303
567 613
846 391
750 447
21 193
79 81
145 65
34 205
283 139
415 448
505 956
253 210
482 596
142 617
722 322
939 972
50 459
423 645
405 848
297 236
109 135
284 34
803 378
52 128
14 202
205 927
744 377
914 278
868 197
412 394
349 177
938 820
265 815
199 172
117 778
46 14
121 72
37 402
321 16
720 329
630 274
766 722
256 881
718 283
670 95
234 95
198 357
398 666
23 25
13 49
470 15
319 566
97 949
693 378
74 42
661 395
351 581
290 338
13 108
223 385
159 50
7 31
568 943
69 110
767 708
755 293
248 249
276 799
186 90
937 487
565 10
829 544
738 704
291 669
160 78
192 319
953 427
210 196
615 414
133 138
276 344
599 680
497 725
470 855
848 934
60 95
541 593
889 669
814 997
82 80
886 732
75 769
244 438
490 361
501 296
390 294
211 536
181 145
138 142
462 127
396 340
756 361
552 210
733 382
962 317
685 362
204 244
619 466
7 5
804 366
418 947
97 47
235 358
658 488
634 262
441 509
441 96
901 686
366 113
429 197
288 274
231 23
479 564
199 225
142 616
816 203
574 825
562 5
801 470
327 168
250 384
198 296
686 131
269 334
132 678
578 132
423 288
191 387
330 335
986 409
503 360
796 340
165 302
422 221
20 36
22 270
559 171
97 823
671 340
379 126
595 912
762 806
520 721
789 809
158 292
586 285
15 140
61 180
78 79
258 299
307 398
926 574
677 382
503 571
789 141
854 701
239 719
847 88
561 412
659 8
289 91
2 1
710 559
33 779
580 182
588 331
13 98
974 350
833 703
44 22
358 382
555 497
188 152
21 168
763 479
667 729
730 611
59 497
403 319
115 7
28 48
77 834
837 213
958 466
842 354
5 2
65 15
836 433
499 384
166 316
512 499
456 709
850 241
863 657
89 170
9 152
32 484
191 237
271 128
667 232
513 577
867 919
770 413
708 996
86 915
37 5
893 58
78 250
116 241
241 348
6 391
361 12
350 79
546 208
534 348
869 122
392 793
6 53
462 514
452 191
1 4
38 290
609 408
121 354
213 471
198 633
265 983
29 178
491 831
149 131
77 5
40 293
757 384
835 565
170 220
64 23
64 129
394 165
907 864
775 302
80 79
76 58
363 359
73 54
371 33
264 125
359 439
743 650
436 304
876 847
560 310
292 731
910 81
791 529
729 945
325 884
988 992
83 65
858 416
287 111
345 486
44 59
152 213
405 65
952 857
286 843
20 62
240 154
424 277
30 32
336 604
141 10
93 216
701 138
382 966
126 146
102 15
13 642
1 182
267 798
6 27
657 660
491 471
158 124
960 463
190 375
470 705
362 656
3 10
195 306
569 248
143 79
924 835
116 83
692 74
515 891
915 977
298 628
414 706
622 687
913 663
420 132
121 192
756 984
77 269
72 416
702 35
147 163
788 343
758 813
968 265
443 904
243 651
480 83
838 252
347 207
339 12
13 26
185 265
80 111
60 91
318 35
879 849
298 87
116 252
132 68
67 218
348 553
21 14
866 563
763 777
182 724
842 870
690 9
269 351
386 318
283 407
233 62
119 147
392 488
266 29
49 643
266 526
201 235
59 547
350 489
130 191
836 877
50 66
193 694
333 89
652 308
664 40
34 761
243 136
342 84
622 279
364 370
29 17
255 199
31 259
161 535
102 275
271 285
33 979
17 4
189 100
98 636
665 264
784 265
735 85
456 395
199 585
211 215
478 77
365 808
5 156
98 451
118 86
157 13
619 921
11 12
111 875
53 165
502 492
23 17
119 455
84 6
166 60
567 595
109 45
287 531
404 768
376 22
36 101
444 27
29 736
883 185
346 542
104 228
35 21
830 51
164 117
377 111
96 200
66 608
245 603
7 61
374 131
559 911
468 328
412 479
508 307
50 124
201 3
641 223
592 376
79 171
173 12
357 522
533 375
113 131
38 845
583 374
38 37
496 425
4 52
305 247
653 185
274 102
393 339
532 307
397 327
65 548
130 59
764 339
976 245
867 77
780 266
155 167
6 541
698 259
475 10
887 430
605 299
577 824
467 165
421 349
174 37
112 81
78 24
646 568
183 538
454 290
296 988
199 272
190 279
254 183
314 213
325 925
251 696
964 215
303 827
188 446
25 453
431 377
928 347
29 309
62 657
98 888
181 232
317 330
79 106
432 73
190 176
432 434
601 27
245 704
257 922
324 74
326 226
434 469
195 301
473 59
224 599
948 673
871 643
864 577
594 432
273 332
601 668
79 759
515 143
132 457
164 712
513 176
177 256
488 805
245 373
22 14
307 525
487 101
468 747
676 255
682 282
107 86
380 257
906 868
26 242
207 200
280 688
442 271
153 498
301 713
554 627
219 556
265 268
880 399
810 898
179 88
9 19
460 369
144 383
896 218
506 321
337 495
753 323
72 15
421 485
716 527
597 994
4 9
320 108
381 340
206 137
171 461
664 797
135 209
478 572
52 263
159 238
483 785
50 150
500 108
630 975
479 521
101 212
213 219
961 59
354 600
639 374
172 322
820 127
524 563
64 516
62 447
345 72
135 204
310 137
139 55
723 392
897 623
2 43
679 7
711 679
260 401
58 46
16 5
54 123
31 217
103 400
82 104
624 818
612 129
6 99
245 96
690 894
510 236
176 518
90 59
430 169
623 37
275 856
8 1
327 389
136 107
19 120
518 993
679 905
230 83
88 352
56 8
223 224
348 355
13 844
55 20
740 717
345 399
524 293
212 574
971 842
950 103
959 23
840 520
474 186
8 71
66 113
467 648
491 492
199 260
862 355
277 45
530 405
901 998
675 194
87 172
3 1
159 307
654 66
146 573
149 153
73 365
114 700
353 115
193 340
611 153
401 853
6 426
8 15
300 187
33 103
69 782
895 721
765 245
691 695
15 882
37 969
523 80
817 545
43 221
187 195
388 186
69 1
191 463
989 3
13 1
17 18
647 558
576 114
800 286
175 95
353 637
485 493
644 479
85 53
304 4
509 982
270 954
686 754
113 133
86 52
210 717
520 65
154 74
282 171
262 86
517 124
93 329
946 754
280 10
64 440
47 54
865 555
625 786
393 543
216 902
211 27
60 6
41 32
821 341
181 184
878 154
702 991
539 85
43 967
500 990
433 14
737 933
662 258
78 162
119 32
528 663
502 655
882 941
476 172
689 534
370 749
620 95
111 127
70 223
9 482
194 109
360 215
359 317
903 838
632 441
208 537
726 419
139 708
965 524
981 775
147 185
466 93
259 890
276 32
978 261
826 932
308 408
410 157
866 892
187 5
331 235
534 650
98 414
392 84
807 8
17 70
939 761
572 732
492 812
748 392
567 626
442 483
286 91
909 287
257 940
575 459
5 14
45 19
227 60
94 87
273 245
606 238
63 610
59 67
80 544
411 306
281 91
762 727
596 607
328 152
191 579
424 465
2 325
339 771
734 333
1 11
19 51
396 811
963 25
481 417
549 455
316 404
739 71
702 861
758 787
597 229
323 296
129 294
124 247
529 401
449 237
364 129
591 551
131 727
343 323
30 214
477 465
631 526
681 240
541 860
215 567
767 772
857 105
852 362
330 450
239 53
11 417
973 735
40 27
985 451
101 920
472 760
293 362
24 28
795 68
469 935
554 471
87 60
576 590
69 528
87 246
418 745
545 122
261 427
183 42
746 28
161 49
197 138
691 511
102 356
618 703
598 41
47 89
7 30
874 55
458 320
305 369
196 10
504 5
2 236
203 127
160 435
859 641
291 511
50 4
551 227
707 268
313 169
337 281
387 527
128 278
584 406
507 177
995 599
34 105
4 6
428 243
900 630
851 369
148 46
352 425
12 42
151 63
131 570
602 593
176 78
56 942
773 583
292 413
660 980
923 456
513 826
578 684
71 794
24 33
349 367
88 82
581 839
3 100
162 226
149 222
133 918
625 490
290 714
624 296
957 118
540 24
