100
6 2 8 29 20 8 18 18 21
99 5 3 6 26 6 5 28 16 14 5 19 6 5 25 7 3 15 9 4 5 6 5 14 6 15 23 5 30 6 6 3 5 6 6 16 5 5 6 6 23 6 5 25 3 0 5 5 16 12 0 5 6 15 2 13 5 5 5 6 15 5 12 22 6 24 6 15 25 13 0 6 6 6 8 0 27 15 0 6 5 7 6 19 10 6 6 5 5 17 6 6 5 5 5 20 6 11 30 28 5 8
21 4 5 7 6 17 27 15 12 7 12 12 10 15 19 12 2 11 27 3 12 0 12 27
36 36 2 10 5 18 10 6 14 4 21 28 9 22 16 17 3 14 23 2 25 26 22 8 8 26 2 25 20 16 26 22 28 16 25 2 4 4 4
23 0 0 0 0 0 0 0 0 0 0 0 0 0 0 0 0 0 0 0 0 0 0 0 0 0
27 1 8 28 8 20 20 29 21 21 12 21 21 20 14 20 20 8 21 21 21 13 10 26 16 20 6 17 26 21
72 0 0 30 30 30 30 30 30 30 30 30 30 30 30 30 30 30 30 30 30 30 30 30 30 30 30 30 30 30 30 30 30 30 30 30 30 30 30 30 30 30 30 30 30 30 30 30 30 30 30 30 30 30 30 30 30 30 30 30 30 30 30 30 30 30 30 30 30 30 30 30 30 30 30
96 40 5 22 8 13 28 9 28 20 4 22 15 30 13 28 18 23 23 24 1 3 6 19 16 11 27 14 21 28 2 2 0 4 22 15 14 21 26 26 15 24 2 19 29 27 12 11 15 14 26 13 6 17 0 26 18 30 14 12 10 25 20 26 20 21 12 25 23 8 29 17 0 1 10 18 28 27 8 1 4 6 13 15 0 13 7 29 18 9 8 2 16 23 24 29 18 15 4
79 60 8 5 15 7 9 17 17 3 10 20 3 23 11 19 17 15 25 28 27 30 23 18 14 27 13 14 2 5 7 11 21 13 1 10 22 9 11 14 18 10 3 24 6 11 29 30 1 11 4 5 9 27 4 23 14 11 1 10 23 1 8 10 12 2 21 24 17 17 16 25 2 16 27 10 14 12 10 1 12 18
56 16 7 17 18 18 16 17 17 18 14 4 29 23 18 17 25 12 17 18 0 18 26 17 17 26 6 17 7 18 20 18 18 26 5 18 12 18 20 10 17 18 11 0 17 17 18 17 5 17 17 17 18 12 18 5 18 23 9
61 18 5 11 11 11 11 12 12 19 28 25 5 11 12 15 12 8 11 12 27 9 21 12 12 21 11 23 11 8 12 11 12 11 11 0 11 11 4 30 16 11 11 24 13 11 12 12 12 21 5 28 21 11 26 30 11 6 11 12 7 2 25 21
60 44 3 8 21 15 13 4 11 27 3 0 24 25 28 22 11 6 11 11 5 5 23 19 17 28 2 23 25 10 22 1 13 14 2 23 30 22 28 0 3 15 23 25 30 20 6 6 14 23 28 7 28 21 15 18 27 20 25 21 28 16 4
75 2 9 20 7 7 1 17 23 23 29 1 4 30 30 15 30 19 21 2 12 12 25 12 1 28 28 14 8 21 20 9 26 26 5 19 21 16 19 26 16 2 10 8 14 15 30 1 13 26 2 12 18 21 11 0 3 20 17 3 15 12 14 7 2 17 21 22 28 0 19 22 26 13 23 19 13 9
27 3 8 20 21 20 21 20 19 14 21 3 21 20 20 19 20 21 20 21 18 24 20 22 15 21 22 20 3 28
61 32 0 21 15 2 11 11 19 30 11 22 3 24 26 30 1 25 8 4 23 12 8 8 27 19 16 30 15 22 6 2 27 25 7 11 16 9 1 1 25 10 24 3 2 23 3 0 24 23 5 15 21 5 17 25 19 22 6 7 13 30 18 15
20 0 5 7 30 25 3 30 27 22 4 23 13 25 6 14 27 30 14 8 27 16 18
38 6 5 13 12 5 6 12 23 11 11 12 4 29 8 12 29 12 12 11 12 24 12 12 12 12 5 12 23 4 21 4 3 12 12 29 15 12 12 13 0
5 0 1 0 0 0 0 0
2 0 7 18 7
73 73 3 12 4 2 8 9 25 9 2 3 28 3 2 25 3 14 7 20 16 14 16 6 27 2 18 15 23 15 12 7 15 21 6 23 21 22 26 28 28 18 13 14 5 5 16 22 19 12 13 6 23 20 15 6 14 18 2 15 21 19 25 22 4 22 6 22 7 7 10 13 10 19 5 5
61 36 3 9 12 22 22 16 6 24 13 27 11 12 22 17 13 21 24 1 1 23 13 26 7 14 12 21 0 1 14 9 23 5 27 16 12 11 15 28 24 21 0 1 22 14 4 23 10 25 17 13 2 3 27 4 18 10 13 14 17 23 0 18
70 16 8 20 2 16 21 30 21 8 20 21 20 20 7 21 21 21 21 20 21 14 26 20 20 17 8 21 20 1 18 20 27 20 26 13 17 20 28 27 21 20 23 20 16 21 20 21 24 20 20 20 12 23 20 14 21 20 20 6 25 6 20 21 20 21 28 24 14 20 30 21 16
44 4 6 2 15 14 14 15 27 14 29 14 15 4 15 11 0 21 10 17 15 19 14 14 14 15 26 3 5 2 5 2 14 5 17 25 12 29 0 18 15 14 15 16 15 14 15
32 21 2 4 23 17 22 17 9 16 20 4 18 14 13 1 11 24 0 13 17 20 7 21 2 30 25 9 13 9 9 25 12 23 8
71 42 0 6 8 26 10 2 30 10 23 22 11 4 5 17 19 21 11 10 19 7 6 12 0 3 25 19 3 8 8 10 7 17 4 5 22 24 27 5 17 15 12 24 20 0 12 10 5 7 0 23 12 24 2 14 0 2 2 17 25 23 7 12 15 2 21 11 13 24 18 17 19 5
52 2 1 22 21 7 4 18 25 23 19 15 12 3 25 2 12 2 21 6 1 4 25 19 23 27 15 13 23 5 13 0 20 14 12 24 19 17 27 13 4 14 12 10 20 13 5 24 2 14 8 10 17 15 9
35 14 4 0 9 10 8 1 8 9 8 9 8 21 10 8 9 6 17 8 9 25 8 9 8 2 9 24 13 8 5 9 15 9 1 3 7 8
66 0 2 7 3 26 19 14 24 11 2 16 26 7 10 23 27 11 15 24 25 6 17 10 29 5 2 6 1 19 0 0 5 15 15 24 8 11 12 23 21 15 7 16 17 25 5 29 10 7 18 18 13 6 10 10 4 28 18 26 23 29 23 16 4 14 13 15 8
2 0 1 4 25
30 18 9 10 30 2 18 11 20 5 8 11 30 7 22 23 15 28 13 27 28 29 15 6 29 8 26 19 28 21 7 27 27
39 19 7 30 26 2 9 28 27 16 17 25 2 26 8 22 6 26 12 26 24 4 25 24 6 26 28 17 26 12 1 2 0 17 18 7 4 23 24 0 13 21
36 0 3 18 6 6 19 5 6 6 3 11 24 0 5 6 5 11 4 6 1 21 6 5 18 6 15 24 5 5 15 5 5 21 5 5 6 6 5
82 44 10 26 20 17 6 22 12 14 11 30 7 27 4 14 5 19 13 11 13 5 7 23 4 21 11 18 8 28 6 28 27 30 9 26 11 22 23 5 0 26 26 8 22 30 12 17 26 14 21 27 27 28 30 20 12 19 2 5 7 26 3 3 25 14 10 5 13 30 23 10 6 26 23 10 29 6 19 14 29 3 22 30 8
55 16 9 25 28 12 24 7 7 26 28 11 1 23 12 17 25 10 13 25 20 17 22 2 28 6 30 25 14 14 16 5 26 8 10 20 21 25 20 18 5 17 15 23 7 13 18 12 11 15 28 0 9 5 9 5 1 17
95 0 8 4 20 1 7 25 0 10 10 11 25 25 8 5 5 22 12 30 18 2 5 6 10 15 8 24 19 5 13 5 29 19 19 14 9 1 5 6 12 21 27 19 19 7 5 29 29 11 26 9 19 16 20 2 23 24 12 8 25 19 11 5 28 9 30 28 25 7 14 26 17 8 30 15 15 29 14 1 18 0 26 18 21 11 2 2 28 3 23 21 20 13 8 14 9 1
85 47 2 3 3 2 3 15 3 3 8 3 3 1 2 3 22 6 2 3 2 3 3 2 30 2 3 2 22 2 3 26 14 2 30 28 20 2 3 3 2 26 12 8 29 3 28 3 3 1 21 2 30 2 16 3 0 27 12 2 9 2 14 27 3 3 6 3 3 2 3 2 2 2 11 3 3 1 17 3 28 26 2 2 2 3 29 3
81 24 6 15 15 8 15 27 14 15 23 11 15 14 6 20 15 15 12 10 3 14 19 21 14 15 7 15 27 12 14 14 14 15 17 15 15 14 16 27 15 21 28 29 15 3 8 17 14 14 15 14 13 1 29 10 13 1 28 15 15 15 15 15 15 15 7 5 1 23 20 20 14 14 25 2 10 28 24 2 15 14 15 15
3 1 0 13 9 4
89 7 5 6 12 13 21 11 12 7 8 11 11 4 12 13 30 4 11 10 2 12 12 11 11 28 25 11 11 12 12 1 11 12 12 5 22 12 12 12 11 12 12 25 6 12 11 11 11 7 11 11 0 11 11 13 12 12 12 11 14 11 20 16 19 11 11 12 16 18 12 12 9 25 11 12 12 12 5 6 12 12 6 11 11 12 12 11 10 11 12 12
36 36 6 16 21 6 16 19 27 22 22 9 17 21 19 7 5 5 5 6 9 15 6 13 14 12 21 16 14 6 7 21 13 23 12 28 3 2 23
77 4 4 26 11 17 8 13 25 11 15 17 19 10 25 5 14 24 17 8 27 2 20 7 15 11 29 2 3 9 5 18 25 29 17 7 2 4 20 8 22 22 17 30 23 17 10 23 16 3 26 19 17 19 12 23 28 30 16 27 16 10 19 19 5 14 26 9 9 7 7 18 4 26 10 19 5 15 4 18
84 21 10 5 1 21 14 9 28 7 0 4 10 4 25 20 30 28 25 29 7 6 12 22 3 26 9 8 19 8 11 2 16 0 14 26 6 3 28 26 27 9 2 0 15 20 9 22 8 14 7 13 29 22 18 21 21 0 2 4 21 12 28 0 15 2 7 13 17 9 26 15 20 10 30 4 22 4 6 8 14 8 20 23 7 14 27
88 0 7 23 9 7 27 20 7 14 0 7 1 24 3 4 7 17 29 2 6 29 27 28 25 19 22 2 21 18 25 15 30 30 25 3 4 28 18 27 28 6 9 11 28 12 26 17 2 4 23 4 13 28 17 16 26 23 13 15 8 15 10 2 26 17 5 20 1 30 20 16 7 25 3 19 15 18 6 29 7 20 1 9 17 26 15 30 8 7 14
44 0 0 8 15 1 11 14 30 15 21 20 3 6 17 2 22 30 18 4 27 11 17 17 7 6 8 29 18 1 22 0 14 30 22 28 25 3 16 7 19 0 15 25 21 10 16
52 6 4 7 23 2 9 4 8 19 26 30 13 30 14 8 8 23 8 22 16 22 8 3 8 19 28 20 14 13 8 7 9 25 9 28 19 8 17 9 9 30 3 8 29 22 8 8 9 6 9 9 9 17 29
18 0 10 30 30 30 30 30 30 30 30 30 30 30 30 30 30 30 30 30 30
41 22 4 14 3 28 27 3 29 27 2 13 10 18 14 7 16 13 30 21 2 21 0 30 30 24 16 16 30 12 23 24 16 30 19 19 4 8 16 24 16 28 9 13
34 0 4 3 12 6 9 30 4 23 8 5 28 11 9 13 12 19 6 21 20 16 25 13 12 6 7 16 18 8 23 3 18 0 21 10 27
50 4 6 20 14 14 6 5 14 24 1 14 14 25 14 14 1 29 14 15 7 15 29 22 15 14 26 14 15 14 6 30 14 15 14 14 28 4 15 28 15 22 21 25 23 15 14 15 28 26 15 6 15
22 17 6 28 3 26 11 9 16 11 24 21 14 11 29 8 23 12 12 23 25 25 0 18 13
95 23 10 13 1 4 22 14 23 27 25 30 30 22 24 0 5 11 28 21 12 10 25 5 26 30 30 21 0 17 17 21 14 6 29 17 12 11 2 27 19 21 28 13 20 10 26 6 9 7 22 18 18 15 10 15 29 30 20 10 21 28 19 18 1 15 24 8 30 12 22 19 13 19 22 9 26 21 11 0 2 25 13 28 13 5 1 4 10 2 15 30 2 27 16 0 10 17
79 40 9 21 6 15 27 14 13 11 26 25 25 15 19 19 8 16 13 14 16 18 8 19 0 5 21 19 26 20 27 4 0 9 30 17 7 18 23 28 19 6 7 30 24 17 3 2 5 0 17 22 2 6 7 11 27 26 2 19 22 0 14 27 10 0 13 28 26 20 8 8 1 2 9 13 8 28 7 14 24 12
37 21 5 9 28 21 22 17 12 25 25 27 9 18 6 13 17 0 30 30 17 4 23 8 22 13 14 20 25 13 29 30 3 6 8 24 18 6 4 7
18 3 6 15 15 14 4 14 15 12 15 14 9 14 14 14 14 14 7 3 8
7 6 9 24 24 6 25 15 3 10
15 3 7 1 21 25 17 24 7 23 12 15 14 29 14 22 6 16
63 12 6 18 10 25 17 14 14 9 15 8 14 15 15 25 7 11 10 14 25 14 11 15 25 7 15 9 4 15 15 7 14 14 14 14 1 14 14 1 29 30 14 20 19 15 14 16 4 23 15 15 15 15 13 28 22 14 28 1 2 19 30 22 14 15
44 0 3 14 0 22 5 6 25 5 13 15 6 0 5 16 6 1 1 6 15 5 6 15 5 5 5 5 5 6 6 6 6 8 6 27 8 4 23 5 6 30 5 5 21 21 16
11 2 5 18 11 12 12 28 11 24 10 12 12 11
47 35 5 13 29 19 14 21 30 20 23 0 29 15 15 24 3 20 11 29 7 21 8 6 15 7 23 17 1 3 2 18 16 4 15 4 17 28 4 16 16 27 25 16 14 23 2 9 12 0
64 28 4 11 18 8 3 9 17 5 9 1 9 4 9 3 25 0 19 8 8 11 29 8 9 9 13 21 8 8 23 8 26 16 8 13 13 9 8 8 8 28 9 8 21 9 29 2 8 30 8 8 29 9 9 8 0 22 29 19 13 8 10 14 9 27 9
49 0 5 20 17 26 3 13 9 22 6 0 9 22 24 14 13 12 2 18 15 5 15 29 10 7 23 5 20 7 5 3 15 4 30 10 15 26 30 15 10 12 19 22 16 25 26 22 28 13 18 19
39 39 10 2 27 12 17 11 20 19 7 28 2 10 27 18 20 18 11 21 18 24 23 19 4 3 12 13 23 9 7 8 23 2 13 19 16 6 14 18 16 3
8 2 7 17 30 17 18 25 27 17 15
65 13 9 23 23 24 24 23 23 0 23 22 23 24 11 23 23 24 23 24 12 24 24 24 26 24 13 19 24 17 23 21 24 7 23 24 9 18 29 23 23 23 15 28 24 23 23 24 24 23 23 24 12 24 24 24 29 23 24 23 23 23 24 24 12 24 4 27
30 0 9 2 26 0 30 9 27 16 10 12 22 27 11 8 3 20 3 18 8 0 9 18 15 16 24 18 25 9 6 19 9
52 27 3 24 30 14 18 27 17 19 28 0 6 28 1 21 10 8 17 16 1 27 27 10 9 6 23 21 19 21 19 6 23 23 19 17 25 28 24 19 23 27 6 15 5 29 4 14 2 15 15 21 17 27 6
100 10 3 10 9 10 27 4 25 17 11 0 26 22 8 23 10 12 15 16 26 19 24 28 28 30 17 23 14 23 14 15 5 30 9 5 30 9 5 6 9 4 2 0 4 5 1 30 13 13 19 0 13 16 0 1 27 16 4 6 6 6 22 11 30 17 14 20 3 27 25 5 21 15 7 19 30 24 29 11 14 18 26 11 25 24 6 29 15 16 29 19 3 21 23 3 3 24 12 2 26 26 12
33 33 0 19 21 9 18 8 26 15 7 6 2 19 7 9 24 5 14 11 5 7 12 28 13 22 13 23 7 13 11 24 3 2 27 20
21 0 2 8 1 16 12 15 2 2 2 3 21 3 28 3 1 2 25 23 20 3 3 2
65 14 9 0 23 13 23 23 24 16 24 1 24 11 26 1 23 23 8 11 24 14 2 15 24 14 9 23 24 23 23 23 23 24 24 23 1 23 3 19 23 24 24 24 0 26 23 24 5 20 17 25 23 19 23 24 24 23 3 11 24 9 23 23 24 5 23 18
99 29 4 5 3 26 22 18 9 15 17 18 15 0 8 30 20 13 28 20 29 6 13 21 13 11 14 7 11 2 23 3 26 16 5 27 19 15 30 0 16 0 17 15 27 25 7 10 22 12 9 29 24 16 6 10 6 22 6 13 14 6 19 28 2 25 0 9 24 9 0 0 2 8 24 10 15 2 26 24 24 15 13 2 13 13 30 9 23 2 6 8 15 4 26 15 0 26 25 15 16 18
98 43 4 30 12 16 17 13 6 2 13 28 9 10 24 19 3 22 22 0 21 28 15 4 18 1 28 24 12 27 7 20 19 18 5 16 30 7 15 13 19 29 18 13 1 3 17 5 14 2 13 23 19 17 1 17 13 10 15 3 13 16 13 1 2 14 30 15 14 23 22 7 21 17 18 7 6 22 28 28 27 15 4 28 14 30 11 16 28 24 27 7 3 6 18 20 1 3 2 26 3
99 81 2 12 16 19 29 27 11 18 3 3 7 30 20 3 0 5 6 12 17 23 2 6 19 10 17 25 20 8 0 5 4 11 30 8 27 21 14 12 23 13 25 6 18 28 7 2 30 2 22 11 3 5 13 3 4 23 26 20 18 11 20 1 24 11 18 19 23 11 10 24 16 22 0 15 10 20 22 13 19 25 12 23 29 23 24 15 17 17 13 16 17 30 18 8 4 1 8 6 1 30
51 10 4 9 10 8 15 10 9 8 10 8 8 9 8 9 13 2 8 9 8 25 9 8 4 13 28 19 9 30 13 9 9 8 9 0 8 20 8 10 3 26 5 13 9 20 21 9 29 8 17 8 8 8
4 1 9 14 10 20 3
86 59 2 11 14 11 6 17 0 1 0 5 9 1 10 26 26 8 21 29 4 18 25 28 14 29 23 4 28 26 3 14 27 5 20 14 25 11 9 21 7 14 24 18 13 11 30 4 19 25 22 13 29 5 29 4 11 22 6 25 25 23 23 30 1 5 29 27 21 0 4 17 28 27 4 18 6 9 5 3 9 17 29 20 28 8 24 2 16
82 47 0 30 14 28 21 5 18 4 13 25 29 17 17 0 20 29 2 27 8 16 7 12 13 4 3 18 26 22 12 23 1 21 10 1 3 20 6 15 4 9 29 24 15 23 28 30 27 27 7 1 25 22 11 9 13 23 18 28 9 17 5 15 18 28 20 9 5 12 30 23 0 5 22 0 10 18 13 10 3 10 28 12 2
60 46 3 30 19 3 2 24 15 7 4 5 1 11 2 3 29 25 25 27 19 2 12 3 22 4 5 18 27 1 19 8 5 3 8 21 22 5 19 7 19 25 30 21 6 23 5 11 16 1 26 16 8 6 28 27 5 22 19 6 4 22 28
74 73 1 28 4 15 12 18 19 19 22 18 12 26 21 11 18 13 3 18 28 18 3 17 12 2 17 26 9 13 0 28 21 12 25 17 17 20 23 6 8 24 28 17 16 3 4 11 15 4 2 28 24 23 2 18 15 28 12 4 22 12 23 8 9 27 12 28 11 25 28 21 10 20 16 27 19
72 8 6 14 14 15 15 14 15 14 14 0 15 15 15 15 19 15 14 5 14 1 21 12 15 30 10 14 8 13 26 14 14 20 14 3 15 15 15 13 14 15 30 14 14 26 14 14 15 15 14 30 15 21 8 15 28 15 19 15 10 15 15 14 14 15 14 1 15 15 28 25 14 15 22
23 7 5 13 5 21 5 9 6 17 4 4 29 4 29 17 10 29 12 27 5 9 30 29 11 0
63 39 5 25 19 23 10 5 23 19 10 20 5 7 8 18 3 15 12 0 30 23 16 27 12 28 29 14 2 0 30 27 29 14 15 27 26 21 16 30 1 17 9 9 29 28 29 0 26 26 1 21 0 22 12 16 18 17 11 13 4 16 12 8 8 16
32 6 5 14 1 1 6 9 10 4 9 3 21 8 18 30 21 17 11 24 12 13 6 28 4 6 28 27 25 13 26 30 7 0 18
81 6 7 18 17 12 4 17 0 18 18 16 18 1 17 17 11 17 17 18 17 7 18 17 20 17 23 17 17 18 18 17 4 22 17 26 29 10 4 17 18 17 1 17 21 18 18 24 29 15 17 18 18 12 17 19 18 18 18 17 6 18 8 17 2 17 16 27 17 17 18 6 16 20 17 12 2 16 22 17 11 21 17 24
96 23 8 7 18 15 16 8 20 28 24 18 19 23 2 1 19 23 9 29 2 11 11 22 6 30 0 25 10 22 24 7 28 21 28 30 6 10 14 29 13 26 10 23 0 17 21 1 19 15 29 0 23 6 28 27 8 22 13 16 1 27 18 13 5 2 8 15 21 29 17 25 8 8 13 21 7 13 22 15 4 29 15 30 27 22 28 20 21 14 12 17 3 3 13 9 14 22 10
16 1 7 3 7 18 1 21 17 18 21 15 18 26 17 17 24 0 17
8 1 10 21 3 27 0 28 13 20 9
5 0 5 11 11 0 3 28
23 12 8 21 21 20 20 20 1 20 20 0 23 20 20 21 8 20 16 25 29 20 21 20 9 20
16 12 4 12 10 13 14 8 0 2 7 17 29 18 20 20 19 19 27
7 2 5 9 11 0 0 24 12 12
26 17 10 6 12 26 26 26 27 19 27 27 27 27 26 6 27 16 26 26 6 26 27 28 27 27 17 27 27
84 26 7 17 18 17 18 28 18 18 22 18 27 17 18 23 18 17 17 17 18 18 18 3 0 18 18 17 17 18 13 17 18 18 17 23 17 11 12 17 30 7 23 29 6 30 17 16 4 18 17 18 17 27 18 22 17 23 29 17 14 10 10 9 17 18 20 12 7 25 24 30 30 6 17 22 4 18 17 15 8 18 17 18 18 18 13
61 27 8 30 21 21 21 20 21 21 20 7 21 21 21 28 20 21 20 30 21 21 21 26 4 21 1 15 12 7 20 21 21 20 20 20 10 21 12 27 20 18 16 7 21 4 23 21 20 20 20 21 28 12 20 0 22 28 22 21 20 20 21 20
80 17 9 8 20 11 29 17 5 26 7 25 9 13 23 15 9 19 14 12 7 24 12 21 2 15 16 13 9 21 7 26 12 18 5 22 24 26 10 18 29 18 14 2 6 4 27 27 23 12 29 8 21 5 16 21 19 6 17 23 0 1 21 11 18 9 12 23 7 3 20 5 9 11 5 19 23 30 2 3 6 10 3
85 7 6 23 28 24 26 1 26 7 13 21 4 15 27 21 12 4 10 4 19 22 10 0 6 16 7 21 9 23 14 4 1 11 18 20 5 17 15 29 17 2 3 21 19 29 3 16 25 27 8 22 24 29 28 13 20 0 14 13 9 19 7 8 7 0 8 12 11 14 5 12 2 5 23 24 8 22 27 9 26 19 19 17 21 16 12 10
13 1 10 26 26 23 24 26 19 27 26 27 19 8 16 27
49 49 0 6 27 8 4 10 21 2 10 8 22 16 7 28 3 27 5 11 20 2 21 8 27 3 14 24 6 11 3 23 21 15 15 18 5 3 19 7 15 16 2 9 28 6 3 23 7 8 9 19
1 0 7 28
