100
3 1 5 15 13 11
3 0 8 23 22 21
2 0 8 25 30
3 0 8 20 21 29
1 0 3 8
1 0 7 17
2 0 7 8 17
3 0 1 23 29 25
1 0 5 12
1 1 4 16
2 2 0 10 16
2 1 5 29 11
1 1 2 10
1 0 10 14
1 1 4 11
3 0 0 18 18 10
1 1 10 24
1 0 2 2
1 0 8 21
1 0 4 7
1 0 6 7
3 0 0 30 30 30
1 1 1 16
2 0 7 4 6
3 3 6 11 7 8
2 1 3 26 20
1 0 5 25
2 1 2 11 13
2 0 1 25 6
1 0 1 9
2 0 4 9 9
1 0 9 24
2 2 6 13 15
1 0 6 15
1 0 1 0
3 1 6 9 6 24
3 1 2 2 2 15
2 2 9 13 26
3 1 2 20 28 3
3 1 4 9 7 9
1 1 4 13
3 0 3 3 21 12
2 0 6 19 0
3 0 10 30 30 30
1 0 2 2
2 1 6 14 14
2 1 7 16 28
3 0 2 12 29 0
3 0 2 30 14 3
2 1 7 17 17
2 2 9 25 3
3 0 8 10 1 11
1 0 6 15
3 0 2 7 27 5
3 2 2 26 1 4
3 3 6 10 15 17
2 2 6 19 20
1 0 7 18
1 0 9 0
3 3 8 19 20 14
2 0 10 13 0
2 2 5 24 13
2 0 8 20 21
3 3 10 23 7 11
1 0 6 6
3 0 0 0 0 0
2 2 0 18 9
1 0 8 29
3 2 10 26 26 27
3 0 7 30 2 27
3 1 9 29 15 10
2 1 1 10 0
2 0 3 25 24
1 0 9 7
2 0 2 26 12
1 0 8 21
3 1 8 21 20 12
1 0 10 17
2 1 2 12 21
3 0 7 17 17 17
2 0 10 7 14
1 0 5 11
1 0 0 3
3 1 5 14 12 12
2 1 4 15 21
3 0 3 13 5 29
1 0 10 26
1 1 8 6
2 0 3 6 6
1 1 4 26
2 1 7 14 28
1 0 8 20
2 1 3 14 24
2 0 4 8 9
2 0 9 24 23
3 3 5 23 19 9
2 0 10 26 26
3 0 1 15 29 21
1 0 4 27
2 2 6 15 22
