-1
3
5
909091
7142857142857
119189511323
4999999
24928663
775573
15070613
-1
3
17
-1
17
17
-1
47
41
-1
3
5
909091
7142857142857
119189511323
4999999
24928663
775573
15070613
-1
3
17
-1
17
17
-1
47
41
909091
7142857142857
119189511323
4999999
909091
7142857142857
119189511323
4999999
909091
7142857142857
119189511323
4999999
909091
7142857142857
119189511323
4999999
909091
7142857142857
119189511323
4999999
909091
7142857142857
119189511323
4999999
909091
7142857142857
119189511323
4999999
909091
7142857142857
119189511323
4999999
909091
7142857142857
119189511323
4999999
909091
7142857142857
119189511323
4999999
909091
7142857142857
119189511323
4999999
909091
7142857142857
119189511323
4999999
909091
7142857142857
119189511323
4999999
909091
7142857142857
119189511323
4999999
909091
7142857142857
119189511323
4999999
909091
7142857142857
119189511323
4999999
909091
7142857142857
119189511323
4999999
909091
7142857142857
119189511323
4999999
909091
7142857142857
119189511323
4999999
909091
7142857142857
119189511323
4999999
909091
7142857142857
119189511323
4999999
909091
7142857142857
119189511323
4999999
909091
7142857142857
119189511323
4999999
909091
7142857142857
119189511323
4999999
909091
7142857142857
119189511323
4999999
909091
7142857142857
119189511323
4999999
909091
7142857142857
119189511323
4999999
909091
7142857142857
119189511323
4999999
909091
7142857142857
119189511323
4999999
909091
7142857142857
119189511323
4999999
909091
7142857142857
119189511323
4999999
909091
7142857142857
119189511323
4999999
909091
7142857142857
119189511323
4999999
909091
7142857142857
119189511323
4999999
909091
7142857142857
119189511323
4999999
909091
7142857142857
119189511323
4999999
909091
7142857142857
119189511323
4999999
909091
7142857142857
119189511323
4999999
909091
7142857142857
119189511323
4999999
909091
7142857142857
119189511323
4999999
909091
7142857142857
119189511323
4999999
909091
7142857142857
119189511323
4999999
909091
7142857142857
119189511323
4999999
909091
7142857142857
119189511323
4999999
909091
7142857142857
119189511323
4999999
909091
7142857142857
119189511323
4999999
909091
7142857142857
119189511323
4999999
909091
7142857142857
119189511323
4999999
909091
7142857142857
119189511323
4999999
909091
7142857142857
119189511323
4999999
909091
7142857142857
119189511323
4999999
909091
7142857142857
119189511323
4999999
909091
7142857142857
119189511323
4999999
909091
7142857142857
119189511323
4999999
909091
7142857142857
119189511323
4999999
909091
7142857142857
119189511323
4999999
909091
7142857142857
119189511323
4999999
909091
7142857142857
119189511323
4999999
909091
7142857142857
119189511323
4999999
909091
7142857142857
119189511323
4999999
909091
7142857142857
119189511323
4999999
909091
7142857142857
119189511323
4999999
909091
7142857142857
119189511323
4999999
909091
7142857142857
119189511323
4999999
909091
7142857142857
119189511323
4999999
909091
7142857142857
119189511323
4999999
909091
7142857142857
119189511323
4999999
909091
7142857142857
119189511323
4999999
909091
7142857142857
119189511323
4999999
909091
7142857142857
119189511323
4999999
909091
7142857142857
119189511323
4999999
909091
7142857142857
119189511323
4999999
909091
7142857142857
119189511323
4999999
909091
7142857142857
119189511323
4999999
909091
7142857142857
119189511323
4999999
909091
7142857142857
119189511323
4999999
909091
7142857142857
119189511323
4999999
909091
7142857142857
119189511323
4999999
909091
7142857142857
119189511323
4999999
909091
7142857142857
119189511323
4999999
909091
7142857142857
119189511323
4999999
909091
7142857142857
119189511323
4999999
909091
7142857142857
119189511323
4999999
909091
7142857142857
119189511323
4999999
909091
7142857142857
119189511323
4999999
909091
7142857142857
119189511323
4999999
909091
7142857142857
119189511323
4999999
909091
7142857142857
119189511323
4999999
909091
7142857142857
119189511323
4999999
909091
7142857142857
119189511323
4999999
909091
7142857142857
119189511323
4999999
909091
7142857142857
119189511323
4999999
909091
7142857142857
119189511323
4999999
909091
7142857142857
119189511323
4999999
909091
7142857142857
119189511323
4999999
909091
7142857142857
119189511323
4999999
909091
7142857142857
119189511323
4999999
909091
7142857142857
119189511323
4999999
909091
7142857142857
119189511323
4999999
909091
7142857142857
119189511323
4999999
909091
7142857142857
119189511323
4999999
909091
7142857142857
119189511323
4999999
909091
7142857142857
119189511323
4999999
909091
7142857142857
119189511323
4999999
909091
7142857142857
119189511323
4999999
909091
7142857142857
119189511323
4999999
909091
7142857142857
119189511323
4999999
909091
7142857142857
119189511323
4999999
909091
7142857142857
119189511323
4999999
909091
7142857142857
119189511323
4999999
909091
7142857142857
119189511323
4999999
909091
7142857142857
119189511323
4999999
909091
7142857142857
119189511323
4999999
909091
7142857142857
119189511323
4999999
909091
7142857142857
119189511323
4999999
909091
7142857142857
119189511323
4999999
909091
7142857142857
119189511323
4999999
909091
7142857142857
119189511323
4999999
909091
7142857142857
119189511323
4999999
909091
7142857142857
119189511323
4999999
909091
7142857142857
119189511323
4999999
909091
7142857142857
119189511323
4999999
909091
7142857142857
119189511323
4999999
909091
7142857142857
119189511323
4999999
909091
7142857142857
119189511323
4999999
909091
7142857142857
119189511323
4999999
