100
1 8 7 2
2
3 2 4 4
4 10 8 5
9 8 4 10
2
6 5 10 0
6 3 6 0
4 9 6 7
2
10 2 8 3
7 3 9 4
9 1 6 0
2
10 9 5 10
8 8 3 5
10 7 10 5
0
6 5 0 8
0
2 1 8 8
2
7 2 1 6
8 10 1 0
2 1 9 9
1
0 6 3 1
3 8 3 4
2
6 0 8 10
6 6 9 2
0 6 1 4
1
9 8 5 5
10 10 4 10
1
0 3 5 3
10 6 7 4
1
0 9 3 4
1 7 10 2
1
2 10 10 5
10 9 1 6
0
5 9 7 3
1
0 3 2 0
9 10 8 6
1
3 3 1 10
10 0 7 2
1
10 7 4 4
4 8 5 3
0
0 2 5 7
2
7 2 2 1
6 9 4 1
5 4 4 3
0
3 10 0 6
1
2 5 4 9
10 5 8 2
2
9 7 10 4
9 9 9 7
4 3 9 3
0
10 7 5 10
1
10 2 10 7
8 6 1 3
2
0 0 4 8
3 6 0 3
5 7 10 1
2
1 3 10 0
5 0 8 0
1 10 2 6
1
7 10 0 0
1 9 2 0
0
7 5 1 5
2
5 5 6 0
2 2 5 4
0 10 10 1
1
1 8 9 5
9 5 5 0
2
0 7 9 4
3 7 4 9
8 8 4 10
1
9 1 0 6
3 9 6 5
0
4 3 2 7
2
3 6 10 2
8 3 9 0
8 6 4 4
2
2 4 6 8
3 6 4 8
7 9 5 5
1
4 8 1 2
8 5 1 4
2
7 10 2 8
2 7 10 0
10 3 9 9
1
9 0 4 8
2 0 5 8
1
3 9 2 3
0 10 5 8
2
4 3 9 10
3 9 7 10
1 9 0 1
2
5 10 9 5
1 7 2 4
10 9 7 5
2
6 10 0 5
1 1 7 0
6 5 8 6
0
4 7 4 8
2
8 7 10 6
7 7 7 1
5 7 5 2
2
0 7 9 6
9 1 8 9
5 0 8 4
2
8 10 3 9
8 3 1 10
6 3 1 4
1
3 4 3 1
5 10 6 3
2
5 8 5 8
9 3 4 4
8 5 9 10
2
6 1 6 4
4 2 0 3
9 8 2 6
0
10 6 3 3
1
1 9 8 9
4 6 4 3
1
3 1 4 6
4 3 0 2
1
8 10 2 4
1 8 8 7
1
10 8 0 5
7 10 2 6
0
3 0 0 0
1
2 6 8 9
0 5 3 8
2
8 0 7 4
1 8 9 10
10 1 2 3
1
10 7 6 8
10 3 10 3
2
7 10 10 1
9 5 4 7
8 7 4 7
1
6 6 3 7
3 2 6 3
0
10 0 0 6
0
10 8 7 4
0
3 2 9 10
0
2 2 1 1
1
7 7 4 7
4 0 0 10
0
0 5 9 7
0
2 1 7 7
1
7 0 4 2
10 2 10 5
0
4 4 0 8
2
5 7 0 4
5 7 2 1
2 2 1 3
2
6 6 7 5
8 4 6 4
2 2 10 7
0
5 5 3 1
0
0 6 8 2
0
0 6 7 3
2
8 0 1 7
3 10 4 10
1 9 9 10
0
10 6 1 4
2
2 0 2 4
3 5 0 2
4 5 3 6
0
4 2 4 8
2
10 6 8 7
9 8 4 8
9 3 7 2
2
0 9 3 0
10 2 1 7
2 8 2 2
2
5 9 10 10
3 7 9 6
2 10 2 9
0
7 5 9 5
1
5 6 2 4
6 3 2 7
2
0 3 3 3
5 8 8 4
7 0 2 2
1
3 5 9 9
1 6 8 9
1
6 2 2 5
7 0 6 6
0
2 10 5 9
1
7 9 3 8
1 0 4 1
1
0 0 3 5
1 5 6 1
2
2 3 0 3
1 1 6 9
5 6 5 0
0
3 6 7 4
0
7 2 3 8
0
2 4 5 8
2
9 1 6 2
2 2 1 0
2 10 10 2
2
1 4 2 2
9 7 10 5
4 7 5 3
2
5 1 0 1
7 1 2 4
0 0 3 4
2
9 0 9 4
6 0 9 7
6 4 1 4
1
8 1 6 3
10 7 3 1
2
4 7 3 3
7 10 6 1
5 6 10 2
1
4 6 10 10
