275
10 3
4 9
0 8
5 2
10000000000000000000000000000000000000000000000000000000000000000000000000000000000000000000000000 1
10000000000000000000000000000000000000000000000000000000000000000000000000000000000000000000000000 10000000000000000000000000000000000000000000000000000000000000000000000000000000000000000000000000
1 10000000000000000000000000000000000000000000000000000000000000000000000000000000000000000000000000
1 10000000000000000000000000000000000000000000000000000000000000000000000000000000000000000000000000
1 10000000000000000000000000000000000000000000000000000000000000000000000000000000000000000000000000
1 10000000000000000000000000000000000000000000000000000000000000000000000000000000000000000000000000
1 10000000000000000000000000000000000000000000000000000000000000000000000000000000000000000000000000
1 10000000000000000000000000000000000000000000000000000000000000000000000000000000000000000000000000
1 10000000000000000000000000000000000000000000000000000000000000000000000000000000000000000000000000
1 10000000000000000000000000000000000000000000000000000000000000000000000000000000000000000000000000
1 10000000000000000000000000000000000000000000000000000000000000000000000000000000000000000000000000
1 10000000000000000000000000000000000000000000000000000000000000000000000000000000000000000000000000
10 3
4 9
0 8
5 2
10000000000000000000000000000000000000000000000000000000000000000000000000000000000000000000000000 1
10000000000000000000000000000000000000000000000000000000000000000000000000000000000000000000000000 10000000000000000000000000000000000000000000000000000000000000000000000000000000000000000000000000
1 10000000000000000000000000000000000000000000000000000000000000000000000000000000000000000000000000
1 10000000000000000000000000000000000000000000000000000000000000000000000000000000000000000000000000
1 10000000000000000000000000000000000000000000000000000000000000000000000000000000000000000000000000
1 10000000000000000000000000000000000000000000000000000000000000000000000000000000000000000000000000
1 10000000000000000000000000000000000000000000000000000000000000000000000000000000000000000000000000
1 10000000000000000000000000000000000000000000000000000000000000000000000000000000000000000000000000
1 10000000000000000000000000000000000000000000000000000000000000000000000000000000000000000000000000
1 10000000000000000000000000000000000000000000000000000000000000000000000000000000000000000000000000
1 10000000000000000000000000000000000000000000000000000000000000000000000000000000000000000000000000
1 10000000000000000000000000000000000000000000000000000000000000000000000000000000000000000000000000
10 3
4 9
0 8
5 2
10000000000000000000000000000000000000000000000000000000000000000000000000000000000000000000000000 1
10000000000000000000000000000000000000000000000000000000000000000000000000000000000000000000000000 10000000000000000000000000000000000000000000000000000000000000000000000000000000000000000000000000
1 10000000000000000000000000000000000000000000000000000000000000000000000000000000000000000000000000
1 10000000000000000000000000000000000000000000000000000000000000000000000000000000000000000000000000
1 10000000000000000000000000000000000000000000000000000000000000000000000000000000000000000000000000
1 10000000000000000000000000000000000000000000000000000000000000000000000000000000000000000000000000
1 10000000000000000000000000000000000000000000000000000000000000000000000000000000000000000000000000
1 10000000000000000000000000000000000000000000000000000000000000000000000000000000000000000000000000
1 10000000000000000000000000000000000000000000000000000000000000000000000000000000000000000000000000
1 10000000000000000000000000000000000000000000000000000000000000000000000000000000000000000000000000
1 10000000000000000000000000000000000000000000000000000000000000000000000000000000000000000000000000
1 10000000000000000000000000000000000000000000000000000000000000000000000000000000000000000000000000
10 3
4 9
0 8
5 2
10000000000000000000000000000000000000000000000000000000000000000000000000000000000000000000000000 1
10000000000000000000000000000000000000000000000000000000000000000000000000000000000000000000000000 10000000000000000000000000000000000000000000000000000000000000000000000000000000000000000000000000
1 10000000000000000000000000000000000000000000000000000000000000000000000000000000000000000000000000
1 10000000000000000000000000000000000000000000000000000000000000000000000000000000000000000000000000
1 10000000000000000000000000000000000000000000000000000000000000000000000000000000000000000000000000
1 10000000000000000000000000000000000000000000000000000000000000000000000000000000000000000000000000
1 10000000000000000000000000000000000000000000000000000000000000000000000000000000000000000000000000
1 10000000000000000000000000000000000000000000000000000000000000000000000000000000000000000000000000
1 10000000000000000000000000000000000000000000000000000000000000000000000000000000000000000000000000
1 10000000000000000000000000000000000000000000000000000000000000000000000000000000000000000000000000
1 10000000000000000000000000000000000000000000000000000000000000000000000000000000000000000000000000
1 10000000000000000000000000000000000000000000000000000000000000000000000000000000000000000000000000
10 3
4 9
0 8
5 2
10000000000000000000000000000000000000000000000000000000000000000000000000000000000000000000000000 1
10000000000000000000000000000000000000000000000000000000000000000000000000000000000000000000000000 10000000000000000000000000000000000000000000000000000000000000000000000000000000000000000000000000
1 10000000000000000000000000000000000000000000000000000000000000000000000000000000000000000000000000
1 10000000000000000000000000000000000000000000000000000000000000000000000000000000000000000000000000
1 10000000000000000000000000000000000000000000000000000000000000000000000000000000000000000000000000
1 10000000000000000000000000000000000000000000000000000000000000000000000000000000000000000000000000
1 10000000000000000000000000000000000000000000000000000000000000000000000000000000000000000000000000
1 10000000000000000000000000000000000000000000000000000000000000000000000000000000000000000000000000
1 10000000000000000000000000000000000000000000000000000000000000000000000000000000000000000000000000
1 10000000000000000000000000000000000000000000000000000000000000000000000000000000000000000000000000
1 10000000000000000000000000000000000000000000000000000000000000000000000000000000000000000000000000
1 10000000000000000000000000000000000000000000000000000000000000000000000000000000000000000000000000
10 3
4 9
0 8
5 2
10000000000000000000000000000000000000000000000000000000000000000000000000000000000000000000000000 1
10000000000000000000000000000000000000000000000000000000000000000000000000000000000000000000000000 10000000000000000000000000000000000000000000000000000000000000000000000000000000000000000000000000
1 10000000000000000000000000000000000000000000000000000000000000000000000000000000000000000000000000
1 10000000000000000000000000000000000000000000000000000000000000000000000000000000000000000000000000
1 10000000000000000000000000000000000000000000000000000000000000000000000000000000000000000000000000
1 10000000000000000000000000000000000000000000000000000000000000000000000000000000000000000000000000
1 10000000000000000000000000000000000000000000000000000000000000000000000000000000000000000000000000
1 10000000000000000000000000000000000000000000000000000000000000000000000000000000000000000000000000
1 10000000000000000000000000000000000000000000000000000000000000000000000000000000000000000000000000
1 10000000000000000000000000000000000000000000000000000000000000000000000000000000000000000000000000
1 10000000000000000000000000000000000000000000000000000000000000000000000000000000000000000000000000
1 10000000000000000000000000000000000000000000000000000000000000000000000000000000000000000000000000
10 3
4 9
0 8
5 2
10000000000000000000000000000000000000000000000000000000000000000000000000000000000000000000000000 1
10000000000000000000000000000000000000000000000000000000000000000000000000000000000000000000000000 10000000000000000000000000000000000000000000000000000000000000000000000000000000000000000000000000
1 10000000000000000000000000000000000000000000000000000000000000000000000000000000000000000000000000
1 10000000000000000000000000000000000000000000000000000000000000000000000000000000000000000000000000
1 10000000000000000000000000000000000000000000000000000000000000000000000000000000000000000000000000
1 10000000000000000000000000000000000000000000000000000000000000000000000000000000000000000000000000
1 10000000000000000000000000000000000000000000000000000000000000000000000000000000000000000000000000
1 10000000000000000000000000000000000000000000000000000000000000000000000000000000000000000000000000
1 10000000000000000000000000000000000000000000000000000000000000000000000000000000000000000000000000
1 10000000000000000000000000000000000000000000000000000000000000000000000000000000000000000000000000
1 10000000000000000000000000000000000000000000000000000000000000000000000000000000000000000000000000
1 10000000000000000000000000000000000000000000000000000000000000000000000000000000000000000000000000
10 3
4 9
0 8
5 2
10000000000000000000000000000000000000000000000000000000000000000000000000000000000000000000000000 1
10000000000000000000000000000000000000000000000000000000000000000000000000000000000000000000000000 10000000000000000000000000000000000000000000000000000000000000000000000000000000000000000000000000
1 10000000000000000000000000000000000000000000000000000000000000000000000000000000000000000000000000
1 10000000000000000000000000000000000000000000000000000000000000000000000000000000000000000000000000
1 10000000000000000000000000000000000000000000000000000000000000000000000000000000000000000000000000
1 10000000000000000000000000000000000000000000000000000000000000000000000000000000000000000000000000
1 10000000000000000000000000000000000000000000000000000000000000000000000000000000000000000000000000
1 10000000000000000000000000000000000000000000000000000000000000000000000000000000000000000000000000
1 10000000000000000000000000000000000000000000000000000000000000000000000000000000000000000000000000
1 10000000000000000000000000000000000000000000000000000000000000000000000000000000000000000000000000
1 10000000000000000000000000000000000000000000000000000000000000000000000000000000000000000000000000
1 10000000000000000000000000000000000000000000000000000000000000000000000000000000000000000000000000
10 3
4 9
0 8
5 2
10000000000000000000000000000000000000000000000000000000000000000000000000000000000000000000000000 1
10000000000000000000000000000000000000000000000000000000000000000000000000000000000000000000000000 10000000000000000000000000000000000000000000000000000000000000000000000000000000000000000000000000
1 10000000000000000000000000000000000000000000000000000000000000000000000000000000000000000000000000
1 10000000000000000000000000000000000000000000000000000000000000000000000000000000000000000000000000
1 10000000000000000000000000000000000000000000000000000000000000000000000000000000000000000000000000
1 10000000000000000000000000000000000000000000000000000000000000000000000000000000000000000000000000
1 10000000000000000000000000000000000000000000000000000000000000000000000000000000000000000000000000
1 10000000000000000000000000000000000000000000000000000000000000000000000000000000000000000000000000
1 10000000000000000000000000000000000000000000000000000000000000000000000000000000000000000000000000
1 10000000000000000000000000000000000000000000000000000000000000000000000000000000000000000000000000
1 10000000000000000000000000000000000000000000000000000000000000000000000000000000000000000000000000
1 10000000000000000000000000000000000000000000000000000000000000000000000000000000000000000000000000
10 3
4 9
0 8
5 2
10000000000000000000000000000000000000000000000000000000000000000000000000000000000000000000000000 1
10000000000000000000000000000000000000000000000000000000000000000000000000000000000000000000000000 10000000000000000000000000000000000000000000000000000000000000000000000000000000000000000000000000
1 10000000000000000000000000000000000000000000000000000000000000000000000000000000000000000000000000
1 10000000000000000000000000000000000000000000000000000000000000000000000000000000000000000000000000
1 10000000000000000000000000000000000000000000000000000000000000000000000000000000000000000000000000
1 10000000000000000000000000000000000000000000000000000000000000000000000000000000000000000000000000
1 10000000000000000000000000000000000000000000000000000000000000000000000000000000000000000000000000
1 10000000000000000000000000000000000000000000000000000000000000000000000000000000000000000000000000
1 10000000000000000000000000000000000000000000000000000000000000000000000000000000000000000000000000
1 10000000000000000000000000000000000000000000000000000000000000000000000000000000000000000000000000
1 10000000000000000000000000000000000000000000000000000000000000000000000000000000000000000000000000
1 10000000000000000000000000000000000000000000000000000000000000000000000000000000000000000000000000
10 3
4 9
0 8
5 2
10000000000000000000000000000000000000000000000000000000000000000000000000000000000000000000000000 1
10000000000000000000000000000000000000000000000000000000000000000000000000000000000000000000000000 10000000000000000000000000000000000000000000000000000000000000000000000000000000000000000000000000
1 10000000000000000000000000000000000000000000000000000000000000000000000000000000000000000000000000
1 10000000000000000000000000000000000000000000000000000000000000000000000000000000000000000000000000
1 10000000000000000000000000000000000000000000000000000000000000000000000000000000000000000000000000
1 10000000000000000000000000000000000000000000000000000000000000000000000000000000000000000000000000
1 10000000000000000000000000000000000000000000000000000000000000000000000000000000000000000000000000
1 10000000000000000000000000000000000000000000000000000000000000000000000000000000000000000000000000
1 10000000000000000000000000000000000000000000000000000000000000000000000000000000000000000000000000
1 10000000000000000000000000000000000000000000000000000000000000000000000000000000000000000000000000
1 10000000000000000000000000000000000000000000000000000000000000000000000000000000000000000000000000
1 10000000000000000000000000000000000000000000000000000000000000000000000000000000000000000000000000
10 3
4 9
0 8
5 2
10000000000000000000000000000000000000000000000000000000000000000000000000000000000000000000000000 1
10000000000000000000000000000000000000000000000000000000000000000000000000000000000000000000000000 10000000000000000000000000000000000000000000000000000000000000000000000000000000000000000000000000
1 10000000000000000000000000000000000000000000000000000000000000000000000000000000000000000000000000
1 10000000000000000000000000000000000000000000000000000000000000000000000000000000000000000000000000
1 10000000000000000000000000000000000000000000000000000000000000000000000000000000000000000000000000
1 10000000000000000000000000000000000000000000000000000000000000000000000000000000000000000000000000
1 10000000000000000000000000000000000000000000000000000000000000000000000000000000000000000000000000
1 10000000000000000000000000000000000000000000000000000000000000000000000000000000000000000000000000
1 10000000000000000000000000000000000000000000000000000000000000000000000000000000000000000000000000
1 10000000000000000000000000000000000000000000000000000000000000000000000000000000000000000000000000
1 10000000000000000000000000000000000000000000000000000000000000000000000000000000000000000000000000
1 10000000000000000000000000000000000000000000000000000000000000000000000000000000000000000000000000
10 3
4 9
0 8
5 2
10000000000000000000000000000000000000000000000000000000000000000000000000000000000000000000000000 1
10000000000000000000000000000000000000000000000000000000000000000000000000000000000000000000000000 10000000000000000000000000000000000000000000000000000000000000000000000000000000000000000000000000
1 10000000000000000000000000000000000000000000000000000000000000000000000000000000000000000000000000
1 10000000000000000000000000000000000000000000000000000000000000000000000000000000000000000000000000
1 10000000000000000000000000000000000000000000000000000000000000000000000000000000000000000000000000
1 10000000000000000000000000000000000000000000000000000000000000000000000000000000000000000000000000
1 10000000000000000000000000000000000000000000000000000000000000000000000000000000000000000000000000
1 10000000000000000000000000000000000000000000000000000000000000000000000000000000000000000000000000
1 10000000000000000000000000000000000000000000000000000000000000000000000000000000000000000000000000
1 10000000000000000000000000000000000000000000000000000000000000000000000000000000000000000000000000
1 10000000000000000000000000000000000000000000000000000000000000000000000000000000000000000000000000
1 10000000000000000000000000000000000000000000000000000000000000000000000000000000000000000000000000
10 3
4 9
0 8
5 2
10000000000000000000000000000000000000000000000000000000000000000000000000000000000000000000000000 1
10000000000000000000000000000000000000000000000000000000000000000000000000000000000000000000000000 10000000000000000000000000000000000000000000000000000000000000000000000000000000000000000000000000
1 10000000000000000000000000000000000000000000000000000000000000000000000000000000000000000000000000
1 10000000000000000000000000000000000000000000000000000000000000000000000000000000000000000000000000
1 10000000000000000000000000000000000000000000000000000000000000000000000000000000000000000000000000
1 10000000000000000000000000000000000000000000000000000000000000000000000000000000000000000000000000
1 10000000000000000000000000000000000000000000000000000000000000000000000000000000000000000000000000
1 10000000000000000000000000000000000000000000000000000000000000000000000000000000000000000000000000
1 10000000000000000000000000000000000000000000000000000000000000000000000000000000000000000000000000
1 10000000000000000000000000000000000000000000000000000000000000000000000000000000000000000000000000
1 10000000000000000000000000000000000000000000000000000000000000000000000000000000000000000000000000
1 10000000000000000000000000000000000000000000000000000000000000000000000000000000000000000000000000
10 3
4 9
0 8
5 2
10000000000000000000000000000000000000000000000000000000000000000000000000000000000000000000000000 1
10000000000000000000000000000000000000000000000000000000000000000000000000000000000000000000000000 10000000000000000000000000000000000000000000000000000000000000000000000000000000000000000000000000
1 10000000000000000000000000000000000000000000000000000000000000000000000000000000000000000000000000
1 10000000000000000000000000000000000000000000000000000000000000000000000000000000000000000000000000
1 10000000000000000000000000000000000000000000000000000000000000000000000000000000000000000000000000
1 10000000000000000000000000000000000000000000000000000000000000000000000000000000000000000000000000
1 10000000000000000000000000000000000000000000000000000000000000000000000000000000000000000000000000
1 10000000000000000000000000000000000000000000000000000000000000000000000000000000000000000000000000
1 10000000000000000000000000000000000000000000000000000000000000000000000000000000000000000000000000
1 10000000000000000000000000000000000000000000000000000000000000000000000000000000000000000000000000
1 10000000000000000000000000000000000000000000000000000000000000000000000000000000000000000000000000
1 10000000000000000000000000000000000000000000000000000000000000000000000000000000000000000000000000
10 3
4 9
0 8
5 2
10000000000000000000000000000000000000000000000000000000000000000000000000000000000000000000000000 1
10000000000000000000000000000000000000000000000000000000000000000000000000000000000000000000000000 10000000000000000000000000000000000000000000000000000000000000000000000000000000000000000000000000
1 10000000000000000000000000000000000000000000000000000000000000000000000000000000000000000000000000
1 10000000000000000000000000000000000000000000000000000000000000000000000000000000000000000000000000
1 10000000000000000000000000000000000000000000000000000000000000000000000000000000000000000000000000
1 10000000000000000000000000000000000000000000000000000000000000000000000000000000000000000000000000
1 10000000000000000000000000000000000000000000000000000000000000000000000000000000000000000000000000
1 10000000000000000000000000000000000000000000000000000000000000000000000000000000000000000000000000
1 10000000000000000000000000000000000000000000000000000000000000000000000000000000000000000000000000
1 10000000000000000000000000000000000000000000000000000000000000000000000000000000000000000000000000
1 10000000000000000000000000000000000000000000000000000000000000000000000000000000000000000000000000
1 10000000000000000000000000000000000000000000000000000000000000000000000000000000000000000000000000
10 3
4 9
0 8
5 2
10000000000000000000000000000000000000000000000000000000000000000000000000000000000000000000000000 1
10000000000000000000000000000000000000000000000000000000000000000000000000000000000000000000000000 10000000000000000000000000000000000000000000000000000000000000000000000000000000000000000000000000
1 10000000000000000000000000000000000000000000000000000000000000000000000000000000000000000000000000
1 10000000000000000000000000000000000000000000000000000000000000000000000000000000000000000000000000
1 10000000000000000000000000000000000000000000000000000000000000000000000000000000000000000000000000
1 10000000000000000000000000000000000000000000000000000000000000000000000000000000000000000000000000
1 10000000000000000000000000000000000000000000000000000000000000000000000000000000000000000000000000
1 10000000000000000000000000000000000000000000000000000000000000000000000000000000000000000000000000
1 10000000000000000000000000000000000000000000000000000000000000000000000000000000000000000000000000
1 10000000000000000000000000000000000000000000000000000000000000000000000000000000000000000000000000
1 10000000000000000000000000000000000000000000000000000000000000000000000000000000000000000000000000
1 10000000000000000000000000000000000000000000000000000000000000000000000000000000000000000000000000
456465464654 61331635796513136548764345765
98798765416513214565494598 989684356465798432165498794651111111111111111111111116546544444684
65465465430987165746544654 6546846432121966666666666666666666664
