20 20
500
8.44 8.10
8.83 19.58
16.26 5.66
4.15 15.80
19.61 15.39
7.53 5.24
10.72 12.63
17.94 2.87
0.12 16.27
12.74 1.01
9.84 11.00
15.23 11.66
12.25 8.23
10.30 2.22
10.63 12.97
13.22 14.22
12.69 1.73
6.09 6.09
4.27 6.83
15.36 3.53
5.08 11.21
1.56 2.53
15.55 12.53
6.00 1.18
14.19 9.19
5.91 2.28
18.80 7.07
14.36 0.61
19.72 3.24
17.82 9.06
14.31 10.30
17.13 19.57
5.11 16.43
9.95 5.90
3.44 18.93
14.33 16.57
11.14 0.52
4.81 16.28
17.84 7.06
18.60 12.26
2.61 13.56
4.26 16.73
15.61 9.28
15.63 3.66
16.80 3.35
18.61 1.46
4.94 17.04
6.17 1.97
16.17 15.67
0.75 0.19
0.09 9.80
19.96 7.26
0.82 5.86
0.09 13.00
4.92 11.69
11.90 9.42
10.23 16.89
5.89 8.80
19.81 13.39
6.49 2.20
8.82 7.37
10.97 14.93
5.25 9.53
15.13 13.85
14.95 10.74
16.10 18.25
18.34 18.20
19.93 0.03
11.71 2.18
15.01 6.05
8.79 4.54
4.28 12.40
1.96 9.83
8.73 16.17
1.76 15.60
5.83 5.91
9.95 10.54
16.24 5.92
8.34 17.20
19.69 19.01
18.67 14.65
18.90 3.02
0.88 4.37
17.79 17.07
19.14 11.02
1.37 7.93
0.57 4.36
15.13 19.30
4.97 5.44
0.92 9.40
3.94 9.28
13.69 9.86
16.33 15.93
3.68 18.33
12.91 5.46
14.59 1.41
7.08 10.04
5.47 17.03
3.22 14.74
8.09 2.01
11.27 14.73
9.17 14.60
0.94 17.14
19.68 9.45
14.78 0.97
6.03 12.01
18.13 8.64
12.37 4.88
2.89 19.96
6.83 18.11
16.88 4.37
4.00 10.26
2.21 14.77
16.73 17.50
10.12 19.18
0.07 6.67
16.34 10.49
16.13 2.90
5.72 4.04
17.41 19.40
2.84 6.55
19.87 7.55
17.67 7.72
19.80 5.30
14.00 17.28
1.62 17.86
14.08 8.03
18.73 7.52
4.55 7.47
19.87 0.72
4.92 10.11
5.73 4.71
9.03 8.54
5.28 15.67
7.94 8.63
11.96 12.36
1.58 0.35
11.44 17.55
6.78 19.27
5.59 2.50
11.16 14.65
8.56 16.32
18.50 12.84
7.51 14.73
1.29 18.83
4.34 8.17
2.41 16.94
19.19 11.37
4.68 11.67
11.88 3.38
19.54 16.85
6.41 3.38
13.98 8.15
9.78 13.52
14.05 0.47
18.37 12.38
5.51 6.54
1.70 2.53
3.74 5.75
17.94 7.90
13.11 4.34
2.54 19.42
9.27 18.10
4.80 3.75
0.60 4.43
13.74 17.81
10.31 17.70
12.20 4.51
16.76 3.03
7.60 8.23
11.84 13.30
5.17 5.18
0.28 12.67
14.16 4.88
18.58 18.11
4.80 6.53
17.61 19.24
5.61 9.43
10.78 3.86
8.66 11.36
16.23 8.50
8.61 4.52
13.82 16.07
13.34 3.25
14.94 2.17
17.75 10.47
0.47 6.55
10.26 4.28
14.91 16.83
9.00 6.08
4.53 10.23
6.76 10.64
16.28 6.91
19.09 3.48
15.07 13.35
2.73 7.91
17.80 0.67
1.48 1.83
16.95 0.25
16.07 19.36
7.03 15.39
1.46 10.08
5.61 19.02
16.58 17.18
6.06 9.52
12.09 5.41
2.51 19.15
3.37 8.13
14.02 11.75
1.15 11.81
8.75 16.41
5.64 12.78
16.08 16.14
11.03 6.36
19.73 6.75
13.23 0.20
1.31 13.01
8.42 7.73
10.96 10.89
16.81 15.67
16.94 8.12
6.17 12.03
4.45 13.99
0.46 1.08
6.74 10.16
1.78 16.02
2.36 1.55
16.17 17.23
17.61 9.09
9.13 11.84
14.52 14.21
16.74 15.11
1.60 15.26
8.77 12.56
12.93 2.60
9.82 6.11
1.64 5.28
19.26 2.91
13.35 6.79
4.04 1.68
2.40 15.72
17.30 2.03
7.90 18.12
18.11 11.92
3.25 2.84
17.67 10.08
19.14 14.53
12.07 17.43
2.42 3.94
13.38 2.53
2.06 19.29
14.45 17.54
7.63 5.03
0.40 15.10
7.92 13.62
10.67 12.03
5.07 13.56
3.54 3.67
18.08 1.26
9.08 2.97
9.14 9.63
4.72 1.28
16.95 9.99
0.00 2.39
13.65 11.46
11.55 17.78
5.58 4.42
14.86 3.32
2.08 12.74
2.17 13.75
2.54 17.47
9.61 18.57
11.38 17.76
6.61 15.01
5.80 19.23
19.52 10.25
17.30 6.04
17.24 14.74
17.51 17.44
6.42 9.29
5.63 6.81
13.90 10.75
17.21 8.64
17.56 9.53
2.05 15.93
19.77 5.61
10.85 18.42
8.23 1.68
9.08 16.22
3.09 12.99
12.25 10.29
0.28 5.88
19.75 8.17
18.23 7.37
14.60 15.19
4.69 4.50
11.92 18.02
5.80 4.02
8.73 7.96
11.69 5.26
0.44 8.71
7.58 19.29
0.92 2.84
1.96 14.37
2.88 4.90
3.85 19.22
15.65 12.40
17.54 8.96
5.72 14.76
5.32 4.08
15.50 13.89
1.37 7.40
9.53 14.89
4.85 16.24
0.12 12.57
9.05 11.35
16.91 9.97
1.25 17.23
7.05 8.61
4.76 3.01
7.04 15.47
14.46 15.50
14.41 12.22
3.40 4.80
10.11 7.95
6.95 2.57
12.05 5.72
12.76 14.87
6.36 11.26
19.94 8.27
0.83 7.99
10.24 14.63
7.24 13.52
1.12 7.41
6.80 12.95
8.60 17.70
15.92 10.21
14.83 17.55
11.90 7.01
8.36 2.71
11.98 7.72
11.57 11.78
3.69 7.28
19.50 3.01
1.18 6.69
10.49 9.56
14.01 12.10
8.92 0.02
9.58 7.55
3.28 17.61
16.76 12.37
2.14 8.15
13.69 17.77
8.51 18.95
12.59 1.74
19.97 13.93
12.29 6.04
10.26 4.69
2.27 12.84
8.31 12.00
15.94 17.32
3.22 2.75
15.22 8.97
3.56 1.67
8.28 15.62
16.62 15.16
16.79 8.31
17.22 5.88
19.87 10.18
5.93 14.92
14.36 17.44
12.86 2.10
4.56 16.85
10.99 16.04
6.11 5.78
2.31 6.91
7.71 4.71
6.94 13.95
14.94 13.76
0.71 5.31
0.21 0.58
3.66 3.38
14.99 5.89
15.31 4.11
2.31 1.18
6.89 15.13
18.73 5.64
1.51 13.18
0.60 3.35
14.19 4.01
8.60 0.56
5.01 5.65
15.96 15.61
14.85 7.37
11.89 5.15
18.75 19.12
17.45 15.95
7.27 13.01
12.21 9.62
7.49 9.85
0.94 14.39
0.58 16.51
12.08 18.92
7.94 17.63
4.76 2.94
14.17 7.60
15.94 10.81
19.73 19.32
11.71 8.64
10.51 4.94
14.82 13.21
15.23 14.27
18.06 11.09
14.86 7.60
14.06 3.90
1.28 13.90
5.10 10.52
12.28 12.77
5.86 0.30
10.20 17.46
11.80 12.13
0.40 13.66
12.56 17.01
5.61 16.89
16.73 16.12
18.01 9.99
15.37 13.10
7.18 6.16
6.39 17.71
1.41 8.39
15.07 10.53
7.88 10.15
5.81 13.66
2.35 7.60
10.79 4.09
7.77 5.19
3.51 15.08
13.87 13.19
8.64 11.09
0.39 8.74
16.45 1.30
6.00 0.46
16.21 4.74
12.38 17.35
5.55 10.80
19.57 11.73
6.12 4.26
2.26 0.56
4.13 5.11
12.75 17.95
15.45 14.21
4.08 13.34
8.41 11.52
9.62 1.50
0.81 2.28
13.05 9.64
16.21 7.17
12.84 11.76
15.53 0.40
11.79 18.88
15.94 9.50
17.49 19.40
7.64 7.68
19.27 1.86
6.73 3.86
13.08 10.98
2.81 14.66
1.31 12.58
5.45 7.40
4.03 2.44
19.70 7.31
10.91 18.84
7.43 15.18
16.65 3.47
14.45 4.15
19.71 15.04
2.33 10.82
11.93 8.91
9.79 10.67
0.40 8.56
2.84 1.47
11.47 16.04
4.55 7.76
9.71 7.94
3.81 13.34
0.62 0.55
12.51 19.89
3.04 5.67
15.92 0.18
14.75 9.59
7.40 13.67
6.55 14.74
9.09 5.05
18.48 1.79
14.22 19.89
9.53 9.96
17.19 10.95
18.51 19.34
10.67 12.81
16.19 13.23
35.00
20 20
500
9.42 17.05
11.10 0.34
2.16 8.62
18.00 4.02
4.97 4.32
15.41 13.23
12.73 4.52
16.81 13.80
16.30 18.25
0.67 18.25
12.18 1.45
16.92 0.57
19.43 17.24
17.52 0.97
7.18 17.16
14.88 4.38
0.64 17.11
19.17 3.29
11.06 12.59
6.74 7.88
0.69 17.42
11.04 3.96
16.65 1.30
7.52 8.64
10.69 10.97
7.57 1.54
14.54 5.00
8.20 9.48
8.01 15.09
7.61 11.46
5.06 15.08
7.63 7.29
12.52 14.66
5.76 3.45
1.34 3.36
19.37 8.21
0.96 2.51
19.87 7.67
15.20 18.03
14.10 9.92
3.46 12.72
17.59 10.29
16.67 1.36
17.91 19.47
4.62 10.29
6.00 15.38
5.95 1.74
9.61 5.57
11.65 5.18
4.84 4.28
12.82 5.66
8.58 6.55
17.78 2.19
11.55 17.94
1.10 16.57
18.15 4.00
5.78 0.35
7.55 15.34
8.39 11.44
14.22 13.73
13.00 11.01
7.70 3.33
9.39 2.36
9.08 14.32
10.23 7.01
6.19 16.88
1.66 18.90
13.99 15.50
4.92 15.74
14.46 10.32
11.19 0.20
9.54 4.76
19.97 7.30
10.98 17.37
1.44 15.81
14.32 3.50
19.74 10.34
0.36 14.49
2.53 0.14
16.31 16.87
10.90 4.68
7.59 1.28
19.74 16.85
6.48 18.57
19.92 19.87
17.12 16.62
10.01 2.57
11.62 15.49
10.77 5.84
9.60 3.95
0.87 1.80
14.93 0.32
5.38 9.93
1.42 5.23
11.93 1.59
17.88 1.79
16.40 2.18
14.00 4.11
9.97 3.51
15.37 13.22
15.02 18.17
17.34 9.14
3.57 18.43
8.73 10.16
14.39 3.22
0.23 9.45
7.80 9.66
2.08 1.81
12.28 16.51
8.41 4.33
3.82 15.06
3.88 16.21
14.94 14.21
6.70 2.81
2.29 9.19
13.09 2.86
4.00 0.11
11.29 4.72
13.94 9.25
15.93 7.66
16.25 19.02
4.01 13.71
5.16 12.99
17.32 15.61
2.17 15.96
17.42 14.57
7.05 12.56
6.66 6.39
18.28 17.12
7.87 14.51
8.09 8.77
13.05 6.23
4.78 15.62
18.00 6.99
9.45 11.23
0.81 14.60
13.86 4.61
2.01 9.16
1.23 18.99
15.32 18.16
17.64 3.88
3.12 5.40
8.64 0.03
19.46 19.75
13.15 6.22
1.21 8.62
15.20 6.86
11.18 3.15
7.73 2.02
17.17 11.32
13.43 2.68
6.87 2.17
16.27 2.86
9.36 4.09
12.80 1.77
3.54 1.25
0.88 16.36
1.38 2.41
11.28 7.24
14.81 1.23
3.71 5.59
2.75 10.09
18.66 18.51
17.80 15.96
7.57 8.35
11.46 9.96
19.60 0.14
17.45 4.00
14.54 8.06
5.38 2.62
14.69 16.87
6.53 14.55
10.48 5.40
0.36 15.43
7.76 5.79
7.00 7.02
9.36 1.65
5.59 9.34
12.78 8.59
12.69 11.89
16.19 17.89
18.38 14.58
13.57 15.44
0.48 6.94
2.16 15.32
12.94 11.11
6.42 11.78
15.19 13.07
3.68 8.43
9.53 3.87
19.34 11.23
13.42 1.14
4.17 5.77
2.26 12.17
9.12 17.88
0.51 2.98
13.15 16.00
0.47 7.35
17.80 10.01
8.53 6.53
0.01 1.31
15.09 4.95
15.86 9.71
12.50 4.85
1.75 5.65
7.65 6.76
6.26 1.88
3.15 19.47
19.16 14.88
16.02 10.01
19.57 4.72
1.88 19.25
14.64 13.76
5.85 3.33
7.97 15.70
13.16 6.13
4.29 5.02
0.80 15.94
16.46 13.48
17.48 3.89
14.26 19.38
10.89 5.28
5.55 6.84
19.63 2.65
18.06 7.77
9.62 18.90
6.04 10.53
14.98 11.88
7.95 12.51
7.09 7.71
12.15 4.98
3.66 13.30
13.50 12.94
8.19 8.59
2.48 5.95
4.09 6.84
14.00 16.57
16.93 2.56
8.89 7.90
3.35 15.06
9.96 13.83
18.10 2.01
3.09 17.17
16.90 1.59
0.55 13.57
10.85 5.16
3.64 16.86
4.22 16.35
6.27 6.21
16.94 10.39
7.66 19.48
8.32 9.67
2.07 18.13
4.11 6.34
9.64 11.59
4.49 11.16
1.61 19.15
1.74 10.59
15.15 0.81
2.94 6.82
12.16 16.98
10.78 4.54
18.36 5.57
4.20 14.66
0.97 9.67
9.42 2.06
19.28 2.27
17.17 11.39
12.80 3.99
7.42 9.35
3.48 2.50
12.80 4.62
0.26 14.74
12.81 4.98
3.46 1.37
4.90 3.07
13.95 8.44
4.16 6.57
14.36 5.27
12.82 16.26
13.85 5.64
11.21 15.92
13.49 18.05
12.14 1.70
15.54 17.08
5.40 5.65
7.77 8.88
15.07 4.62
5.44 5.51
13.32 11.72
17.28 15.38
17.94 3.94
19.92 12.49
2.64 8.63
6.35 11.41
0.02 13.63
4.04 3.19
4.13 12.53
12.22 12.80
8.90 10.35
15.85 13.19
11.56 13.73
18.79 7.50
9.80 12.75
17.24 8.41
6.48 8.50
13.59 16.86
8.97 6.62
1.50 11.23
1.02 15.02
12.22 5.82
14.49 14.17
3.59 13.75
17.06 13.50
2.25 11.61
12.15 6.63
7.83 16.63
12.00 13.17
8.11 5.63
15.71 2.45
13.93 16.87
3.33 16.21
11.47 2.05
14.89 18.45
8.32 13.44
2.38 5.99
7.58 0.81
8.57 12.28
18.57 16.18
9.11 0.79
11.01 6.08
14.95 4.62
7.44 9.37
16.66 0.11
16.72 1.34
3.71 7.12
9.40 18.39
6.17 19.10
12.42 17.16
13.30 13.91
8.87 11.04
12.51 6.17
14.56 3.59
1.39 7.76
12.63 10.57
1.64 0.32
8.39 19.59
4.06 19.83
4.93 1.49
9.38 19.21
2.30 14.50
0.61 16.36
15.65 18.54
9.83 8.09
12.42 18.92
0.33 6.27
16.27 17.28
4.79 15.35
10.69 10.56
7.89 18.87
0.90 1.05
5.36 7.77
9.96 5.88
16.53 19.49
10.49 13.77
16.74 1.98
18.48 4.97
14.61 18.71
14.47 0.52
18.56 17.13
8.19 14.94
19.58 11.37
2.25 13.11
17.72 17.05
16.41 9.63
16.09 13.66
6.15 16.69
16.00 18.00
12.74 15.13
16.37 1.20
10.98 1.06
14.83 10.90
9.21 15.00
11.70 6.37
16.27 13.79
10.93 11.45
9.67 5.91
2.94 4.89
8.68 6.93
1.84 17.33
15.32 13.07
13.58 18.65
18.30 6.64
3.36 14.04
2.00 13.52
2.56 14.40
7.60 1.28
5.46 16.83
14.17 1.64
8.01 11.17
6.90 17.86
12.19 15.57
1.94 15.18
14.89 17.21
11.16 7.12
15.68 9.20
1.37 6.14
11.55 19.19
11.20 5.38
0.38 2.41
8.54 15.89
0.13 5.52
15.24 8.21
11.20 2.79
12.53 16.46
7.06 4.20
4.72 7.35
1.72 6.76
16.85 8.23
18.58 2.13
12.58 0.85
19.42 4.87
11.06 5.22
12.86 7.31
0.19 2.25
4.42 5.21
13.05 18.04
10.26 8.49
5.20 18.14
13.45 5.04
8.70 14.02
11.50 0.42
10.00 6.64
11.25 19.90
6.40 0.43
13.45 15.50
7.56 19.74
15.11 19.39
7.65 3.65
8.26 18.07
7.57 8.93
5.03 8.04
18.83 12.67
7.47 3.80
1.04 2.72
18.40 17.57
11.97 3.35
9.43 12.93
9.10 18.31
16.80 8.04
12.25 17.22
7.50 12.75
3.77 19.82
1.35 4.18
17.34 18.17
10.93 1.01
18.21 17.15
8.42 14.23
4.70 18.64
6.22 13.53
3.07 16.89
10.12 3.28
10.56 17.09
15.69 12.48
9.35 12.90
15.05 19.76
10.67 6.69
8.93 8.86
8.22 14.49
4.07 10.79
3.27 1.78
15.93 11.39
15.64 10.96
2.43 0.54
9.47 0.09
0.63 12.03
4.83 8.40
9.08 19.81
1.68 4.88
16.86 14.37
16.71 18.01
19.54 10.64
13.38 3.07
15.17 7.55
18.68 9.65
11.43 14.21
18.68 10.98
4.48 14.74
16.24 0.80
18.69 15.09
14.46 16.67
9.02 17.21
6.84 16.53
9.41 1.50
5.46 13.73
7.95 7.00
17.56 8.53
3.98 2.58
13.11 3.56
1.69 14.56
34.00
20 20
500
15.88 10.46
16.80 3.52
5.88 14.25
14.35 7.57
10.65 9.49
8.36 11.79
6.85 19.81
2.44 5.59
19.08 15.36
12.36 4.28
10.29 6.96
16.83 15.78
13.28 15.97
6.05 0.97
9.41 10.80
12.60 1.97
15.98 10.57
18.56 3.48
13.37 9.54
9.69 0.95
7.13 1.89
18.17 11.15
15.56 6.17
7.39 15.17
14.18 13.04
0.17 19.48
3.68 14.31
5.06 18.21
17.52 13.87
4.43 15.39
11.79 13.33
15.24 5.64
16.59 7.80
6.62 10.97
18.41 15.14
0.79 7.31
12.03 8.69
6.62 11.02
5.95 12.04
11.06 10.62
17.04 7.25
1.20 14.12
4.41 8.21
10.28 7.97
9.98 9.46
16.97 7.08
2.90 6.81
7.09 1.02
13.07 7.33
1.91 14.23
6.33 3.17
7.16 10.75
12.54 18.80
13.23 1.12
15.56 0.88
16.79 11.56
2.35 16.66
14.55 1.86
0.31 17.77
17.52 5.93
6.52 4.05
6.48 10.58
2.97 10.66
7.87 2.23
18.50 16.94
10.51 4.80
2.22 6.38
18.68 1.26
6.16 7.55
8.52 9.64
13.35 2.98
3.82 19.54
1.60 18.11
11.68 5.18
11.60 14.90
19.06 10.74
8.49 8.18
17.55 17.90
10.34 8.99
4.84 16.79
14.56 2.61
10.55 19.41
16.68 19.95
1.09 3.69
13.26 11.40
0.36 7.01
14.02 16.98
14.96 8.90
0.42 3.72
14.81 6.93
3.52 2.74
11.28 1.73
11.60 6.84
2.93 16.58
1.79 18.24
13.91 6.06
18.77 4.73
6.24 7.74
4.78 9.19
2.90 17.73
8.79 9.20
3.73 10.53
17.64 7.21
14.73 14.37
16.21 5.91
10.15 3.00
9.05 2.75
14.99 6.43
17.30 14.65
12.40 11.51
5.80 6.73
1.20 11.90
19.82 12.26
9.60 8.27
8.34 16.62
9.47 9.66
4.50 2.53
3.99 2.05
13.59 7.33
17.18 3.95
11.20 11.81
6.60 19.69
2.01 1.92
1.83 17.58
19.36 1.79
6.11 14.99
8.86 0.49
16.53 15.08
3.10 13.44
14.74 8.83
9.76 11.24
6.20 15.57
19.07 14.48
8.91 13.03
9.61 14.80
6.04 13.66
4.61 3.16
4.35 6.82
1.57 5.26
19.16 2.79
8.55 12.19
11.55 10.81
15.83 10.27
6.38 5.25
18.03 17.51
7.31 11.98
3.47 14.36
17.11 12.84
11.05 11.51
19.05 16.47
2.32 2.98
6.65 0.08
15.47 8.99
10.67 18.01
12.97 12.73
10.95 16.25
0.57 14.03
5.63 15.76
15.07 7.40
4.36 15.88
13.42 3.27
3.28 5.82
5.23 12.37
14.51 8.65
18.34 2.78
4.63 12.36
6.09 8.42
10.76 4.54
19.19 11.59
16.27 14.61
19.63 3.67
2.96 13.88
10.15 13.71
15.53 0.01
11.76 3.00
6.22 7.09
1.83 17.99
5.09 1.46
14.85 6.26
10.47 10.76
12.21 14.25
19.71 17.26
8.69 6.29
10.15 3.36
11.57 17.13
12.78 7.99
18.12 0.14
18.52 19.53
1.48 3.08
10.61 12.89
2.13 4.26
12.07 4.79
7.81 11.13
15.18 4.68
19.27 13.71
16.37 12.14
19.05 12.85
5.92 12.22
4.68 14.60
9.72 10.40
8.79 8.43
13.93 14.27
9.12 9.01
18.19 17.81
16.39 0.06
10.76 8.59
7.58 2.40
13.64 19.11
10.86 17.49
0.43 1.03
2.45 17.58
8.69 18.53
2.05 7.20
2.41 18.50
6.27 19.11
5.16 14.47
5.21 19.98
7.92 11.07
16.68 8.60
11.87 13.16
15.38 19.12
18.25 9.52
14.18 13.33
10.91 0.50
2.38 16.11
4.64 1.58
0.84 8.33
12.39 7.98
18.43 10.07
14.57 11.31
1.49 13.64
16.08 10.48
8.47 1.22
19.71 8.19
9.19 10.67
4.97 18.02
11.28 17.21
6.22 12.78
5.52 7.38
3.66 4.86
14.53 11.03
17.18 19.57
17.02 13.37
7.32 6.13
9.45 0.18
1.12 2.06
11.14 4.92
16.74 19.39
9.70 1.60
13.44 0.35
14.72 1.48
12.58 12.00
8.45 19.00
15.24 19.86
14.99 8.21
14.92 1.11
16.74 10.66
16.76 19.21
15.76 9.16
15.40 7.39
15.56 16.97
12.95 13.48
12.44 17.52
16.24 1.76
9.86 6.84
15.81 9.37
11.22 12.73
17.53 2.23
9.89 17.41
5.07 8.79
15.94 18.57
14.43 18.52
13.20 12.11
14.57 14.74
18.90 14.54
14.06 18.77
10.96 10.39
2.45 14.12
0.35 0.25
15.74 0.87
10.48 16.73
14.70 10.93
18.85 15.54
4.67 11.62
11.88 10.19
13.53 14.81
7.69 14.68
2.79 11.68
3.36 11.79
3.77 10.61
3.79 11.19
14.73 12.19
17.20 14.03
12.15 16.08
3.59 11.04
2.78 13.28
18.37 15.60
13.66 14.65
14.34 5.92
3.36 16.45
9.14 8.97
9.59 8.68
0.29 10.19
8.39 4.00
4.77 19.79
6.60 15.53
11.95 16.06
6.37 14.68
14.88 0.87
17.32 10.81
7.76 7.77
12.79 8.51
17.42 9.84
19.14 5.30
8.00 18.39
7.14 3.61
15.25 2.27
0.70 4.20
0.61 8.90
13.88 8.62
19.43 19.74
11.44 5.11
14.76 19.32
16.82 3.01
5.68 16.21
1.89 10.09
8.82 16.38
2.18 12.74
10.88 19.83
8.88 6.04
7.41 18.14
6.25 17.71
6.59 1.08
1.04 13.74
6.32 4.80
12.60 19.96
5.76 3.95
17.30 5.72
16.14 3.42
18.59 6.40
14.21 2.74
9.29 12.64
16.27 0.78
18.08 16.01
16.82 7.80
14.78 16.97
11.53 12.51
10.32 9.52
4.17 17.66
1.52 12.66
4.73 13.78
14.02 5.17
14.98 4.17
12.43 2.61
11.63 8.91
0.24 16.15
14.11 16.78
9.34 2.89
11.62 10.64
9.23 5.79
16.50 3.80
8.19 18.40
12.85 9.31
11.83 14.21
19.68 19.01
16.42 3.20
4.74 14.30
14.18 14.96
3.04 2.65
3.16 1.75
10.61 5.43
15.24 7.69
17.11 7.91
15.75 0.61
0.76 13.02
18.11 14.17
12.60 1.15
13.75 4.65
14.78 3.75
5.86 1.58
19.34 16.87
13.45 19.38
16.52 17.00
14.65 10.72
13.43 18.57
16.15 4.61
3.06 9.16
16.12 8.74
12.25 14.77
14.52 19.87
15.29 19.69
15.94 0.28
10.19 11.04
19.22 5.97
6.28 10.39
9.32 14.53
10.87 11.52
16.14 16.29
11.87 5.84
9.45 8.51
1.05 15.42
16.12 16.74
19.22 8.39
14.81 3.26
10.25 9.02
0.85 19.41
15.85 9.84
15.20 4.30
4.25 17.41
14.30 14.26
15.01 6.96
1.67 5.47
7.24 17.19
18.23 16.79
5.42 9.51
16.43 4.74
5.31 3.96
7.65 19.84
6.08 4.20
6.53 5.97
15.89 3.74
7.19 10.83
19.53 18.31
14.81 3.81
7.90 9.84
2.18 18.22
8.97 0.40
14.62 2.49
0.46 19.24
12.36 14.20
16.96 8.61
4.27 13.72
6.54 14.51
3.43 3.17
15.74 4.01
17.52 12.67
8.28 1.38
5.86 14.01
9.86 11.99
18.12 7.98
2.01 4.01
13.67 13.13
4.33 0.84
15.12 14.96
0.46 4.60
18.98 4.55
1.58 17.39
6.15 2.96
4.40 6.89
6.37 3.12
0.61 13.24
1.42 16.14
14.54 18.33
8.40 6.27
1.98 17.65
15.79 4.73
6.61 10.55
14.24 16.32
4.75 2.57
6.65 2.07
8.23 2.66
16.59 6.31
9.04 2.65
16.78 10.87
12.53 13.81
18.68 13.87
10.60 3.23
10.80 17.24
19.20 4.07
6.97 1.61
2.24 7.42
0.56 14.33
2.49 12.26
6.33 2.49
18.81 7.76
6.39 9.05
16.70 2.64
7.84 2.70
19.83 18.98
16.95 19.66
18.51 0.03
15.96 17.08
17.47 4.02
14.25 2.09
16.38 0.76
9.28 11.78
12.95 7.44
14.81 6.09
15.98 1.69
2.48 14.04
14.92 5.17
18.03 17.38
10.23 8.87
11.71 18.86
16.81 12.67
12.28 9.35
14.95 10.84
7.67 10.23
19.19 12.61
1.81 19.82
33.00
20 20
500
15.77 19.47
15.19 13.19
0.55 14.20
11.83 10.14
10.15 10.62
1.47 3.49
10.08 4.01
1.35 17.77
19.43 4.47
6.39 4.81
5.26 4.82
19.15 1.51
16.28 18.65
14.12 6.56
16.06 17.67
2.49 12.80
5.14 16.05
13.87 14.44
15.27 6.09
18.71 8.80
10.35 0.92
17.65 17.71
10.94 8.17
3.78 3.61
1.44 5.97
17.19 8.36
14.87 0.02
19.30 17.46
16.34 19.61
19.26 0.31
16.18 3.38
1.06 12.98
5.67 16.47
10.38 17.76
1.15 16.11
8.23 9.37
13.51 6.46
19.45 8.56
13.64 17.96
16.86 7.33
8.54 5.69
8.91 3.33
2.90 14.86
14.58 7.72
12.77 17.84
12.50 0.35
4.75 2.64
8.17 0.49
7.05 0.66
0.85 7.43
0.24 0.44
11.84 10.81
8.03 13.54
11.44 4.50
6.76 15.45
14.40 2.45
14.30 5.05
13.28 3.55
14.31 9.11
19.75 11.47
2.06 9.16
12.34 2.76
9.51 4.24
14.14 10.84
3.95 16.42
9.04 15.04
15.41 14.32
6.24 5.02
9.63 7.16
8.26 3.50
8.88 14.42
11.63 11.69
7.24 13.88
5.98 16.91
19.10 12.68
18.43 8.37
2.04 6.54
9.93 0.11
9.23 14.62
10.00 18.44
9.43 13.90
5.48 15.47
15.36 18.51
11.71 11.96
7.02 17.42
15.88 19.90
12.16 14.12
5.39 5.97
11.69 18.89
5.64 10.35
7.48 18.35
7.54 19.53
1.43 0.39
19.37 9.35
18.23 15.75
2.75 1.50
1.57 11.93
14.28 6.91
7.39 8.49
10.27 1.34
11.08 7.72
3.87 7.99
3.83 8.36
4.06 11.34
7.67 4.27
1.61 15.05
12.88 7.74
15.62 8.48
9.26 2.01
8.32 2.25
11.62 8.55
7.40 0.00
16.03 12.37
5.88 7.67
9.50 16.07
18.02 7.86
2.76 17.08
13.91 2.56
13.82 11.14
8.48 11.80
6.99 16.64
16.83 3.80
19.20 13.40
13.39 1.78
8.11 5.47
6.09 19.37
8.44 14.38
9.90 14.55
4.26 10.85
16.04 2.87
15.83 9.32
3.25 0.84
11.54 2.89
1.45 6.63
3.42 16.13
11.84 16.63
18.55 8.64
5.80 18.92
12.29 2.82
17.48 5.26
12.69 1.51
7.70 12.54
17.92 8.03
15.19 3.82
11.27 3.10
11.66 8.03
3.16 2.26
15.79 7.65
10.10 2.18
11.05 1.78
9.60 3.82
6.85 14.68
4.39 8.90
0.47 4.01
2.54 4.20
1.05 5.03
17.61 3.62
12.23 16.38
15.22 11.91
19.51 10.84
3.61 17.07
19.03 6.41
19.88 13.21
12.06 17.08
0.90 4.90
19.52 17.75
1.33 16.52
10.13 19.41
17.56 18.95
17.67 7.59
6.83 15.13
5.12 0.35
19.78 6.15
7.40 18.12
2.73 0.97
10.69 15.54
18.59 4.11
7.09 17.27
11.29 12.74
12.36 14.08
1.82 13.95
4.05 19.35
6.66 4.47
15.36 18.07
18.33 1.63
13.84 12.88
12.06 18.40
3.11 18.72
16.08 18.79
4.33 0.44
18.02 17.94
2.17 15.23
9.79 17.59
0.03 18.72
0.24 12.19
2.76 18.27
11.27 8.82
14.57 3.18
1.70 17.90
7.47 13.10
5.44 4.25
18.60 16.09
11.48 16.98
8.78 0.05
7.91 2.90
2.61 4.50
9.08 12.87
1.10 12.25
18.99 2.53
13.56 11.90
15.42 0.66
9.29 6.18
10.66 5.25
9.91 2.21
5.61 15.95
14.64 5.24
16.10 17.89
2.24 0.64
11.72 8.75
17.67 4.17
15.76 11.23
11.65 7.66
7.85 6.31
0.30 7.69
3.44 18.73
6.58 4.81
7.19 14.80
19.17 11.86
0.89 14.76
9.54 7.21
4.93 9.91
13.80 8.21
12.40 17.01
17.60 13.02
1.43 11.64
15.57 4.34
13.41 3.45
6.10 8.04
3.05 2.15
12.60 7.30
5.88 19.21
5.36 3.13
11.20 3.57
6.53 1.25
10.25 19.93
8.70 6.02
17.33 16.19
19.31 5.59
16.25 15.27
11.74 17.53
15.32 15.71
6.46 3.47
0.25 16.29
0.31 2.68
9.53 10.78
5.42 13.17
8.47 10.14
2.72 13.56
12.74 6.97
4.57 8.09
9.72 8.12
4.26 11.50
19.17 4.25
18.70 8.51
2.07 4.45
9.28 19.76
11.31 11.05
4.28 16.21
7.07 19.45
19.62 2.49
14.30 6.46
11.19 5.56
19.63 3.21
12.13 12.05
17.50 10.54
18.46 11.08
5.04 16.45
12.80 9.34
9.34 5.88
4.13 18.70
17.32 13.97
10.66 16.33
6.58 10.73
15.58 10.22
14.46 14.95
5.44 7.06
7.75 5.27
2.17 2.80
15.79 14.39
1.67 11.45
16.34 9.73
16.81 0.02
1.50 19.20
3.69 10.30
5.99 4.99
0.00 14.76
11.83 13.78
14.02 5.67
17.51 13.45
15.82 1.63
12.37 10.92
19.75 12.85
6.79 18.63
11.88 0.33
5.91 15.02
11.68 6.41
13.42 0.75
3.74 2.38
2.25 3.87
5.50 4.21
0.29 9.12
15.27 13.81
18.46 6.08
1.03 4.08
19.65 4.21
10.70 10.74
11.92 8.77
4.51 2.24
17.61 16.44
5.90 5.94
4.80 11.70
3.91 3.32
12.07 12.88
19.29 7.46
3.47 3.83
11.35 8.97
6.01 2.92
7.48 19.52
10.28 11.14
4.61 4.89
10.55 19.52
16.01 10.06
9.63 8.23
11.82 10.25
4.44 6.25
5.40 2.09
8.15 12.36
8.92 8.96
10.94 15.22
4.55 19.87
19.36 8.65
1.40 0.72
3.19 7.93
15.36 9.25
6.54 19.44
1.54 8.21
10.28 4.39
19.44 0.51
3.85 16.28
15.91 1.64
16.78 13.10
0.91 8.83
12.61 10.27
9.50 1.86
12.04 18.65
5.95 12.33
0.35 1.15
12.81 3.10
1.62 1.43
0.94 11.15
15.26 3.23
13.55 9.09
11.65 8.11
19.77 4.42
2.21 3.83
7.98 6.32
9.69 19.38
18.96 6.20
10.22 6.55
11.78 9.56
12.56 1.07
8.02 4.64
8.96 11.88
10.17 19.48
8.92 12.69
17.03 12.17
2.67 0.25
5.45 16.34
5.65 14.50
4.95 10.81
11.66 8.70
3.08 18.11
6.68 3.88
6.61 10.16
6.47 17.35
0.09 16.31
15.50 16.84
4.39 2.54
16.04 10.96
15.57 10.30
4.24 8.48
2.52 18.69
17.74 10.27
6.48 9.58
9.17 10.63
7.95 0.75
9.43 6.81
8.41 15.97
19.70 9.96
7.67 16.93
3.77 0.63
16.57 12.25
17.91 0.23
0.73 19.78
12.30 7.36
15.37 3.88
12.04 8.11
13.83 5.75
5.20 7.02
14.09 12.88
16.68 3.69
17.96 9.24
3.53 6.68
13.94 16.30
18.89 18.78
9.62 13.62
14.95 1.23
13.80 7.51
9.18 8.49
6.92 5.79
9.97 14.73
13.21 7.06
15.01 18.48
10.82 18.47
1.71 6.34
2.46 1.63
17.65 10.81
4.99 4.79
17.50 18.95
14.54 9.40
1.68 15.31
16.96 16.55
6.10 18.86
1.76 5.49
3.07 0.39
17.55 15.67
4.07 10.23
19.84 9.31
6.58 6.41
3.87 12.31
15.42 8.24
13.63 14.26
3.79 7.53
18.93 9.88
10.71 15.25
11.76 11.89
3.38 17.35
2.25 0.26
14.51 4.21
7.08 2.29
2.90 6.76
10.34 5.20
19.08 12.02
5.87 14.49
3.81 7.63
6.12 10.44
15.25 13.88
4.92 3.60
18.78 9.02
18.16 9.10
10.46 6.56
0.83 9.19
1.49 18.30
18.05 1.82
2.37 10.08
12.60 18.48
17.33 0.00
17.57 4.09
19.41 12.10
8.89 13.22
9.60 10.94
4.34 11.64
2.21 5.22
16.07 0.01
4.80 17.69
14.97 0.21
10.65 12.14
19.09 11.44
8.34 4.74
3.67 6.90
6.71 11.87
6.43 3.03
8.90 19.24
5.67 11.79
7.08 5.81
14.66 18.78
1.07 3.65
18.61 8.44
2.06 7.08
4.80 1.45
6.72 2.52
8.27 4.77
13.44 17.23
15.63 15.23
14.52 10.65
11.31 13.41
2.88 2.75
9.46 2.62
8.69 2.59
11.77 7.38
38.00
20 20
500
6.99 12.40
14.28 5.26
10.34 3.28
5.81 12.99
2.55 15.87
12.87 4.12
10.39 16.34
4.92 14.09
15.14 2.31
14.68 18.86
6.73 17.68
1.89 2.46
9.55 10.32
12.81 16.34
17.89 11.29
19.35 15.78
6.40 4.34
5.61 16.62
8.39 19.45
14.47 11.09
6.04 17.04
13.74 16.40
14.64 17.40
14.56 15.54
2.99 13.93
12.97 5.12
16.74 9.52
17.13 12.17
5.01 12.37
15.00 16.06
14.84 11.41
6.84 10.71
11.35 18.67
17.42 17.77
16.67 5.46
0.45 10.91
2.98 4.33
11.64 8.92
14.79 13.45
9.15 8.04
7.36 14.35
4.87 6.61
2.73 1.23
17.39 8.30
4.17 0.64
6.37 12.93
14.90 1.26
18.44 9.41
2.47 14.36
4.49 4.72
9.84 13.57
1.95 10.49
3.29 3.89
13.17 4.25
4.62 7.34
16.34 10.95
12.73 5.22
11.19 11.34
18.69 3.44
18.24 2.65
7.09 12.44
16.04 2.02
9.63 8.25
3.58 15.43
11.58 0.45
15.28 17.69
6.08 0.83
11.78 9.36
2.47 19.81
8.11 7.44
18.59 18.21
1.91 11.03
2.87 4.92
0.58 18.29
12.16 17.00
3.40 2.34
18.78 12.22
6.14 0.64
1.59 11.03
17.64 4.85
13.36 7.78
7.63 12.09
15.57 14.71
5.94 9.78
16.28 3.54
4.39 6.66
2.38 3.16
16.77 6.58
16.59 6.98
12.14 6.21
16.27 11.46
7.97 5.28
18.08 17.59
4.25 0.23
6.93 7.34
18.71 16.45
7.65 16.54
3.65 11.08
0.98 13.36
14.53 8.56
8.83 3.51
19.11 10.21
0.81 6.39
5.64 11.78
3.09 5.10
6.87 14.08
2.35 15.15
15.32 18.91
1.88 5.82
3.17 14.52
1.64 1.79
10.38 14.03
5.94 8.42
4.94 1.62
8.38 2.15
2.21 12.67
14.89 1.51
18.92 15.03
15.58 6.45
0.81 6.38
7.96 7.73
15.91 1.60
8.21 6.17
16.53 4.27
5.19 3.94
7.52 16.44
19.06 8.15
6.55 10.78
4.68 19.51
15.51 12.42
5.68 9.70
15.77 17.52
12.88 4.73
18.82 5.86
17.31 12.09
8.98 10.21
9.77 17.27
11.45 1.03
12.62 1.06
15.43 18.04
11.61 8.93
16.54 7.85
7.62 19.28
18.47 7.02
4.95 12.95
13.29 6.97
11.65 9.81
15.47 8.57
3.21 19.32
11.92 14.33
14.66 10.23
3.76 18.17
6.34 18.18
12.32 3.78
14.48 6.90
17.24 11.22
10.45 19.53
8.15 18.07
4.96 15.53
1.82 11.26
5.47 14.36
1.17 4.68
8.65 12.92
7.51 2.02
10.96 15.69
15.32 3.56
6.34 10.75
0.83 3.78
9.81 13.93
9.03 15.81
1.81 16.22
4.40 13.91
14.49 15.75
8.22 14.83
1.25 14.46
3.03 19.33
3.23 1.51
1.15 10.84
13.50 9.20
0.71 17.69
11.61 13.71
13.32 10.43
10.76 13.65
10.45 2.39
18.91 9.72
13.48 15.34
6.62 18.51
19.72 6.78
8.46 2.28
4.86 0.09
1.60 15.73
0.32 9.01
13.24 8.44
17.91 6.90
18.48 5.92
14.44 0.14
5.65 17.03
19.20 8.00
16.70 15.81
5.98 10.19
15.15 7.20
11.25 14.04
13.41 6.07
12.02 3.21
10.91 7.08
8.76 11.36
5.66 5.56
4.88 13.90
17.49 2.46
8.40 12.27
11.69 11.53
7.04 10.92
16.27 14.31
7.74 3.69
9.80 9.61
12.81 14.15
12.76 2.39
18.59 1.70
15.75 4.70
16.92 13.26
14.27 2.27
5.05 5.89
19.44 10.72
6.28 11.90
10.67 0.20
2.30 17.47
2.61 2.59
16.05 8.60
2.66 8.41
18.64 13.44
6.09 14.70
8.58 5.91
5.48 16.33
7.35 18.41
8.98 0.10
13.93 18.73
8.03 19.17
15.83 5.18
12.43 8.87
4.40 7.13
1.91 3.89
4.59 4.46
15.34 1.13
8.46 15.83
11.37 6.53
18.74 8.19
13.37 16.21
14.76 19.64
18.96 17.43
7.78 8.89
11.62 3.62
7.35 14.75
8.14 11.71
10.90 17.11
6.00 1.77
13.52 19.11
4.39 5.93
8.59 19.03
18.37 0.60
14.03 7.17
16.50 12.43
4.53 19.18
3.75 2.51
9.15 4.72
1.51 12.48
11.67 15.84
4.49 5.50
13.87 9.93
2.35 19.11
15.38 3.09
7.95 4.95
9.45 17.75
11.04 17.29
5.85 8.58
12.10 14.63
6.65 7.18
9.72 9.11
13.24 15.24
11.23 13.38
10.37 2.61
10.53 18.59
17.63 17.49
1.57 9.05
17.66 12.57
1.57 17.03
4.44 11.63
17.84 11.36
12.61 1.51
18.17 4.87
2.95 6.56
2.08 10.81
7.35 0.63
7.91 11.51
0.50 11.28
7.11 18.05
18.11 8.99
0.64 19.35
7.74 0.65
13.79 11.29
11.26 14.06
16.70 5.75
7.27 4.55
14.14 2.37
6.75 5.30
11.61 12.81
8.42 18.91
1.53 19.13
0.71 8.30
7.61 5.80
3.71 10.17
7.41 1.36
11.85 5.21
12.37 3.11
8.06 10.78
9.64 9.92
10.55 6.33
0.62 4.20
19.79 16.49
3.13 1.86
6.60 18.64
14.71 12.14
19.15 17.71
2.77 7.97
18.23 10.57
19.69 7.35
18.58 15.23
5.45 9.92
8.44 16.39
18.16 14.44
8.94 18.56
11.96 10.68
6.70 9.04
10.83 9.27
4.25 16.92
7.32 17.07
1.01 15.27
15.20 19.93
6.97 16.77
12.89 4.79
0.83 1.53
18.58 6.79
6.16 1.73
1.12 3.11
3.80 18.12
11.78 5.83
12.26 7.97
6.02 12.81
11.98 13.61
18.35 11.63
10.73 9.01
18.87 2.44
18.34 18.19
2.21 17.59
9.12 10.34
9.04 15.88
17.14 3.35
17.19 8.14
3.41 19.49
8.03 9.42
10.14 5.55
13.27 2.90
0.84 9.68
15.05 16.39
18.80 10.20
17.87 5.08
16.98 7.02
19.48 5.24
13.17 2.35
10.30 9.76
5.23 16.39
11.72 18.79
10.17 9.54
6.39 0.31
12.51 9.00
17.69 11.89
4.86 14.30
2.45 16.76
12.12 1.60
2.07 1.81
6.75 1.29
2.91 10.98
6.17 13.59
14.39 8.34
10.79 17.68
17.98 2.66
6.67 4.32
15.29 5.13
1.15 7.89
19.06 12.16
9.05 4.09
14.05 16.05
17.03 9.60
19.60 7.48
9.87 4.31
8.39 18.05
9.60 12.87
6.20 19.05
0.77 14.06
17.15 10.16
17.05 1.40
9.74 4.91
19.10 15.09
6.48 6.34
4.88 7.60
12.61 10.11
12.08 3.75
4.54 3.20
10.85 3.58
1.23 1.74
17.86 17.14
4.21 19.19
12.02 16.24
5.24 2.45
0.53 10.72
8.42 14.17
4.94 10.13
2.42 2.26
10.49 10.12
9.03 0.66
0.88 14.91
6.92 3.53
11.16 1.14
19.01 3.49
2.69 3.00
0.11 15.74
11.28 2.77
5.78 4.41
15.18 8.94
14.99 19.84
5.42 19.86
14.00 11.92
5.77 14.63
3.39 19.75
6.81 9.81
0.73 5.71
17.76 0.25
6.25 12.54
3.26 7.17
16.89 12.89
3.15 9.91
18.56 10.00
1.19 2.14
18.02 0.56
12.09 1.03
16.29 16.05
18.64 17.21
4.42 15.63
0.77 11.64
0.21 14.29
8.08 13.09
13.88 6.83
19.13 1.81
14.85 12.44
7.54 19.74
6.66 13.28
7.29 8.77
18.82 11.86
2.97 5.79
0.42 15.33
16.09 18.15
9.00 4.52
12.71 7.22
18.70 9.10
14.56 19.51
14.60 7.11
2.18 18.44
17.39 1.65
16.23 7.29
14.81 7.14
9.65 8.97
2.46 14.93
17.11 13.27
11.46 10.84
14.52 15.25
7.66 12.60
2.36 7.13
15.45 7.51
18.64 19.59
15.76 15.63
10.17 0.57
0.32 1.73
12.84 11.10
16.16 9.40
13.13 19.60
17.95 4.70
11.76 6.05
13.02 14.54
4.34 19.25
13.62 17.67
5.62 7.35
1.65 9.20
1.60 10.05
10.45 14.43
13.41 16.89
5.82 8.26
7.93 5.70
17.78 12.48
12.21 15.64
16.75 13.70
1.52 9.79
30.00
20 20
500
6.74 6.89
0.34 17.25
18.65 4.65
10.62 16.63
5.50 13.85
4.77 12.35
9.33 14.36
10.72 0.21
15.35 19.72
7.11 13.67
9.16 2.48
4.15 15.34
17.33 14.27
6.63 13.04
6.67 4.65
0.27 15.11
0.39 16.02
9.42 3.22
3.50 8.36
13.45 4.84
1.28 2.83
4.52 13.94
19.80 12.57
1.49 4.04
13.84 4.31
9.20 2.01
12.29 18.13
7.66 9.44
4.93 11.09
8.84 13.15
0.08 2.39
11.63 5.84
7.38 16.34
9.24 4.94
3.46 8.89
4.85 1.68
8.58 10.32
2.74 9.72
15.87 8.94
19.07 0.16
6.79 15.66
9.50 13.42
5.29 19.89
18.22 13.73
4.74 5.24
12.44 13.76
3.81 15.06
15.89 6.94
16.94 17.84
6.57 2.75
15.64 4.96
7.77 12.99
0.55 6.78
16.42 6.31
5.54 5.64
4.22 19.07
19.43 9.01
12.11 11.51
16.04 3.07
5.70 15.80
10.19 7.88
9.08 10.36
11.26 17.03
10.20 0.02
4.95 15.83
5.72 2.05
2.33 4.91
10.79 4.07
4.31 1.26
14.92 8.02
3.51 7.05
6.03 4.66
8.34 0.89
5.35 0.44
13.36 15.88
6.71 17.96
9.21 18.08
19.34 8.44
5.45 2.92
10.17 16.31
12.72 8.66
0.56 12.13
4.59 16.64
7.91 7.28
8.77 4.47
0.79 14.07
8.37 19.36
0.47 14.72
8.75 17.79
8.83 18.73
7.54 11.72
5.24 19.66
4.40 19.23
17.80 1.21
5.79 17.49
18.65 17.99
18.39 15.15
2.06 7.32
19.86 14.53
17.10 10.18
3.39 10.56
10.20 8.16
3.21 0.04
18.75 8.57
12.21 13.56
8.72 14.53
18.21 11.53
7.68 11.28
2.97 13.89
7.67 1.50
8.47 11.45
17.02 15.39
0.36 14.08
13.33 13.10
3.39 17.09
2.35 5.26
10.21 6.73
18.80 2.80
14.42 19.89
8.93 5.79
11.55 5.80
15.32 16.89
17.51 14.39
4.14 14.35
18.98 1.01
3.40 7.80
5.17 13.34
2.50 0.37
1.48 14.38
5.97 8.50
15.21 8.93
7.44 12.40
18.24 0.75
1.95 5.02
10.85 0.02
12.14 14.31
5.36 17.69
2.72 8.35
8.07 12.41
18.12 2.95
19.27 15.22
1.60 18.62
14.75 15.95
16.23 0.30
13.83 1.65
6.39 15.39
5.39 10.27
2.95 12.21
11.00 1.06
10.56 7.47
17.55 13.24
3.93 4.74
14.70 8.91
9.65 12.65
8.46 15.06
9.45 16.00
2.74 8.84
7.08 3.04
8.87 7.70
14.71 11.57
2.99 19.07
5.08 15.48
6.90 7.57
10.14 3.54
15.23 2.47
1.53 4.61
2.22 13.02
7.40 11.61
7.28 16.34
4.24 16.76
19.56 13.06
5.84 12.85
19.21 5.34
2.93 19.90
15.43 4.26
2.89 19.81
13.56 14.87
7.24 11.00
19.96 6.38
7.84 3.78
7.82 10.16
6.31 18.19
19.38 9.68
12.61 4.60
1.70 0.07
13.99 3.44
11.69 10.14
12.59 15.87
6.54 2.00
7.09 1.45
4.07 16.47
15.12 11.47
15.34 18.50
14.83 17.59
18.60 15.89
11.36 7.39
13.92 18.47
3.59 2.57
15.70 8.48
6.73 6.07
2.74 16.24
3.37 2.70
12.57 8.95
3.55 11.74
19.39 8.42
18.91 12.41
4.23 15.93
8.65 17.10
7.16 11.32
18.76 7.80
0.50 19.27
6.86 13.21
1.80 7.03
3.38 10.23
6.42 15.02
2.82 4.98
9.30 7.08
5.98 17.45
2.13 10.29
15.19 8.65
19.38 8.17
5.40 16.36
7.25 17.91
10.30 18.99
19.51 4.10
16.47 15.50
0.35 9.49
15.61 13.29
2.27 13.43
5.90 4.04
6.88 2.56
13.79 15.69
5.87 13.29
9.17 17.06
5.37 6.19
8.31 7.77
4.43 4.05
16.23 4.64
15.65 14.76
19.62 9.79
17.35 13.55
19.41 16.07
19.74 9.12
8.49 15.48
3.84 18.56
10.97 16.07
9.89 11.21
5.69 7.30
12.94 16.80
8.04 15.57
5.27 14.61
4.69 2.71
12.98 19.58
19.16 10.31
0.10 0.19
6.74 4.03
6.34 11.59
8.06 12.42
17.49 7.57
6.27 19.09
12.51 9.20
8.83 9.95
2.77 15.48
5.37 9.47
7.48 4.63
18.54 19.90
8.04 3.93
6.23 11.09
2.29 16.17
5.27 18.27
8.65 17.52
2.61 4.68
5.62 15.69
1.27 11.20
7.38 17.87
7.10 8.41
15.02 15.69
10.56 17.04
10.80 4.50
2.55 2.94
9.02 18.56
11.33 7.88
9.28 12.73
0.80 16.76
17.04 16.11
2.37 3.89
7.64 7.71
5.75 8.26
9.60 13.35
8.42 0.96
12.18 16.14
13.35 19.08
14.27 7.99
5.64 7.55
5.46 1.70
2.10 19.95
15.14 11.08
11.87 1.77
8.42 13.26
0.93 7.10
3.84 12.27
2.48 3.97
11.14 4.78
11.67 4.92
15.88 16.31
14.88 2.63
1.74 0.43
12.76 5.73
15.66 12.77
6.12 7.77
10.52 18.05
8.13 11.09
9.37 18.91
19.88 3.22
16.26 13.97
19.15 6.43
18.32 19.62
7.73 5.39
8.48 7.54
9.06 9.33
13.94 10.64
5.32 14.60
18.36 16.43
8.51 15.79
6.90 7.85
13.10 9.30
16.36 5.54
13.21 9.80
1.59 1.30
12.04 15.51
7.81 11.83
15.22 9.52
8.17 8.64
5.74 10.27
19.90 19.25
3.24 8.90
12.29 14.47
18.61 13.36
12.56 2.65
17.01 16.73
0.67 18.40
10.99 12.26
19.43 19.82
16.55 8.67
6.78 17.43
5.62 15.57
13.49 0.32
16.69 10.50
5.71 12.11
13.70 17.52
14.67 0.60
4.88 0.82
6.77 7.66
2.65 19.14
13.69 17.74
17.39 7.53
6.42 3.37
9.61 18.53
5.08 1.27
10.07 7.82
17.51 7.40
13.25 15.06
7.04 4.18
13.47 13.03
19.47 11.07
4.56 6.55
17.41 2.50
17.08 16.55
14.88 5.55
12.22 15.02
19.69 7.68
10.16 16.66
5.39 3.25
7.20 18.00
11.10 14.38
1.93 0.00
0.15 17.21
2.60 2.06
13.88 6.31
17.25 9.39
17.03 14.68
17.09 18.74
15.87 16.85
8.96 0.91
1.09 12.58
14.63 11.80
8.54 13.38
17.84 3.85
12.09 5.90
4.76 11.99
9.32 6.31
8.35 9.80
13.99 9.54
17.25 11.11
1.62 17.63
10.42 5.38
6.25 8.98
10.10 8.36
19.70 18.10
6.13 16.53
1.81 0.04
9.83 6.00
14.99 9.93
6.21 9.36
8.50 13.96
13.47 6.13
2.04 5.04
7.13 14.71
3.34 19.83
4.54 10.54
2.41 6.62
10.84 0.62
1.19 5.67
17.00 4.10
1.38 16.09
11.66 6.43
6.65 8.82
13.75 6.37
1.51 1.37
10.28 14.79
16.76 13.34
15.75 19.87
9.10 11.85
1.02 17.28
14.69 3.34
19.53 5.50
8.93 5.42
5.87 7.82
1.03 3.60
19.11 8.96
4.12 17.82
2.28 2.39
14.13 4.44
3.61 9.17
1.30 8.92
14.19 15.91
16.88 9.92
13.88 7.67
18.11 7.14
5.98 14.05
15.28 1.00
5.46 10.60
17.76 5.45
12.78 5.73
15.86 6.14
10.11 6.78
16.09 14.50
7.69 19.70
17.61 9.37
0.97 5.53
14.12 15.42
0.21 8.96
0.37 12.22
12.11 10.15
18.75 13.94
15.46 2.88
2.29 18.04
5.51 7.32
4.62 11.72
5.27 11.69
8.89 0.79
10.50 12.06
8.96 18.22
7.25 14.70
17.49 14.06
9.52 17.84
1.97 15.85
5.68 13.38
10.93 18.58
15.92 13.70
18.58 8.67
19.02 19.19
18.03 16.70
15.30 3.88
2.03 5.67
19.45 6.34
11.74 10.14
12.93 16.13
12.28 19.02
19.77 4.12
19.66 4.59
18.17 16.71
14.31 3.67
1.73 15.06
0.54 5.02
12.38 0.98
18.22 18.23
11.25 4.70
4.57 0.53
10.79 2.13
13.53 16.64
2.06 16.51
14.23 12.88
17.13 2.89
5.44 13.43
11.29 7.22
7.71 19.53
10.55 17.11
8.17 18.23
10.81 15.87
35.00
20 20
500
3.15 7.01
14.27 16.50
6.56 6.06
5.63 17.31
13.69 5.01
2.31 13.01
17.37 11.52
1.62 9.04
19.79 6.60
14.53 1.63
17.59 18.48
0.20 15.53
15.65 2.03
12.80 5.45
10.68 0.73
11.44 12.82
7.93 12.52
15.33 5.09
2.33 6.63
11.91 5.17
9.44 6.35
19.68 12.54
10.97 19.15
18.39 10.68
17.59 19.52
0.84 1.99
6.29 14.16
2.36 14.91
15.73 10.88
14.52 11.70
13.13 16.48
16.81 9.24
8.01 14.75
16.79 12.36
0.95 15.56
1.12 16.79
13.81 13.39
14.89 2.78
2.53 19.37
17.34 10.35
6.43 3.42
6.72 12.52
4.76 7.95
11.52 4.34
9.00 10.33
15.00 19.96
16.44 17.92
8.12 14.44
17.98 9.10
19.41 10.44
16.17 15.19
3.58 4.87
0.02 1.28
5.54 0.26
6.84 16.10
3.81 5.50
7.00 0.88
12.53 2.19
14.27 5.39
9.97 13.19
16.42 16.34
18.15 12.27
17.68 4.11
15.60 5.34
4.81 0.31
18.00 14.52
7.18 11.56
9.80 17.34
9.44 14.16
10.34 11.83
4.46 7.44
12.70 15.35
4.34 4.03
10.63 3.05
8.37 17.84
3.37 5.49
11.86 13.43
19.81 6.70
13.28 11.64
7.94 19.96
11.31 11.81
6.48 10.96
12.65 2.61
15.71 19.57
7.32 3.86
19.58 15.86
9.57 12.40
0.45 18.04
4.43 18.85
3.80 9.13
17.73 6.78
19.73 13.87
6.35 14.63
9.61 18.57
11.35 5.67
17.36 12.16
16.62 17.58
16.82 15.08
18.48 7.22
9.18 11.76
4.31 15.52
13.71 6.55
3.00 10.80
15.22 12.82
16.79 4.27
5.05 1.22
8.66 9.12
15.97 19.69
16.34 11.91
0.45 13.06
1.57 17.64
13.89 6.76
11.50 2.39
6.01 7.20
10.20 9.28
2.49 14.27
7.29 7.12
2.47 4.69
8.11 18.41
7.99 10.92
19.30 15.30
9.62 0.61
5.98 10.82
18.72 6.39
4.22 0.35
13.93 2.94
1.74 3.81
18.44 14.72
4.85 18.97
16.94 12.67
0.30 13.97
9.80 14.43
9.05 9.42
11.00 13.53
16.07 11.78
1.44 11.48
7.51 7.18
4.84 8.63
4.07 9.16
13.30 16.43
16.45 11.73
14.63 18.70
4.06 8.17
16.51 18.74
14.32 10.99
8.72 17.05
5.48 11.79
9.66 0.23
16.17 2.38
6.11 7.48
3.74 8.54
5.57 1.76
9.85 2.66
5.21 4.70
13.38 18.12
0.56 10.59
18.61 18.66
1.13 5.64
5.65 0.89
5.43 1.32
6.01 2.31
4.59 18.71
0.25 2.14
16.40 18.53
17.67 12.71
6.36 14.02
0.79 6.39
3.36 18.82
14.00 16.18
0.14 16.33
3.60 4.79
7.76 17.54
10.58 12.68
11.55 7.62
6.61 4.90
8.82 1.33
1.89 0.44
19.51 2.11
11.03 5.21
0.96 1.71
3.31 2.12
12.26 3.09
10.38 9.19
2.87 11.68
5.41 17.44
2.30 19.35
7.46 15.38
14.39 15.61
9.02 3.08
1.41 0.02
18.27 16.93
9.81 19.87
2.79 17.43
6.28 1.35
5.78 1.34
11.84 13.78
14.67 19.42
5.77 9.44
12.09 12.42
4.43 13.03
17.67 6.67
11.05 11.97
3.19 4.56
14.72 13.32
18.41 16.19
9.25 13.62
10.53 1.57
11.05 12.64
9.41 4.12
13.87 12.18
8.90 14.33
16.06 6.21
15.27 13.23
9.35 14.48
2.50 18.06
4.05 5.87
8.62 11.02
17.92 4.42
7.66 5.40
8.56 7.54
12.69 4.62
2.37 8.43
7.96 7.93
6.47 2.88
8.64 7.74
12.47 0.14
13.42 9.73
18.02 18.48
2.55 6.82
16.50 6.13
9.77 15.87
19.15 12.66
8.89 10.68
9.44 14.56
0.39 10.04
16.99 2.49
9.60 7.77
19.08 8.88
11.87 4.24
11.82 1.37
4.87 9.92
3.69 19.34
18.95 8.04
18.51 8.90
0.29 10.19
4.67 11.33
7.61 12.58
16.64 2.16
4.37 12.48
18.95 18.77
10.90 5.25
3.53 0.61
9.76 6.68
10.16 0.63
8.19 11.18
10.92 16.78
16.04 16.03
7.10 8.78
13.11 4.50
18.80 3.75
2.49 14.62
10.91 14.89
1.05 18.55
19.14 15.51
11.44 14.08
6.94 1.11
14.66 10.23
3.94 9.52
5.87 8.92
11.82 4.29
3.20 2.71
13.35 1.70
3.89 11.79
2.40 10.47
19.43 9.33
17.76 2.48
17.41 5.79
16.99 13.61
1.97 13.15
10.33 3.70
19.71 9.58
17.11 15.83
17.19 1.19
9.11 2.07
18.14 5.88
13.59 3.45
8.75 15.72
5.80 19.16
13.01 15.74
5.27 7.04
19.46 17.84
7.43 2.78
18.17 10.17
17.28 5.68
17.88 14.84
5.81 16.28
1.84 17.08
18.16 15.72
16.17 14.86
0.57 17.23
11.57 9.42
19.85 9.56
2.46 18.04
16.48 16.34
9.66 16.25
15.89 17.84
8.37 17.63
8.38 6.59
1.82 2.19
5.07 14.92
12.08 16.47
1.60 1.77
9.47 18.22
2.19 12.95
8.27 7.44
0.64 14.08
9.50 1.60
5.15 3.38
14.36 16.05
12.21 13.36
11.26 7.68
4.00 12.46
8.89 2.99
15.81 19.80
11.87 13.13
4.50 12.45
11.24 0.08
11.81 14.27
6.57 4.67
3.39 10.25
18.19 7.27
2.55 0.41
2.07 6.66
17.87 8.94
17.81 5.21
0.63 11.40
1.14 2.78
4.16 17.48
4.39 5.33
15.80 9.53
12.55 18.65
8.59 2.88
7.37 4.93
19.94 3.35
15.09 6.85
12.62 0.01
15.04 1.82
8.16 6.47
1.17 19.38
3.47 9.50
6.30 15.87
0.30 13.38
7.42 19.94
10.34 7.39
15.18 9.69
14.44 12.94
1.59 17.70
14.48 10.73
6.27 15.41
13.54 11.54
15.16 1.70
17.43 1.45
10.25 2.80
10.60 6.47
4.69 8.89
16.69 9.97
10.76 13.56
19.08 5.60
11.99 17.83
3.63 14.63
4.21 16.96
19.11 6.68
19.59 4.61
3.29 12.00
11.27 5.61
9.69 19.67
3.19 10.73
18.97 3.84
3.96 17.24
13.92 13.43
2.47 6.67
1.56 3.79
13.08 17.16
5.54 9.08
19.97 14.79
8.60 8.10
19.45 1.66
0.46 19.19
5.15 10.15
19.41 6.21
9.87 7.29
1.36 2.86
0.00 13.96
14.48 10.40
9.70 2.15
14.57 5.02
17.43 3.84
18.28 4.52
2.47 10.20
18.34 0.93
10.35 19.15
4.47 8.88
9.77 16.36
9.07 14.84
4.81 18.47
2.15 3.74
15.67 8.50
18.93 19.07
9.87 7.94
14.92 2.42
12.49 7.83
2.82 13.82
11.74 14.72
9.13 10.99
1.10 10.82
18.54 10.70
9.02 16.74
9.24 11.61
8.09 13.23
5.50 14.38
14.62 5.58
7.84 9.47
8.05 3.18
4.41 15.03
19.71 18.83
19.29 14.68
6.81 6.67
5.77 8.38
14.83 19.47
2.29 5.78
16.54 0.71
18.62 16.50
6.50 18.81
3.91 4.39
17.94 9.97
5.87 11.96
12.01 17.15
18.80 9.47
4.01 12.54
2.47 3.26
2.84 8.19
5.89 13.42
15.61 4.21
1.50 7.17
16.30 7.29
0.46 17.50
17.94 8.27
1.37 17.75
14.73 10.19
17.04 0.94
15.23 14.86
12.82 7.59
9.92 3.03
15.76 17.41
14.31 12.75
14.62 6.16
15.96 15.66
1.30 9.05
1.80 11.60
15.96 12.98
2.60 14.68
0.46 8.72
0.83 3.27
19.72 7.95
3.97 2.57
15.23 15.07
12.31 4.03
10.77 14.52
10.60 4.84
4.06 9.95
6.23 19.36
17.45 7.32
11.76 9.71
15.21 9.89
7.48 17.73
6.07 10.42
18.65 9.83
18.66 5.72
19.11 11.41
4.80 16.50
19.83 13.54
18.72 5.19
15.06 6.85
5.08 18.15
7.78 15.18
2.47 11.20
13.85 16.76
1.45 9.56
17.76 10.06
16.45 19.64
0.28 1.62
5.30 0.37
2.30 7.69
12.57 18.50
15.43 18.72
19.43 0.26
2.62 9.70
14.94 12.85
5.19 16.91
4.27 5.26
31.00
20 20
500
9.65 8.25
13.78 6.19
14.07 3.81
4.32 0.78
12.72 0.40
9.56 17.77
14.78 5.19
17.69 0.23
2.03 3.87
5.44 19.87
4.62 13.33
15.61 18.91
8.27 13.25
6.47 9.07
3.85 2.33
11.04 12.82
5.22 16.85
15.59 9.92
5.16 19.04
4.45 19.71
9.99 7.30
5.81 16.63
19.49 12.01
19.66 7.32
2.48 10.47
4.17 1.63
1.62 4.34
9.33 6.88
5.99 14.28
1.49 8.63
12.31 12.80
11.09 18.91
14.83 5.52
5.98 16.96
5.67 10.66
1.59 14.94
2.53 16.96
5.81 8.75
18.30 17.41
6.51 12.81
15.15 6.74
2.79 8.80
6.63 0.38
16.50 3.36
7.30 11.10
16.77 18.80
17.53 11.22
2.00 16.68
15.00 5.17
12.27 5.26
6.31 13.22
11.60 1.30
11.75 4.67
9.47 0.28
4.96 2.02
19.85 14.30
14.19 6.41
4.83 3.32
18.74 16.76
11.52 14.00
13.47 16.38
0.15 0.42
12.32 16.80
18.82 8.58
2.11 3.17
1.26 9.89
17.95 5.02
3.23 14.19
1.40 18.19
4.12 17.34
7.91 11.77
19.78 4.04
2.88 14.69
17.45 10.67
15.63 2.15
8.60 19.23
14.69 5.72
13.87 15.40
18.33 18.12
8.95 6.44
0.79 7.49
19.74 13.35
8.78 18.79
11.27 19.71
17.34 14.29
9.88 11.15
4.62 1.17
18.58 13.22
5.31 1.16
16.06 13.26
11.00 18.31
6.42 17.87
1.59 0.84
2.52 15.54
18.64 0.67
16.36 3.13
0.73 14.83
19.19 8.62
12.55 3.79
16.99 8.85
15.75 1.94
7.86 3.31
10.11 7.25
13.20 9.73
16.88 1.09
16.37 5.37
16.95 10.48
16.59 2.55
5.99 1.00
12.78 18.34
17.12 18.70
15.50 10.31
12.30 13.74
5.53 1.36
15.49 15.45
18.52 0.83
17.45 2.37
18.52 13.75
0.23 2.20
11.31 4.64
6.01 5.81
5.52 12.02
11.76 2.32
16.58 11.79
9.50 16.65
18.43 8.09
11.67 7.88
13.25 3.46
10.67 3.08
13.65 5.02
9.32 11.08
17.38 1.38
17.10 16.50
3.97 3.43
2.29 3.68
7.55 18.07
10.11 14.13
15.64 8.45
0.16 18.17
1.18 0.12
8.81 12.80
17.63 18.07
3.12 8.61
7.94 9.48
3.18 10.66
12.66 4.88
11.47 17.44
6.22 13.84
0.07 14.71
0.25 13.86
4.48 10.54
10.88 0.78
12.80 18.25
2.49 9.27
2.40 14.37
18.96 0.62
4.22 14.24
14.74 3.00
7.51 4.94
0.31 10.42
16.79 9.53
15.98 11.73
12.36 12.94
9.37 17.22
11.60 19.03
15.77 5.59
13.86 0.78
15.61 8.40
5.14 9.72
2.33 1.88
6.88 10.16
2.21 8.98
17.14 8.86
18.82 9.40
14.65 13.17
1.04 11.53
11.80 0.76
3.96 4.85
18.99 11.77
15.58 14.72
7.80 2.42
17.97 14.03
14.85 4.12
0.65 6.73
10.19 19.04
16.76 16.10
14.70 2.21
8.00 3.48
2.14 6.99
8.09 2.93
8.80 0.27
11.34 12.63
3.40 4.31
3.28 8.69
13.39 2.23
3.64 11.47
7.02 2.89
12.74 10.20
19.19 19.09
16.15 7.37
7.32 16.15
4.44 8.92
10.35 5.56
1.39 13.20
1.77 0.28
2.93 4.55
19.01 10.33
13.03 15.80
10.53 2.12
9.42 2.43
16.33 2.95
9.96 5.06
5.77 8.68
11.39 8.42
2.88 15.86
1.38 2.98
7.46 11.34
12.34 11.17
17.56 8.68
3.06 17.49
13.44 19.08
10.62 8.29
19.10 8.76
8.96 11.76
15.05 1.11
3.32 16.64
16.44 7.96
17.41 15.29
4.83 12.20
4.75 10.80
12.30 9.59
7.08 2.17
17.75 3.87
17.87 13.11
2.70 9.58
6.26 1.99
18.80 8.70
4.84 2.71
18.82 11.64
9.75 6.97
3.09 16.78
4.62 5.95
10.87 18.41
4.94 6.86
11.95 10.14
0.66 9.94
17.32 18.98
12.56 11.45
16.80 3.93
4.04 9.21
0.16 6.54
10.13 6.40
5.85 18.24
4.99 3.71
14.30 14.71
3.66 10.77
5.69 9.66
17.41 13.12
18.07 10.30
15.14 3.90
10.57 15.36
1.01 16.23
4.04 12.76
6.49 0.08
18.05 2.04
16.99 6.90
4.40 4.45
13.22 4.61
19.06 5.81
15.48 17.94
5.02 15.89
19.08 14.96
14.89 12.72
8.66 12.42
10.62 8.18
19.56 0.26
13.33 6.17
10.73 6.04
7.90 16.05
3.86 9.10
11.81 14.72
3.59 14.89
4.53 6.85
9.12 18.13
6.55 18.55
9.25 18.96
13.45 7.99
10.83 6.09
12.27 18.58
8.73 5.42
8.30 13.69
12.92 9.18
8.00 8.24
16.60 18.09
17.61 11.89
18.41 17.48
18.18 17.34
15.52 12.27
11.41 18.06
1.20 16.20
7.33 2.84
6.82 6.58
14.09 12.31
6.51 4.61
1.00 6.63
8.82 7.11
11.47 14.87
7.70 4.98
14.80 14.53
17.77 14.09
2.71 3.15
17.77 12.18
12.41 4.59
19.27 4.31
14.74 1.62
13.72 9.91
17.46 1.29
2.49 6.88
9.15 7.18
18.78 8.37
8.03 15.93
19.92 18.32
12.44 5.88
8.06 3.37
9.85 4.87
16.25 16.37
15.14 6.91
4.37 8.03
18.07 7.02
18.95 9.89
19.57 1.26
7.58 16.05
12.58 13.60
17.76 10.33
0.78 14.35
2.00 11.22
18.50 9.32
3.55 12.66
2.90 8.88
5.30 0.06
3.99 18.40
1.65 4.31
9.82 9.00
14.75 11.19
8.11 5.91
14.17 6.65
16.94 12.87
5.16 8.55
11.96 18.77
16.46 12.85
14.87 10.14
4.22 10.30
14.55 4.20
14.05 15.07
3.86 6.59
11.04 2.15
9.69 16.38
2.57 19.08
16.56 18.57
8.12 2.85
11.32 4.14
12.03 7.03
3.15 15.53
14.66 8.35
4.97 9.82
6.57 18.01
14.44 13.10
19.04 6.75
18.85 10.29
3.74 1.99
12.52 15.22
0.62 9.98
18.65 4.99
13.72 6.23
9.12 6.95
8.62 3.59
18.82 4.57
11.51 10.13
16.26 2.21
3.12 17.00
5.84 14.33
14.55 19.89
13.15 6.78
10.03 14.94
12.32 12.43
11.11 11.82
8.01 3.71
5.87 13.70
12.07 3.15
1.04 2.05
10.98 6.74
9.18 12.25
2.82 10.15
18.27 1.56
14.50 8.61
8.47 17.05
5.77 8.76
4.98 3.50
2.68 17.50
6.74 7.29
15.22 2.16
18.57 1.96
13.89 9.28
15.29 7.43
11.98 2.44
4.35 16.46
19.44 4.99
19.95 6.35
16.36 4.38
11.69 15.34
1.39 7.92
12.09 0.08
19.36 9.22
8.31 12.68
16.59 13.88
9.40 0.36
0.04 7.18
17.87 8.76
0.38 6.42
8.05 10.49
0.55 11.58
18.04 15.41
19.67 17.14
14.08 17.84
12.88 14.15
8.49 15.70
15.02 13.81
11.48 16.76
4.53 2.11
14.34 8.11
4.63 6.21
16.18 6.09
5.47 5.50
19.63 17.35
7.50 2.82
10.71 5.66
13.15 0.59
4.57 7.06
10.98 1.55
2.89 10.45
19.84 8.05
13.35 8.95
7.47 0.16
3.76 14.38
6.69 5.06
16.83 2.82
9.54 3.09
5.70 9.13
3.04 18.82
15.23 3.32
11.19 15.56
3.54 10.06
1.89 2.55
7.48 3.83
5.61 19.26
15.09 4.42
5.24 0.70
9.72 13.28
9.94 16.46
3.95 14.71
12.52 11.67
2.17 10.97
13.07 17.83
3.71 14.13
3.80 11.32
10.23 3.10
12.28 15.59
5.06 17.38
14.43 16.01
14.67 9.14
9.85 1.56
14.70 8.71
17.85 18.24
2.56 5.41
11.30 4.80
8.21 6.27
1.21 5.36
9.65 4.69
9.88 8.95
10.25 10.45
6.94 17.73
10.95 11.27
1.39 13.55
6.05 4.73
16.66 7.18
16.13 0.14
15.31 10.06
13.96 18.27
12.27 19.90
14.13 14.03
12.02 1.08
17.75 16.62
0.78 8.48
1.80 0.15
13.81 1.33
15.28 10.11
4.03 6.70
18.40 11.03
3.71 8.76
1.23 19.20
38.00
20 20
500
18.37 11.22
7.21 18.50
0.62 11.60
6.70 10.41
12.50 18.97
1.83 15.85
6.65 15.17
10.33 14.29
15.01 9.26
19.48 19.86
14.75 16.50
2.98 2.86
5.06 4.25
16.08 6.44
3.02 19.60
18.58 1.23
18.63 18.72
13.08 10.35
1.55 13.00
11.56 10.33
15.75 5.76
14.51 15.24
18.07 3.13
6.22 13.35
13.09 16.32
9.54 0.16
1.35 16.91
17.60 6.68
2.60 19.82
19.54 14.97
17.49 13.87
8.36 15.72
6.64 18.40
5.95 16.74
18.97 8.81
17.38 17.11
6.83 10.01
17.20 10.06
0.56 16.04
19.75 12.72
10.38 13.81
4.90 9.81
6.28 2.23
16.91 10.91
2.67 3.03
3.62 14.28
12.96 10.12
8.33 4.11
4.73 8.86
9.69 4.38
11.34 3.60
19.49 17.18
8.21 4.86
4.83 13.34
9.98 11.57
15.22 2.80
15.63 13.74
3.93 1.48
3.83 16.01
19.54 6.19
15.93 17.50
17.06 3.96
1.98 10.21
2.89 11.34
3.36 3.68
19.02 19.98
15.48 16.13
12.72 10.05
16.41 15.67
16.02 17.30
0.75 13.64
5.37 13.96
14.36 2.90
13.30 4.10
2.16 3.61
0.59 2.55
18.60 17.60
2.81 6.91
2.93 11.26
12.18 17.73
11.90 11.63
6.28 16.38
10.03 4.49
14.91 3.91
13.14 8.78
3.11 6.89
9.52 12.50
12.04 11.52
16.70 7.74
6.86 8.87
16.49 10.98
17.94 7.78
15.31 2.58
18.07 9.07
11.10 0.69
3.68 7.72
3.13 12.37
6.44 4.32
10.53 19.79
16.92 17.76
9.13 12.75
16.88 1.43
8.74 11.08
1.45 6.90
13.99 4.17
15.44 12.17
17.38 2.48
9.05 17.18
1.05 5.74
18.74 18.45
18.37 2.62
7.12 19.71
15.52 14.40
6.97 19.76
10.56 10.95
9.69 12.19
9.09 17.53
1.97 11.81
7.48 11.02
6.47 0.66
4.64 4.17
18.80 0.15
8.26 3.59
6.89 6.42
19.18 15.77
10.00 4.72
19.09 10.55
13.93 2.81
11.16 4.72
1.41 9.72
16.58 3.71
9.42 6.49
2.71 13.42
5.63 1.11
13.19 6.81
0.97 5.74
14.07 15.96
19.07 7.43
13.88 8.89
7.57 7.04
9.04 1.44
15.08 5.71
14.64 7.03
18.94 2.85
13.90 19.83
12.35 17.70
10.85 16.98
12.66 14.83
5.66 10.57
9.77 0.69
3.01 1.29
13.18 8.34
5.87 2.38
17.23 12.18
9.32 11.48
10.10 6.67
0.91 2.58
7.48 0.97
5.50 16.17
19.60 15.38
14.21 1.22
16.04 7.61
1.80 18.91
9.09 13.63
9.17 14.58
16.11 11.98
12.18 14.37
6.11 6.70
8.46 18.60
8.82 18.90
3.18 1.18
0.95 13.64
9.52 15.18
18.32 10.44
14.75 11.77
2.96 18.13
15.79 10.52
15.47 17.27
12.47 6.31
9.00 15.78
5.63 19.19
11.48 11.56
17.66 3.78
9.12 5.97
17.25 2.21
14.05 16.18
18.01 2.93
6.74 17.23
18.91 5.13
16.73 10.86
0.52 6.80
16.49 18.97
11.77 8.33
12.19 13.37
19.33 16.81
13.85 4.57
16.16 9.43
7.34 19.15
13.81 11.71
12.48 17.61
19.10 4.92
10.69 12.97
1.02 18.60
9.13 2.69
10.47 7.35
6.44 11.32
5.68 7.73
16.80 17.11
2.99 17.03
8.96 12.48
10.16 0.86
4.70 13.69
2.71 16.32
7.84 16.10
2.37 2.82
16.00 18.96
5.08 17.24
11.48 15.69
12.52 15.38
13.63 10.65
0.95 3.46
11.56 10.18
18.55 16.49
7.09 0.91
18.73 6.61
18.93 8.24
5.91 14.36
5.54 4.68
4.13 6.92
19.11 16.09
0.76 15.64
15.64 18.28
4.89 9.44
9.85 9.29
19.27 10.07
13.50 1.64
17.67 1.99
19.12 6.95
15.45 18.32
10.89 18.45
18.23 7.95
9.54 3.71
5.52 13.42
19.72 3.42
18.95 13.74
1.70 8.44
12.48 4.82
14.15 6.45
13.09 6.61
14.56 13.05
19.04 2.07
18.37 5.15
15.72 10.44
14.59 9.21
4.70 13.05
10.65 10.00
15.99 5.78
9.20 0.06
7.64 12.60
3.33 9.58
2.41 3.44
16.46 6.66
18.42 1.01
3.30 10.79
6.39 5.00
9.72 18.36
16.79 19.50
3.54 5.05
15.59 17.21
0.51 4.04
9.82 14.81
17.59 19.30
1.03 4.47
11.15 16.10
13.46 6.69
4.84 1.22
12.15 18.34
6.81 7.73
12.30 1.33
12.73 1.05
4.03 9.01
9.16 12.95
0.98 4.14
15.70 0.21
1.63 15.23
1.73 18.51
13.38 12.98
10.12 15.40
14.59 13.79
13.66 13.99
5.75 8.43
12.24 6.55
9.68 12.65
9.60 4.17
7.17 13.67
0.83 10.84
1.48 10.35
19.26 13.47
6.41 4.11
10.44 1.77
2.45 15.45
16.70 13.05
9.22 6.26
19.16 6.57
11.96 10.13
16.46 17.38
7.79 12.28
2.95 7.96
18.17 14.43
1.12 15.71
6.36 7.84
8.93 18.26
10.43 4.13
15.94 3.51
16.42 12.42
1.45 16.12
4.49 19.85
16.94 7.73
18.77 10.06
18.65 1.33
11.49 13.49
12.23 1.76
13.93 16.69
6.66 19.04
15.02 12.95
9.84 2.48
10.76 3.42
11.69 15.06
11.02 19.62
14.49 18.51
3.12 14.34
11.76 3.25
12.79 7.76
11.38 10.05
1.34 1.79
17.56 3.33
10.35 4.06
8.22 16.10
3.82 2.39
10.72 10.21
4.51 14.83
14.39 13.94
12.29 7.91
5.80 1.21
10.12 5.65
19.50 15.68
7.23 19.97
7.83 2.83
8.68 5.55
14.15 14.95
8.67 3.91
2.24 15.36
1.70 1.18
11.69 4.55
10.70 18.21
18.66 13.73
4.36 3.24
16.98 15.76
7.12 13.13
13.37 19.19
4.60 13.58
12.09 0.92
3.44 11.76
2.23 3.53
5.43 10.69
5.61 8.85
17.33 19.29
0.95 3.66
1.26 11.73
6.85 1.48
5.22 3.64
7.37 4.81
17.34 9.63
15.89 15.52
5.15 14.15
2.48 10.15
4.38 11.80
19.33 1.75
5.34 4.01
14.95 14.56
17.44 14.48
0.91 6.21
14.85 11.05
1.32 14.59
3.25 4.19
16.45 0.30
1.30 3.86
11.82 6.61
2.12 4.47
18.79 4.97
17.65 12.56
15.17 2.15
1.69 3.57
16.39 6.23
17.86 9.52
7.22 10.56
4.41 10.21
7.76 7.46
18.90 7.29
1.48 9.61
19.51 17.35
15.15 7.09
5.79 10.42
15.87 4.90
15.04 5.69
1.05 0.62
18.91 12.68
0.21 4.24
2.81 8.85
7.32 5.26
0.47 15.78
16.15 9.29
3.71 1.66
14.51 16.34
4.92 8.14
18.19 6.16
16.79 2.62
12.55 15.74
4.09 15.73
9.33 3.07
3.63 1.53
2.34 1.83
13.96 2.77
19.68 12.12
4.32 5.44
4.64 19.94
1.38 3.93
19.70 18.49
6.92 9.24
17.59 5.61
16.78 2.25
13.77 4.52
16.80 12.18
7.08 5.17
6.84 1.78
0.24 8.45
0.44 6.15
2.61 15.57
8.08 15.63
15.11 0.16
19.19 14.23
14.61 17.24
3.09 15.16
2.54 19.16
7.96 11.37
1.07 4.24
13.31 19.42
5.22 12.36
5.99 7.78
10.30 7.34
11.68 14.79
14.57 9.70
7.97 8.33
6.33 19.99
6.19 4.24
8.31 7.10
10.84 19.98
3.88 9.01
19.86 16.83
9.97 12.31
7.68 14.37
12.52 2.13
2.03 3.40
18.34 4.16
12.64 7.83
15.16 10.64
10.03 2.54
1.54 0.95
5.68 10.97
3.22 10.52
18.25 6.91
6.54 1.04
16.52 0.90
16.46 1.57
11.14 0.43
7.97 2.21
9.02 7.36
1.09 14.30
7.91 17.71
16.93 6.69
16.19 0.96
7.68 18.29
2.51 3.65
11.69 13.74
13.04 16.95
0.52 13.85
7.56 6.09
9.95 0.78
12.65 4.19
7.39 19.95
12.82 7.93
16.01 11.19
7.55 12.29
0.20 14.97
4.23 8.32
17.60 15.86
19.42 16.55
12.09 16.92
3.76 11.86
12.74 18.67
31.00
20 20
500
16.05 13.60
10.68 2.21
15.95 6.91
5.97 14.94
0.22 15.23
13.70 17.09
10.84 10.00
5.18 7.58
16.82 13.91
10.90 0.32
5.46 3.39
10.45 9.01
2.88 4.23
7.38 12.60
0.87 8.93
6.71 14.69
10.05 7.21
17.87 10.11
18.32 19.58
19.23 5.23
0.19 14.07
13.46 13.83
12.59 9.06
0.47 3.67
5.80 13.01
17.98 18.91
17.54 15.58
3.52 7.61
12.51 18.30
7.71 9.42
3.33 10.39
2.15 10.94
13.36 17.30
17.34 19.42
12.10 13.72
7.09 3.47
5.62 0.09
18.16 10.32
18.21 16.12
14.21 13.31
12.48 11.08
6.24 18.23
4.69 6.40
17.53 6.82
4.55 7.02
9.58 16.33
9.37 0.35
13.54 19.71
0.36 8.51
7.93 18.67
15.36 13.60
14.66 8.14
0.78 14.56
8.38 7.04
16.27 10.43
16.86 17.34
1.94 16.08
4.74 14.33
14.53 18.95
5.59 17.42
9.26 12.72
2.22 13.38
13.54 3.64
3.62 15.23
11.38 12.16
10.80 8.79
13.38 4.57
13.02 14.63
12.39 13.16
3.30 8.13
14.65 14.00
14.67 2.25
5.67 5.47
15.89 2.77
16.46 3.04
4.74 6.05
19.84 1.74
0.39 9.54
15.25 17.92
15.81 0.46
3.05 5.82
1.60 12.59
5.90 15.12
5.65 10.84
17.88 1.11
8.54 3.86
16.94 16.08
6.98 2.93
7.99 0.98
19.04 10.58
2.33 9.22
8.05 7.00
3.43 17.11
6.19 8.29
0.22 15.76
16.27 10.55
0.53 9.07
4.05 6.55
10.51 10.48
13.02 17.50
1.05 6.57
0.67 8.40
16.82 9.33
12.97 3.21
19.47 4.28
2.69 9.19
4.04 9.87
11.43 19.31
18.89 16.70
14.47 6.05
13.74 9.86
7.61 18.57
5.34 10.71
8.55 1.02
4.03 2.16
3.77 13.85
3.31 7.66
14.19 10.62
19.66 15.49
10.62 9.70
16.56 8.61
7.20 14.53
19.00 13.24
15.35 19.09
15.52 16.51
8.25 4.57
9.70 0.99
11.88 11.13
10.22 12.35
11.30 5.29
19.07 8.20
11.18 4.23
10.60 6.35
2.28 11.02
13.39 16.54
12.43 18.77
6.84 3.57
2.40 14.23
5.27 8.18
10.88 0.29
4.26 12.23
8.88 17.04
10.03 15.62
14.74 13.29
1.43 18.32
9.13 4.82
9.06 1.77
13.61 10.31
12.19 14.97
19.38 19.79
8.39 17.02
16.63 13.26
8.85 1.83
8.85 17.70
3.27 19.29
8.32 18.95
7.28 13.45
7.48 13.54
13.55 14.14
16.54 2.80
1.83 8.13
6.65 4.74
16.31 10.57
2.41 10.46
6.29 11.12
1.56 18.40
3.44 4.12
0.58 3.06
8.78 15.78
0.63 17.38
3.31 18.91
4.68 18.92
12.20 9.13
1.61 7.39
8.49 18.39
0.24 15.21
0.38 9.89
3.73 1.86
16.51 14.65
5.92 4.10
9.95 7.16
6.58 5.38
0.27 2.87
6.25 12.86
17.32 19.86
8.31 2.11
14.44 16.88
6.66 2.67
5.55 17.73
16.10 1.07
7.77 15.30
16.20 9.08
5.50 10.09
8.44 18.57
14.33 8.86
5.91 19.86
0.51 0.85
16.74 4.30
13.99 14.09
7.96 15.97
3.68 18.85
0.89 0.54
2.76 15.79
10.32 6.42
6.18 18.32
2.90 14.01
4.89 9.04
14.32 6.63
19.98 5.14
17.74 17.93
17.01 16.14
11.67 8.99
5.19 9.94
2.70 14.62
14.81 1.20
9.39 1.38
8.59 14.30
11.83 4.55
11.27 0.40
15.00 13.99
16.09 5.06
0.59 2.96
13.32 17.36
19.55 12.08
3.06 3.97
9.51 17.86
11.93 10.40
6.58 11.65
18.28 12.56
7.35 13.16
0.91 17.11
8.50 19.97
15.04 3.59
16.82 18.80
14.92 10.05
8.75 15.62
11.09 11.65
10.75 12.18
1.58 8.44
18.21 10.91
10.64 3.26
15.77 17.17
4.97 7.24
9.60 8.48
16.24 18.92
11.39 17.33
10.89 17.16
6.84 16.58
8.36 8.10
0.44 17.06
13.33 5.61
9.52 13.53
4.63 10.47
16.91 6.93
0.83 6.97
2.00 4.08
10.17 2.12
12.95 18.57
9.81 13.94
0.52 15.12
6.66 16.40
12.23 2.92
17.97 0.17
2.73 18.33
19.03 8.22
3.01 7.47
14.53 2.49
9.81 5.04
12.88 12.93
5.97 3.55
4.51 14.55
3.38 9.20
9.64 18.43
5.06 17.62
10.60 9.67
16.96 3.45
7.33 14.39
8.95 11.32
10.93 10.92
12.63 4.54
12.34 19.22
7.55 9.98
16.05 14.56
10.43 3.09
3.22 11.74
16.68 5.33
0.29 11.60
2.06 8.14
9.54 7.22
5.17 14.92
12.76 0.39
9.63 7.76
9.19 1.23
2.04 3.07
13.56 17.47
7.97 0.78
5.61 15.38
11.25 6.44
10.97 16.28
8.78 6.30
5.81 10.84
5.36 5.65
10.26 4.00
2.97 12.08
8.31 14.47
18.50 18.75
13.48 18.93
2.33 19.35
14.31 17.36
11.39 8.45
13.88 18.99
9.20 8.50
11.55 5.23
2.30 3.94
0.39 13.85
8.64 2.19
17.56 14.39
19.80 4.13
18.61 12.16
18.55 6.26
16.91 4.88
2.25 6.22
18.03 11.58
18.30 3.78
7.82 3.67
3.10 5.56
11.78 18.02
11.38 11.08
16.16 17.79
12.83 10.39
17.90 16.51
1.22 3.16
14.61 0.98
10.92 14.30
2.51 4.93
10.55 0.99
18.58 16.19
4.98 7.79
5.57 14.28
15.24 19.79
7.43 19.72
11.94 13.69
2.80 17.13
4.36 1.96
12.49 0.47
15.95 0.48
5.18 16.34
13.40 10.32
15.42 15.19
14.69 8.34
11.50 19.04
10.00 14.57
13.24 13.45
9.14 17.65
4.50 8.99
13.80 1.93
13.90 3.02
9.72 2.84
19.28 2.18
5.02 0.49
14.58 18.69
12.40 14.38
1.78 18.29
0.63 1.12
15.98 10.42
5.04 18.45
13.91 6.82
5.34 18.54
11.61 5.21
4.56 18.80
2.72 17.71
16.92 5.00
1.37 4.75
17.28 0.09
13.31 9.62
19.04 14.19
15.51 17.65
8.41 1.37
4.39 0.70
11.02 2.85
14.91 2.30
19.60 0.71
15.48 14.12
17.97 16.81
13.52 18.61
5.71 17.37
12.06 15.82
15.10 12.26
17.77 0.40
7.95 16.08
6.93 10.72
13.32 6.09
7.72 15.51
7.35 14.09
7.77 12.14
14.12 0.15
3.86 8.34
10.79 3.57
7.11 15.80
16.52 12.82
0.36 6.52
14.82 2.79
12.01 16.47
6.92 13.31
5.06 5.87
16.93 2.44
6.70 10.44
7.33 1.11
16.96 2.98
14.91 10.82
7.65 19.53
0.00 16.47
7.60 2.82
3.15 19.73
15.50 7.45
11.03 3.51
19.76 8.65
14.97 2.29
14.47 9.54
12.20 16.20
5.39 17.28
13.05 19.66
16.60 0.27
3.73 12.17
8.94 13.51
16.73 19.42
2.88 14.73
0.12 2.86
3.73 2.97
2.74 10.32
17.48 4.59
3.11 11.60
19.41 9.95
0.28 13.80
6.44 7.59
7.58 9.47
7.97 11.98
19.58 14.49
7.77 17.00
10.45 19.80
7.06 18.19
10.17 13.44
7.79 1.00
4.45 13.10
14.30 0.16
15.24 17.79
12.99 15.30
13.28 6.20
8.58 11.24
9.79 12.70
3.32 13.94
16.33 3.96
10.14 9.73
11.30 6.74
9.26 2.37
15.43 19.13
5.34 17.50
14.67 10.09
0.58 8.42
4.88 0.12
11.97 1.02
1.96 9.31
13.85 19.33
12.73 14.75
14.74 7.16
1.12 15.77
12.86 4.94
4.65 0.15
15.90 0.04
12.70 10.00
9.78 19.11
7.74 3.05
14.54 14.08
9.85 15.76
14.45 7.49
9.27 16.07
0.33 11.88
17.79 5.55
0.01 1.71
0.80 11.04
19.65 7.08
7.43 5.36
10.39 1.59
14.82 11.88
3.10 10.30
17.83 17.84
19.72 17.82
3.51 4.93
9.51 7.79
12.29 13.34
12.73 6.59
15.91 7.13
19.78 3.38
4.03 16.86
19.59 19.05
7.66 9.75
13.07 0.35
4.06 11.04
2.82 1.28
5.31 10.09
33.00
*
