68.3000000000
305.0532857143
3.0700000000
4.6000000000
293.2000000000
5.0000000000
23.9000000000
32.0000000000
22.0000000000
144.2000000000
59.0100000000
2.0000000000
IMPOSSIBLE
45.2757142857
1400.2402072597
139.6300000000
202.4750000000
300.1200000000
551.4337032628
8631.0558295657
273.4200000000
270.0750000000
290.2875000000
339.6400000000
IMPOSSIBLE
1554.7497151547
449.6300986842
IMPOSSIBLE
2647.5575316734
2800.0875562253
IMPOSSIBLE
1481.3396098889
166.1850000000
IMPOSSIBLE
762.6131489890
552.3667475515
1457.6056222716
2142.9119567302
21549.8681927994
35070.5000000005
263.9150000000
503.3400000000
407.8800000000
IMPOSSIBLE
IMPOSSIBLE
38970.4999999999
360.5000000000
95.7800000000
233.6200000000
496.3073958615
1638.7737564417
776.1237499718
1404.8418416654
IMPOSSIBLE
IMPOSSIBLE
196019.5481455242
389970.5000000051
263.0500000000
311.5200000000
692.8100000000
IMPOSSIBLE
604.9083333333
282.9097383431
384.1100000000
441.4000000000
562.9638461538
653.4200000000
419.7883783784
IMPOSSIBLE
IMPOSSIBLE
360.5000000000
531.6360000000
532.2763000000
632.3455923763
632.3954833333
389970.4999999814
