6 2
4 2 -1 4 -1 4 1 2 1
3 3 0 6 -1 6 1
8 2
3 1 -1 4 -1 4 4
3 3 -4 6 1 3 1
10 7
4 0 5 4 2 5 3 4 5
3 4 -5 9 -5 9 0
4 8 -5 11 -5 11 -2 8 -2
3 8 3 16 1 11 5
4 21 -5 23 -3 20 -2 15 -4
3 22 3 26 -1 28 0
3 24 0 29 4 25 3
1000 0
40 2
3 0 -20 39 -20 39 18
3 1 -19 40 19 1 20
100 2
10 20 44 40 -8 60 32 80 -24 100 29 120 2 140 37 160 -29 175 47 105 50
10 161 -35 138 31 120 -2 101 24 79 -31 60 27 39 -13 17 33 12 -48 111 -50
200 1
8 45 0 0 -45 100 -12 80 -100 175 0 80 100 100 12 0 45
200 5
4 900 -100 1000 -100 1000 81 900 81
4 777 32 876 32 876 99 777 99
4 777 -99 876 -99 876 9 777 9
4 600 -12 720 -12 720 100 600 100
4 600 -100 720 -100 720 -36 600 -36
284 15
9 262 30 347 -19 391 4 393 18 403 31 405 54 395 92 388 105 383 106
4 283 46 359 -62 364 -6 322 35
4 205 55 208 33 341 106 282 133
5 226 5 253 -54 314 -72 330 -70 360 -39
7 266 -61 411 -95 417 -59 399 -17 394 -9 390 -6 384 -3
9 283 34 239 18 234 12 233 10 211 -18 223 -83 228 -87 363 -31 348 6
4 289 46 283 -81 339 -90 392 -6
8 182 -36 200 -58 226 -69 229 -77 319 -25 310 43 288 63 274 67
4 194 100 163 -20 206 -43 295 52
7 127 39 142 -24 198 -52 208 -51 267 6 264 49 221 86
6 135 55 75 -32 72 -43 118 -90 219 4 168 45
3 146 -91 203 -101 206 44
9 237 20 220 8 210 -15 211 -32 215 -54 238 -92 265 -111 361 -41 350 1
9 143 136 119 111 102 59 132 10 161 -6 196 -3 247 34 250 71 242 108
4 208 -73 229 -101 229 -100 349 -59
952 2
7 535 195 461 81 314 -95 436 -334 516 -231 633 -209 792 -188
3 75 198 469 476 327 423
180 1
5 131 -59 220 -2 229 37 208 58 206 65
16 6
5 9 -8 10 -8 13 -5 11 2 10 5
9 19 8 18 8 12 7 13 -3 25 0 29 -1 29 0 27 8 25 8
8 4 8 4 0 9 -6 13 -3 14 2 11 1 12 4 14 5
5 19 8 15 -2 17 -6 19 -4 26 1
7 25 3 31 -4 31 -8 37 -4 39 -5 40 -2 37 1
3 7 6 3 -2 3 -4
958 54
4 388 81 365 42 376 19 419 83
9 391 -83 379 -118 391 -135 419 -142 422 -136 441 -138 445 -97 444 -77 439 -78
9 663 319 652 302 642 302 644 296 649 247 668 238 698 258 711 261 708 304
6 305 -358 294 -416 326 -428 345 -416 361 -383 351 -375
9 183 -243 171 -249 174 -264 231 -290 232 -291 230 -286 245 -277 239 -243 225 -233
8 513 43 503 35 516 6 524 9 535 -5 550 -5 577 28 554 69
7 638 -382 598 -426 606 -429 613 -438 625 -445 658 -444 675 -420
10 516 84 520 72 499 47 503 37 510 26 538 9 539 12 540 16 571 41 565 53
9 574 -354 562 -366 564 -387 562 -396 571 -412 588 -411 604 -418 607 -412 622 -365
6 563 -211 530 -234 535 -254 557 -273 586 -258 594 -214
6 215 52 213 38 248 17 268 18 288 45 253 92
5 402 -369 408 -441 429 -436 449 -407 460 -392
3 405 -382 391 -390 435 -450
4 744 173 717 158 762 113 771 121
7 572 215 544 186 547 166 546 160 549 154 567 150 605 198
7 468 376 459 356 464 336 493 324 514 321 511 337 516 356
5 291 430 279 417 301 370 348 392 322 439
6 230 223 282 216 290 232 289 245 300 248 282 270
9 524 -226 538 -232 547 -224 559 -216 568 -197 554 -153 542 -161 544 -154 538 -159
3 85 -131 135 -172 144 -134
6 730 -299 722 -306 722 -354 740 -366 779 -337 778 -333
7 277 -311 251 -348 249 -357 314 -382 324 -339 324 -338 288 -315
9 312 38 301 31 300 4 328 -25 341 -13 357 0 356 29 355 36 356 43
8 99 467 71 454 69 419 93 404 111 404 130 411 138 429 129 451
4 559 -331 541 -397 588 -339 577 -329
5 621 343 661 293 688 348 677 355 670 352
5 84 258 67 236 79 212 94 196 111 201
10 134 374 102 359 109 353 105 334 111 325 118 314 162 316 172 331 176 351 179 352
5 195 -80 164 -109 157 -111 227 -142 228 -141
3 725 -225 754 -207 726 -157
7 305 412 278 383 305 340 341 397 337 400 328 406 326 403
8 157 72 156 68 140 60 145 11 154 18 185 67 187 80 176 76
4 677 -159 675 -178 709 -200 739 -145
8 215 357 211 356 194 337 183 316 185 307 185 306 240 295 235 350
10 154 113 143 110 152 53 154 52 158 53 178 59 193 53 196 52 196 67 204 76
7 348 311 337 307 392 262 404 273 403 309 404 311 395 324
6 122 -475 128 -479 162 -469 159 -461 161 -423 136 -408
4 628 217 628 190 638 168 698 180
4 314 317 314 304 368 315 370 366
9 442 359 448 329 451 329 455 331 462 314 488 321 504 333 497 373 482 389
6 277 -49 268 -59 261 -79 267 -83 280 -105 330 -41
7 328 -299 331 -302 315 -315 340 -354 357 -356 385 -321 387 -317
6 137 -339 138 -344 177 -395 188 -381 190 -375 181 -356
8 152 -222 123 -279 120 -285 139 -289 171 -289 181 -291 180 -229 176 -230
7 748 425 731 362 766 354 780 374 780 377 789 408 761 430
4 634 354 647 392 632 410 623 409
5 585 387 566 368 608 314 609 325 624 336
9 115 294 105 267 113 259 134 238 143 246 167 251 169 251 168 261 157 303
5 460 289 454 284 451 272 511 241 491 311
3 374 59 361 48 387 55
5 160 -131 153 -135 151 -197 212 -178 186 -132
8 458 363 461 362 469 338 478 330 483 326 522 330 525 375 497 388
7 270 -112 244 -142 237 -156 255 -172 256 -173 293 -176 277 -115
9 301 188 304 157 299 141 332 130 346 129 360 135 364 132 359 142 374 157
898 7
9 158 339 161 289 97 303 115 179 194 126 245 201 239 268 185 291 182 367
5 134 -29 217 -75 226 -90 307 -122 327 -8
6 70 -163 65 -182 85 -177 170 -103 172 -87 170 -23
10 219 256 178 152 195 92 235 62 309 69 317 137 336 149 335 152 329 166 294 277
7 159 84 153 63 110 -146 115 -144 279 -44 267 0 187 37
4 168 -221 236 -373 318 -298 299 -218
10 116 -126 45 -172 91 -190 84 -236 166 -250 191 -263 201 -285 273 -124 213 -89 191 -112
192 7
8 40 92 1 75 11 65 44 53 28 12 103 39 105 57 95 67
6 50 95 23 95 27 82 116 96 78 96 71 96
3 1 57 27 24 99 22
10 184 7 195 -96 231 -95 272 -92 250 -56 239 -47 262 -54 285 -49 249 -38 301 -31
3 207 -2 152 50 168 34
5 359 94 291 64 346 20 411 62 410 72
7 72 31 80 -2 113 -14 130 -9 138 45 171 96 144 96
950 5
9 241 -224 114 -153 112 -211 198 -475 314 -475 545 -409 643 -362 342 -274 352 -28
5 291 -147 381 -439 585 -290 568 3 432 -58
5 368 -431 386 -475 482 -475 719 -475 631 -335
8 204 205 65 -209 1 -263 66 -350 162 -330 337 -202 391 -14 437 53
6 1 422 1 89 385 44 318 150 402 172 388 264
964 4
10 144 381 121 248 1 265 12 71 101 59 92 53 227 -104 379 -50 480 172 388 233
5 146 -64 171 -284 280 -347 415 -289 328 0
5 351 139 225 -24 338 -75 579 93 456 183
7 119 131 21 -127 123 -207 104 -262 161 -226 328 -48 328 120
290 3
8 89 145 88 145 87 115 26 103 105 -15 139 -27 189 77 140 145
8 474 -37 435 -107 428 -133 489 -122 590 -124 605 -27 633 -10 595 -17
5 472 145 379 17 410 10 530 43 568 65
500 97
6 207 -7 178 -47 229 -61 241 -50 224 -12 224 -13
10 803 -15 808 -36 809 -59 820 -78 854 -51 852 -26 857 -21 846 -1 842 1 838 -1
8 912 -178 909 -200 928 -203 930 -218 970 -234 968 -203 991 -185 970 -186
10 666 35 648 34 676 -16 681 -24 685 -17 682 -4 704 11 715 26 695 37 684 44
10 629 -168 630 -187 613 -200 613 -243 636 -250 677 -230 673 -215 679 -199 654 -187 644 -193
5 593 -155 583 -152 571 -205 571 -207 631 -174
10 630 -157 649 -171 632 -190 643 -189 653 -182 700 -191 708 -172 692 -152 672 -150 671 -142
4 159 -2 146 -27 178 -54 190 -14
8 386 35 410 -6 435 -22 433 -4 450 -15 448 12 450 21 423 31
5 634 -91 648 -121 704 -130 703 -121 680 -75
9 625 9 634 -25 657 -33 667 -13 675 1 669 7 679 9 675 41 657 48
9 117 172 112 168 111 150 124 148 106 130 124 139 128 122 164 165 157 176
5 376 75 391 62 406 46 403 73 432 73
10 96 -109 90 -126 78 -129 73 -137 83 -143 133 -184 135 -183 117 -162 136 -133 105 -112
10 871 88 863 78 853 81 858 41 872 17 891 20 915 46 892 57 897 76 882 67
3 792 -71 803 -139 811 -124
4 637 -75 622 -120 653 -111 663 -123
8 533 106 508 95 524 58 520 27 581 71 569 69 578 74 576 79
3 439 -23 459 -5 429 10
6 26 224 8 231 3 219 21 199 83 208 74 219
6 198 -97 217 -116 230 -141 248 -137 261 -98 258 -90
5 364 -193 337 -206 343 -221 374 -234 372 -227
6 343 250 329 207 329 200 354 189 350 204 358 189
4 18 105 60 80 51 114 50 113
6 83 104 60 75 64 57 60 52 83 40 98 55
9 441 77 423 70 421 60 453 57 461 37 481 34 478 58 491 79 485 80
3 798 -166 809 -217 851 -195
5 212 -87 225 -99 253 -95 273 -87 242 -57
10 77 211 74 203 53 172 67 173 79 176 84 167 118 177 121 185 105 208 107 211
3 855 -214 850 -228 908 -189
10 643 212 631 191 625 172 632 156 631 147 677 145 669 168 669 181 682 183 669 189
5 248 116 244 103 241 63 278 77 267 119
9 849 118 831 92 824 74 818 54 838 52 875 69 904 80 867 117 858 114
10 172 80 167 69 165 57 146 47 157 48 155 34 230 53 211 72 200 88 191 86
8 957 150 972 67 976 91 988 76 984 88 996 81 997 107 999 125
9 223 250 230 238 225 199 251 196 259 185 268 204 274 206 289 225 280 250
3 310 180 341 187 361 204
8 791 98 802 90 806 81 806 91 828 98 844 96 817 120 819 154
5 569 86 562 86 573 38 598 36 617 53
7 365 -101 338 -91 349 -110 353 -122 367 -146 401 -109 392 -94
8 240 224 226 192 234 180 237 177 243 155 298 167 285 182 274 214
9 935 -42 937 -52 933 -51 932 -59 907 -59 908 -64 937 -83 949 -84 966 -102
5 245 -94 233 -95 234 -135 301 -154 312 -130
8 714 194 713 165 735 142 788 144 800 178 771 182 761 201 757 199
3 331 51 309 90 305 94
4 629 167 614 151 601 134 670 151
6 144 202 159 171 164 172 217 198 204 243 184 234
9 311 3 328 -8 309 -23 339 -26 382 -20 395 -3 371 -6 383 0 366 30
6 163 154 128 111 133 99 139 91 150 93 170 161
10 366 -1 353 -9 354 -22 358 -24 357 -42 347 -60 370 -70 379 -69 392 -8 381 1
5 134 127 130 122 177 104 169 121 158 127
5 240 -186 258 -215 284 -207 298 -186 285 -182
4 534 3 540 -1 580 15 586 54
4 656 18 638 11 717 9 724 34
7 942 142 915 147 928 126 934 114 942 104 951 90 962 115
3 440 -243 479 -209 461 -179
10 785 250 776 250 772 208 808 190 813 219 820 222 843 235 828 238 826 250 808 250
6 90 -96 93 -104 148 -88 164 -76 153 -45 125 -62
7 163 32 169 23 168 15 189 2 209 25 221 27 185 75
3 341 -98 389 -91 383 -81
5 718 115 726 106 711 89 770 101 783 127
6 232 131 262 133 282 128 265 185 254 160 251 182
9 821 6 802 10 802 -11 809 -23 804 -30 818 -25 844 -25 863 -14 832 25
4 262 85 289 23 299 40 284 82
9 926 36 922 7 946 -37 945 -18 955 -6 979 12 975 12 967 17 956 28
8 356 8 329 5 322 -23 382 -44 381 -17 362 -12 363 -10 360 -13
3 254 -134 303 -140 313 -110
9 288 -188 270 -250 272 -250 295 -249 333 -250 338 -250 339 -248 326 -191 306 -185
7 551 12 576 -11 597 -6 606 24 591 26 586 31 579 30
3 447 42 465 2 467 1
7 46 123 26 99 30 61 33 63 79 74 73 104 83 109
4 406 131 405 112 431 105 460 105
3 224 28 206 -29 275 12
5 338 100 324 58 324 41 382 51 361 106
8 183 184 154 134 162 115 171 122 213 108 215 145 206 167 202 166
6 874 -137 871 -150 877 -179 902 -191 917 -196 911 -161
10 301 0 282 -7 303 -15 302 -26 300 -34 322 -50 330 -39 350 -41 357 -28 360 17
10 838 123 826 96 844 88 825 68 880 54 892 84 880 98 877 121 877 119 868 103
6 586 -212 608 -243 623 -250 632 -239 637 -211 639 -205
10 490 99 485 77 465 75 452 53 469 45 463 38 501 35 522 83 523 92 512 96
5 321 203 304 187 293 180 338 151 360 189
9 925 -130 919 -130 912 -150 924 -154 922 -162 928 -155 932 -164 953 -123 942 -99
3 429 -148 419 -150 420 -183
6 829 -38 808 -52 810 -110 858 -100 871 -91 871 -67
10 402 232 391 218 390 210 373 198 371 177 389 179 402 181 404 174 414 173 420 215
3 312 120 319 102 345 167
10 208 161 174 135 198 118 198 114 203 103 195 87 227 82 224 103 235 123 220 142
10 181 -67 179 -75 159 -79 145 -86 185 -107 229 -111 204 -84 207 -78 210 -76 215 -59
9 235 95 232 82 236 81 240 50 291 77 271 92 272 99 274 107 277 116
5 368 107 370 49 415 80 389 76 393 106
4 819 112 864 109 862 125 842 138
8 195 204 193 198 218 175 214 152 243 164 267 199 248 229 235 212
6 50 167 99 146 100 153 117 154 102 171 106 184
5 350 -92 333 -106 381 -106 380 -103 412 -101
4 371 1 374 0 421 -22 400 26
4 979 -208 968 -250 978 -250 998 -250
4 245 207 278 183 293 168 330 210
448 10
4 202 210 406 51 420 127 321 224
7 94 52 16 -45 129 -168 141 -156 210 -129 279 -42 326 -38
7 479 -180 617 -205 576 -156 596 -151 629 -2 579 17 545 -19
3 19 14 105 -158 115 103
9 500 128 469 117 412 -1 453 -26 418 -80 499 -132 677 42 629 124 530 131
9 250 -16 242 -70 219 -116 157 -208 282 -224 362 -224 383 -216 446 -146 396 -73
10 230 -21 124 -72 185 -224 280 -224 298 -224 337 -203 391 -184 368 -74 336 -59 265 -33
3 349 -145 461 -93 439 76
9 439 113 409 56 354 -1 326 -58 409 -86 416 -156 455 -165 584 -75 529 128
8 220 224 193 224 117 133 133 128 209 -17 237 10 313 16 318 63
930 49
6 248 357 235 342 238 333 240 328 250 314 282 360
7 446 411 428 405 424 401 418 375 423 371 440 358 472 386
7 400 0 383 -24 387 -41 414 -54 425 -49 439 -40 423 0
7 540 -247 550 -272 562 -281 570 -284 571 -281 587 -272 580 -227
5 87 -361 101 -390 117 -392 141 -364 114 -339
9 179 39 178 39 162 14 162 8 162 3 176 -13 194 -9 209 34 206 37
9 306 -405 301 -405 298 -408 288 -442 311 -456 316 -453 329 -450 337 -407 331 -404
6 134 340 110 306 135 285 137 286 156 295 163 322
6 86 47 100 47 121 57 117 87 115 91 106 99
3 141 -381 134 -419 179 -385
5 542 243 518 226 542 193 566 205 569 230
9 596 195 586 195 576 169 577 156 585 151 611 147 624 185 620 193 604 196
9 49 -402 30 -423 27 -424 30 -442 32 -442 67 -456 83 -428 75 -409 66 -401
8 648 -178 649 -175 651 -176 663 -177 682 -160 685 -161 683 -147 661 -120
3 65 -399 109 -429 114 -393
5 525 -367 531 -418 532 -420 564 -401 561 -372
9 547 -59 537 -80 535 -81 537 -84 537 -88 557 -109 564 -109 579 -108 591 -88
4 454 -383 449 -406 493 -421 493 -379
6 213 -53 221 -99 258 -71 247 -50 238 -49 229 -44
10 709 -401 707 -406 690 -412 689 -420 687 -435 689 -443 696 -455 699 -454 737 -446 727 -406
6 580 -344 632 -369 634 -356 638 -357 628 -336 610 -325
6 340 239 344 234 363 228 376 229 382 236 380 274
3 331 121 326 113 367 80
9 327 134 303 122 303 100 302 97 317 81 333 75 351 95 351 114 354 115
6 497 -332 495 -337 494 -361 497 -366 532 -326 522 -321
3 451 146 432 109 462 92
7 526 -32 530 -83 550 -80 556 -79 563 -65 562 -45 561 -44
4 507 -265 509 -278 559 -260 551 -248
3 583 457 612 413 617 435
8 403 38 424 24 437 25 442 22 451 33 456 34 456 43 459 46
5 493 -397 476 -403 468 -428 493 -451 498 -399
5 306 293 294 265 326 249 332 248 339 252
5 696 -80 707 -81 717 -71 724 -60 697 -24
3 379 -252 388 -293 427 -282
8 290 -97 291 -120 297 -126 299 -129 341 -119 341 -115 340 -96 340 -89
6 167 101 191 106 192 106 203 128 184 152 176 158
8 688 -197 683 -197 670 -237 672 -245 683 -251 715 -241 720 -213 695 -199
7 423 224 414 215 403 189 413 173 456 195 451 208 438 218
5 215 350 209 333 259 317 263 335 238 359
6 103 -349 116 -383 125 -387 154 -347 155 -343 155 -340
7 547 339 542 318 546 308 564 300 591 312 588 346 577 350
4 536 221 538 203 566 185 586 202
9 237 204 232 203 221 193 213 182 228 155 233 152 252 153 267 167 259 196
8 328 -297 309 -323 306 -324 310 -337 359 -336 361 -322 340 -298 334 -296
9 500 43 497 46 493 45 476 4 493 -9 528 33 524 35 516 39 503 44
6 721 -405 730 -441 750 -442 752 -442 772 -422 768 -405
9 737 91 720 69 780 69 778 74 776 76 777 79 762 87 753 91 754 95
10 381 279 377 240 393 233 406 231 421 242 425 254 424 263 418 280 412 279 400 283
8 272 180 270 175 291 167 308 176 319 195 309 219 299 221 297 219
0 0
