31
100
500 500 500 500 500 500 500 500 500 500 500 500 500 500 500 500 500 500 500 500 500 500 500 500 500 500 500 500 500 500 500 500 500 500 500 500 500 500 500 500 500 500 500 500 500 500 500 500 500 500 500 500 500 500 500 500 500 500 500 500 500 500 500 500 500 500 500 500 500 500 500 500 500 500 500 500 500 500 500 500 500 500 500 500 500 500 500 500 500 500 500 500 500 500 500 500 500 500 500 500
100
333 330 193 430 16 275 6 69 209 328 27 71 326 369 7 58 154 129 241 89 86 283 26 105 428 414 323 87 268 419 183 74 18 85 313 274 222 382 24 387 180 118 260 416 454 141 307 197 283 21 316 275 429 192 29 381 481 37 445 496 190 338 260 26 131 34 263 207 62 19 385 483 380 83 423 145 144 142 73 398 263 95 448 260 419 93 260 124 207 59 279 324 414 163 186 395 47 487 142 490
100
313 24 397 486 370 373 70 373 408 61 494 159 198 171 457 463 500 4 417 104 165 134 117 191 183 82 167 388 49 230 12 137 396 443 192 171 156 23 472 238 211 475 420 72 290 78 87 95 459 331 239 286 476 20 154 57 220 234 460 126 319 463 268 343 315 51 281 55 338 158 263 109 381 90 25 191 463 83 402 264 23 477 246 17 406 279 73 83 5 268 321 291 394 293 475 89 438 258 235 439
100
318 17 496 499 188 214 47 445 228 108 387 267 143 272 269 414 60 39 274 133 115 154 485 465 214 394 348 436 282 22 258 421 462 222 213 197 130 69 234 44 436 402 101 139 340 371 239 341 238 414 444 379 333 253 410 339 263 54 435 46 261 370 20 235 431 320 100 239 93 190 147 452 214 244 172 152 325 113 8 97 448 19 97 402 76 18 324 198 434 114 103 495 28 337 100 4 149 76 2 54
100
462 60 129 30 343 495 84 100 370 500 390 32 59 169 433 412 157 407 94 128 198 220 374 430 159 105 328 428 113 352 125 76 143 478 366 405 46 313 398 323 18 299 144 269 398 188 160 118 377 236 25 88 391 250 444 251 240 298 402 478 216 304 98 499 152 453 300 83 201 308 32 145 277 135 267 124 238 119 17 120 436 111 239 108 388 135 42 106 117 491 64 313 9 330 279 48 489 57 451 265
100
384 151 439 232 201 482 116 238 119 127 413 375 169 419 203 400 103 19 491 55 90 76 52 464 164 447 319 451 59 377 421 234 163 258 246 291 137 185 450 300 500 473 85 42 143 481 29 329 394 361 129 68 474 388 219 237 38 354 12 36 396 8 414 381 216 365 12 45 304 53 167 66 200 144 142 325 386 167 399 63 245 263 361 218 305 178 167 385 148 303 172 416 151 472 404 319 355 299 69 261
100
209 73 314 53 392 93 103 443 310 248 415 41 252 152 434 41 491 234 477 442 384 309 497 256 393 276 227 109 285 43 388 427 430 403 136 47 323 496 267 206 168 404 82 261 425 56 71 303 59 427 79 131 202 63 228 19 151 370 16 492 384 119 100 111 265 223 270 453 210 73 106 72 115 322 452 142 25 12 485 20 298 209 170 122 79 218 89 348 168 339 468 157 365 497 43 405 244 88 61 493
100
91 302 303 453 342 400 105 240 461 95 164 86 198 123 472 189 121 158 253 258 450 277 413 138 86 368 152 463 388 482 256 28 360 264 91 372 276 374 111 297 472 14 273 433 231 158 337 120 379 267 424 260 226 278 23 302 65 477 430 133 172 296 132 93 463 88 313 404 380 212 489 111 183 152 434 361 22 489 254 225 155 80 463 141 370 365 209 408 281 331 55 3 342 252 338 277 180 316 272 424
100
360 374 206 228 479 240 426 177 441 436 314 283 351 199 359 500 225 157 169 436 91 363 499 183 365 389 44 247 357 451 312 226 200 180 432 26 41 220 224 186 454 483 371 197 10 21 187 131 369 151 237 455 259 24 108 69 351 483 208 139 431 121 300 181 182 412 69 305 70 256 105 323 357 487 54 345 443 372 265 114 196 408 442 379 29 411 385 291 113 119 152 293 287 327 185 335 293 375 96 480
100
215 500 116 20 389 138 140 255 280 126 450 316 296 156 335 130 282 486 125 203 359 175 284 442 472 3 492 461 211 416 212 33 3 383 361 421 320 282 242 90 462 222 43 123 424 162 59 237 290 210 183 488 80 139 98 161 357 202 217 52 54 256 138 201 424 307 228 150 59 55 457 328 62 42 86 435 125 37 94 459 462 360 190 368 401 67 410 241 389 364 494 302 224 282 498 388 248 302 498 124
100
480 465 289 424 25 184 346 423 45 309 241 319 130 32 66 162 93 101 461 362 190 416 97 4 114 107 12 45 309 43 428 304 50 357 239 231 30 239 194 46 411 295 99 476 347 317 27 119 253 67 138 209 420 25 497 65 304 74 150 126 209 171 91 54 287 144 215 447 125 21 183 355 210 115 401 467 351 404 263 372 378 184 33 80 358 414 255 139 61 126 192 97 414 87 181 493 318 348 6 235
100
438 1 384 435 291 97 206 105 483 182 450 165 373 37 76 10 374 382 290 328 243 271 284 465 183 491 5 395 114 220 437 341 357 335 353 368 114 120 39 87 168 150 1 49 49 467 438 255 190 134 175 431 171 48 497 33 337 263 460 426 414 131 70 276 2 201 114 89 397 26 332 420 332 372 167 27 288 236 416 230 314 337 204 341 229 307 142 121 322 368 82 387 428 185 164 400 328 101 113 143
100
196 111 389 43 487 17 128 21 480 332 219 453 111 162 306 119 178 461 306 95 230 490 147 65 392 447 139 209 142 7 156 228 369 240 269 97 17 171 134 46 490 464 481 362 150 232 13 278 108 180 215 185 55 451 432 226 480 212 443 344 55 196 386 467 183 1 35 104 340 399 468 495 414 7 397 286 193 82 218 309 434 428 428 329 430 450 389 383 76 186 410 305 453 112 332 425 69 383 76 424
100
145 118 428 187 15 58 151 219 71 463 128 349 479 305 408 490 98 355 257 320 411 212 432 265 464 247 214 491 429 4 303 472 245 52 476 62 180 172 489 223 261 132 326 191 327 254 224 177 307 263 465 95 58 492 336 292 143 395 475 474 138 326 320 431 255 291 497 323 396 284 162 301 320 459 7 421 266 182 208 407 342 411 309 433 135 483 303 32 102 494 26 404 308 372 112 256 134 166 213 482
100
482 178 140 51 321 318 189 78 115 476 13 118 193 329 391 440 450 228 94 472 297 184 315 280 61 156 44 57 268 279 306 173 235 160 241 298 39 434 158 96 498 271 22 345 327 22 153 35 370 154 271 294 383 363 485 222 166 42 378 140 363 96 484 383 359 226 471 224 189 69 414 33 188 38 311 305 342 305 367 251 361 211 274 84 191 359 110 22 210 226 23 335 326 429 155 142 47 436 300 280
100
52 192 366 264 300 204 214 280 56 337 32 308 447 181 440 100 475 452 44 147 234 232 345 130 393 382 114 237 342 199 262 404 408 300 217 339 332 316 203 480 279 285 190 450 464 311 426 478 168 484 211 438 151 22 219 414 378 44 434 329 391 333 7 361 365 489 374 496 46 361 11 210 74 194 179 320 232 159 390 464 46 420 149 212 217 147 47 229 475 497 109 31 280 128 303 489 492 230 288 284
100
13 2 214 203 132 495 84 53 193 396 290 157 451 64 99 193 443 185 365 282 233 406 332 241 146 451 137 69 92 416 234 276 15 146 15 356 453 76 316 52 447 242 64 382 407 185 321 425 152 43 436 197 93 394 294 488 38 430 427 180 13 334 476 484 161 303 107 145 245 99 351 122 430 398 488 411 152 158 50 441 337 307 45 14 11 242 374 363 355 54 188 155 497 437 112 98 34 77 287 132
100
182 113 74 355 40 199 292 125 197 77 15 11 38 242 111 359 35 400 70 398 111 221 43 5 154 36 289 471 465 69 428 371 33 481 81 377 68 500 269 59 35 351 425 434 467 74 317 267 499 297 5 386 469 305 432 389 213 435 118 213 452 173 38 141 208 52 377 383 250 369 401 146 172 170 477 123 10 347 263 129 22 385 66 313 67 383 369 265 370 155 4 253 79 129 249 488 69 419 143 189
100
489 299 475 97 284 176 343 295 497 336 476 33 446 478 159 137 147 137 334 77 328 119 197 74 305 171 463 451 54 250 397 139 178 324 76 408 73 182 128 43 37 386 250 298 81 217 143 409 186 105 174 124 68 436 142 198 129 188 70 365 199 491 334 150 153 371 455 344 155 287 69 223 151 416 334 276 166 252 332 366 477 33 42 66 390 2 196 193 356 159 275 80 467 407 357 204 10 342 466 462
100
420 217 116 215 6 217 127 435 266 179 460 106 462 191 98 151 161 153 210 384 27 200 8 426 363 92 58 435 218 268 230 487 24 26 413 230 321 152 497 332 124 12 312 495 101 383 177 191 380 16 368 265 279 354 393 417 332 299 144 47 265 271 440 299 259 207 422 197 399 220 179 102 92 189 384 448 329 441 340 280 142 84 379 127 168 164 500 147 72 123 437 468 87 488 246 377 168 47 247 18
100
34 338 227 128 56 459 180 214 418 248 161 177 226 231 494 45 220 498 122 329 319 422 407 50 160 462 235 14 404 492 73 80 474 24 374 330 330 439 380 78 368 424 413 231 72 313 352 109 232 191 439 477 400 41 262 467 328 85 52 245 142 286 43 443 480 444 381 231 457 423 221 259 112 376 220 336 498 287 31 299 81 439 298 465 63 121 437 264 418 494 446 78 274 181 445 289 254 334 58 296
100
370 205 43 96 216 30 394 372 345 233 332 461 426 144 248 453 497 218 82 474 203 425 5 246 385 348 333 130 357 331 347 453 65 350 479 192 258 161 368 16 170 284 370 291 500 447 72 155 378 344 431 495 461 269 424 68 413 387 202 250 325 433 256 94 305 234 380 363 3 273 375 418 126 118 380 496 373 59 246 279 372 265 389 432 166 346 184 470 222 477 306 371 474 112 331 216 154 321 291 87
100
26 131 303 413 351 462 354 37 224 214 32 239 165 254 68 446 163 385 177 110 227 249 243 324 291 29 158 2 173 351 477 70 227 213 445 7 431 19 470 342 234 339 470 265 50 357 422 331 349 143 19 177 456 17 325 308 23 380 167 165 23 165 206 173 114 455 103 275 395 257 467 98 82 171 373 299 122 421 338 352 376 74 86 106 35 158 483 267 2 410 280 485 353 4 94 240 439 99 419 198
100
133 473 106 305 206 207 364 439 244 181 340 414 394 171 55 26 312 105 340 115 61 232 313 418 22 119 151 250 62 298 229 267 298 315 264 258 215 87 264 418 278 132 455 161 158 209 202 457 42 292 193 215 252 490 422 353 248 361 348 429 273 186 407 13 389 334 160 479 227 223 62 345 344 293 479 44 120 304 244 309 237 399 170 298 7 49 155 225 176 146 100 487 324 416 220 145 205 206 157 407
100
244 230 237 109 109 407 316 239 476 466 288 104 108 372 9 342 74 30 241 26 138 433 5 132 464 367 473 148 77 482 146 322 189 310 429 364 130 218 38 125 61 120 92 65 256 402 277 141 144 121 300 106 27 107 338 227 493 116 201 335 95 261 363 377 42 274 401 332 435 212 130 434 489 136 288 482 131 14 45 47 431 337 67 130 425 55 321 29 139 437 304 480 114 10 416 77 85 233 18 444
100
132 351 260 75 304 195 109 442 481 140 298 432 133 448 483 103 163 215 296 187 101 72 71 306 79 437 26 36 462 151 108 130 145 171 213 165 251 337 305 286 308 56 462 31 178 478 237 489 286 404 174 30 386 236 370 207 171 347 407 61 389 59 232 48 382 496 174 231 226 69 399 333 83 269 349 352 464 131 274 256 22 478 483 340 322 358 482 386 437 483 302 338 56 490 433 123 180 498 203 30
100
183 147 280 456 202 330 176 322 232 346 4 195 112 236 365 288 470 197 216 100 388 172 289 22 214 447 278 238 434 5 214 360 365 112 124 14 103 241 296 238 385 109 418 322 176 398 128 293 378 20 126 469 485 225 136 288 428 23 364 479 17 304 109 495 471 186 396 189 484 47 390 27 46 354 393 253 349 161 7 197 391 462 200 424 309 59 169 182 345 192 421 329 212 89 42 1 34 29 211 486
100
17 453 483 375 2 165 313 400 292 415 307 294 81 118 218 485 6 137 170 269 241 104 366 155 427 146 383 98 443 86 183 465 393 106 172 270 8 67 54 428 206 439 82 85 255 100 440 460 271 115 359 242 98 244 40 403 267 496 254 407 42 358 98 78 210 34 71 11 58 4 151 189 206 8 21 51 182 121 493 288 329 238 107 368 393 417 309 245 471 351 3 82 498 333 371 107 65 452 315 248
100
109 119 91 286 258 340 449 128 370 115 280 440 202 149 368 390 237 302 113 99 329 259 226 250 98 334 106 98 440 345 165 477 151 489 432 255 248 6 381 422 282 494 296 233 415 59 234 376 55 485 294 182 155 174 348 240 222 200 22 314 171 111 47 3 340 322 257 151 32 367 97 338 338 342 486 186 151 210 46 487 150 335 294 236 76 137 146 126 62 398 313 429 124 500 337 187 106 203 211 83
100
14 485 424 257 366 181 295 44 115 4 252 85 348 246 266 132 251 193 331 351 233 227 251 212 59 120 498 97 142 159 472 342 400 159 396 380 197 334 67 218 402 190 188 222 188 57 7 98 364 272 33 431 6 133 262 273 472 389 449 383 443 389 229 52 437 48 245 487 340 302 263 242 415 268 337 404 213 470 121 109 459 48 201 145 171 273 327 303 129 199 498 59 88 402 246 448 243 13 318 256
100
102 276 363 453 385 297 82 419 92 352 255 384 387 490 323 365 182 31 40 181 440 369 44 368 258 452 386 230 413 495 314 287 472 289 196 251 63 494 195 120 194 295 121 407 140 324 411 27 72 53 34 208 34 331 286 45 46 295 316 485 130 473 363 374 444 98 369 47 28 15 34 291 473 343 94 104 49 331 56 455 20 23 121 173 213 249 83 20 56 49 114 359 333 492 42 406 454 265 46 43
