2
6
100
99999999999999
99999999999998
99999999999997
99999999999996
39835903759348
12312349344545
12349432975494
7984925229121
23954775687363
221
169
1611753
315903588
49
303009564
123
-2
-6
-100
-99999999999999
-99999999999998
-99999999999997
-99999999999996
-39835903759348
-12312349344545
-12349432975494
-7984925229121
-23954775687363
-221
-169
-1611753
-315903588
-49
-303009564
-123
99999999999999
99999999999998
99999999999997
99999999999996
99999999999999
99999999999998
99999999999997
99999999999996
99999999999999
99999999999998
99999999999997
99999999999996
99999999999999
99999999999998
99999999999997
99999999999996
99999999999999
99999999999998
99999999999997
99999999999996
99999999999999
99999999999998
99999999999997
99999999999996
99999999999999
99999999999998
99999999999997
99999999999996
99999999999999
99999999999998
99999999999997
99999999999996
99999999999999
99999999999998
99999999999997
99999999999996
99999999999999
99999999999998
99999999999997
99999999999996
99999999999999
99999999999998
99999999999997
99999999999996
99999999999999
99999999999998
99999999999997
99999999999996
99999999999999
99999999999998
99999999999997
99999999999996
99999999999999
99999999999998
99999999999997
99999999999996
99999999999999
99999999999998
99999999999997
99999999999996
99999999999999
99999999999998
99999999999997
99999999999996
99999999999999
99999999999998
99999999999997
99999999999996
99999999999999
99999999999998
99999999999997
99999999999996
99999999999999
99999999999998
99999999999997
99999999999996
99999999999999
99999999999998
99999999999997
99999999999996
99999999999999
99999999999998
99999999999997
99999999999996
99999999999999
99999999999998
99999999999997
99999999999996
99999999999999
99999999999998
99999999999997
99999999999996
99999999999999
99999999999998
99999999999997
99999999999996
99999999999999
99999999999998
99999999999997
99999999999996
99999999999999
99999999999998
99999999999997
99999999999996
99999999999999
99999999999998
99999999999997
99999999999996
99999999999999
99999999999998
99999999999997
99999999999996
99999999999999
99999999999998
99999999999997
99999999999996
99999999999999
99999999999998
99999999999997
99999999999996
99999999999999
99999999999998
99999999999997
99999999999996
99999999999999
99999999999998
99999999999997
99999999999996
99999999999999
99999999999998
99999999999997
99999999999996
99999999999999
99999999999998
99999999999997
99999999999996
99999999999999
99999999999998
99999999999997
99999999999996
99999999999999
99999999999998
99999999999997
99999999999996
99999999999999
99999999999998
99999999999997
99999999999996
99999999999999
99999999999998
99999999999997
99999999999996
99999999999999
99999999999998
99999999999997
99999999999996
99999999999999
99999999999998
99999999999997
99999999999996
99999999999999
99999999999998
99999999999997
99999999999996
99999999999999
99999999999998
99999999999997
99999999999996
99999999999999
99999999999998
99999999999997
99999999999996
99999999999999
99999999999998
99999999999997
99999999999996
99999999999999
99999999999998
99999999999997
99999999999996
99999999999999
99999999999998
99999999999997
99999999999996
99999999999999
99999999999998
99999999999997
99999999999996
99999999999999
99999999999998
99999999999997
99999999999996
99999999999999
99999999999998
99999999999997
99999999999996
99999999999999
99999999999998
99999999999997
99999999999996
99999999999999
99999999999998
99999999999997
99999999999996
99999999999999
99999999999998
99999999999997
99999999999996
99999999999999
99999999999998
99999999999997
99999999999996
99999999999999
99999999999998
99999999999997
99999999999996
99999999999999
99999999999998
99999999999997
99999999999996
99999999999999
99999999999998
99999999999997
99999999999996
99999999999999
99999999999998
99999999999997
99999999999996
99999999999999
99999999999998
99999999999997
99999999999996
99999999999999
99999999999998
99999999999997
99999999999996
99999999999999
99999999999998
99999999999997
99999999999996
99999999999999
99999999999998
99999999999997
99999999999996
99999999999999
99999999999998
99999999999997
99999999999996
99999999999999
99999999999998
99999999999997
99999999999996
99999999999999
99999999999998
99999999999997
99999999999996
99999999999999
99999999999998
99999999999997
99999999999996
99999999999999
99999999999998
99999999999997
99999999999996
99999999999999
99999999999998
99999999999997
99999999999996
99999999999999
99999999999998
99999999999997
99999999999996
99999999999999
99999999999998
99999999999997
99999999999996
99999999999999
99999999999998
99999999999997
99999999999996
99999999999999
99999999999998
99999999999997
99999999999996
99999999999999
99999999999998
99999999999997
99999999999996
99999999999999
99999999999998
99999999999997
99999999999996
99999999999999
99999999999998
99999999999997
99999999999996
99999999999999
99999999999998
99999999999997
99999999999996
99999999999999
99999999999998
99999999999997
99999999999996
99999999999999
99999999999998
99999999999997
99999999999996
99999999999999
99999999999998
99999999999997
99999999999996
99999999999999
99999999999998
99999999999997
99999999999996
99999999999999
99999999999998
99999999999997
99999999999996
99999999999999
99999999999998
99999999999997
99999999999996
99999999999999
99999999999998
99999999999997
99999999999996
99999999999999
99999999999998
99999999999997
99999999999996
99999999999999
99999999999998
99999999999997
99999999999996
99999999999999
99999999999998
99999999999997
99999999999996
99999999999999
99999999999998
99999999999997
99999999999996
99999999999999
99999999999998
99999999999997
99999999999996
99999999999999
99999999999998
99999999999997
99999999999996
99999999999999
99999999999998
99999999999997
99999999999996
99999999999999
99999999999998
99999999999997
99999999999996
99999999999999
99999999999998
99999999999997
99999999999996
99999999999999
99999999999998
99999999999997
99999999999996
99999999999999
99999999999998
99999999999997
99999999999996
99999999999999
99999999999998
99999999999997
99999999999996
99999999999999
99999999999998
99999999999997
99999999999996
99999999999999
99999999999998
99999999999997
99999999999996
99999999999999
99999999999998
99999999999997
99999999999996
99999999999999
99999999999998
99999999999997
99999999999996
99999999999999
99999999999998
99999999999997
99999999999996
99999999999999
99999999999998
99999999999997
99999999999996
99999999999999
99999999999998
99999999999997
99999999999996
99999999999999
99999999999998
99999999999997
99999999999996
99999999999999
99999999999998
99999999999997
99999999999996
99999999999999
99999999999998
99999999999997
99999999999996
99999999999999
99999999999998
99999999999997
99999999999996
99999999999999
99999999999998
99999999999997
99999999999996
99999999999999
99999999999998
99999999999997
99999999999996
99999999999999
99999999999998
99999999999997
99999999999996
99999999999999
99999999999998
99999999999997
99999999999996
99999999999999
99999999999998
99999999999997
99999999999996
99999999999999
99999999999998
99999999999997
99999999999996
99999999999999
99999999999998
99999999999997
99999999999996
99999999999999
99999999999998
99999999999997
99999999999996
99999999999999
99999999999998
99999999999997
99999999999996
99999999999999
99999999999998
99999999999997
99999999999996
99999999999999
99999999999998
99999999999997
99999999999996
99999999999999
99999999999998
99999999999997
99999999999996
99999999999999
99999999999998
99999999999997
99999999999996
99999999999999
99999999999998
99999999999997
99999999999996
99999999999999
99999999999998
99999999999997
99999999999996
99999999999999
99999999999998
99999999999997
99999999999996
99999999999999
99999999999998
99999999999997
99999999999996
99999999999999
99999999999998
99999999999997
99999999999996
99999999999999
99999999999998
99999999999997
99999999999996
99999999999999
99999999999998
99999999999997
99999999999996
99999999999999
99999999999998
99999999999997
99999999999996
0
