1

158 23
1851255321
3186514053
3129121773
3220593604
3642607105
3322143907
3259341946
3337095036
1579306993
4011238575
4037958446
1255526086
2191208331
3776759493
3574491978
3792188107
3182598758
3217045056
3935862075
2463227854
3111496485
3274532374
1700054561
3169908760
3917587334
2460954429
3935862063
3917587500
2839693398
4024713771
3182598680
3639807339
1053465009
4275912950
4157060706
3842611071
3792188096
3917587526
1496441579
1771875149
2140471938
3936495051
2018361772
2400862040
3917587514
4024713870
1453168390
1948819400
3842611047
4260928868
436273267
1631577774
2650773324
3842610994
2076563073
2661555423
2223792881
2300942813
866957419
3494253489
2742585839
3202516097
1588640643
3917587473
860204478
895387004
516540399
3917587394
3218901688
1765325456
2230407111
2220241171
3629854953
1750915582
3907529571
649580382
2660792684
2300942806
4247918882
2433630379
1855047441
3367208043
3282738081
530580171
213158443
4113302391
4024713876
3583585521
3220593741
3609875365
3130020629
2579722596
4215925084
4209796355
1202442330
2300942835
2851581790
1851255421
2616630847
3707847643
3795600832
4052332713
1755406598
2845236771
3083609053
3323472400
202107753
564723327
106092507
2300942845
1141831522
3273674970
4247918890
4246908430
2889335148
3756553478
3182598685
4024713929
852930368
4207338180
3706756981
3367207909
4184418295
2357882210
2979886035
3706757080
2661555461
1543807518
3692402159
3339140524
2300942697
2842739576
2539418804
2362150518
2418857044
1391048165
2802721982
3750382732
2300942775
4260928850
4212422137
2979886166
3917587318
3031796776
1313115682
3274340487
4230123345
2438677181
4024713817
1667186613
4275912909
3642720603
3671493151
3650969272
2433630333
4024713950
1774486722
4112100582
