1 1
0
0 100
2 2
50 90
70 50
0 100
0 100
2 2
50 90
70 50
30 70
30 70
2 2
50 90
70 50
50 50
50 50
2 2
73 52
92 81
20 50
60 80

2 3
100 100 100
100 100 100
0 100
0 100
0 100


2 3
0 0 0
0 0 0
0 100
0 100
0 100

2 3
0 0 0
0 0 100
0 100
0 100
0 100

2 3
0 0 0
0 0 100
0 100
0 100
0 50


2 3
0 0 0
0 0 100
0 100
0 100
0 0

2 3
0 100 0
0 0 100
0 100
0 100
0 100


2 3
0 100 0
0 0 100
0 100
0 50
0 100

2 3
0 100 0
0 0 100
0 100
0 50
0 50

2 3
0 100 0
0 0 100
0 100
0 50
0 0

0 0