100
0 1 255 100
36 165 166 11 247 214 237 168 66 159 180 94 100 120 136 168 60 254 235 180 176 167 138 108 14 13 157 149 49 91 225 102 7 146 59 214 0 126 31 72 35 216 58 94 252 248 32 164 32 120 133 73 182 192 117 227 205 253 212 24 4 208 4 153 154 87 125 146 183 22 112 159 7 220 40 3 27 234 8 24 17 248 156 169 231 238 92 52 255 9 236 166 209 120 243 238 253 16 204 208
1 0 1 100
210 128 135 242 117 184 231 229 12 89 206 113 178 170 221 79 182 203 169 127 133 4 91 49 143 108 120 137 122 8 153 149 64 137 117 147 104 164 85 229 0 224 32 148 105 75 103 43 10 139 142 157 248 170 246 210 63 246 101 246 53 140 195 244 191 92 236 23 224 193 111 194 192 220 247 155 7 52 116 54 76 90 238 164 134 154 30 212 225 245 11 236 39 197 212 119 89 97 24 143
1 0 0 50
17 17 17 17 17 17 17 17 17 17 17 17 17 17 17 17 17 17 17 17 17 17 17 17 17 17 17 17 17 17 17 17 17 17 17 17 17 17 17 17 17 17 17 17 17 17 17 17 17 17
2 0 0 52
195 187 73 118 73 176 60 90 85 49 184 72 251 199 143 228 178 227 162 200 42 201 239 175 15 105 205 178 140 92 142 182 67 126 77 55 144 146 196 110 184 72 76 190 203 159 93 126 50 8 115 128
2 0 0 67
196 253 68 3 241 136 168 169 245 45 122 234 86 6 34 126 115 70 69 17 149 160 32 55 216 144 114 210 213 156 131 49 52 158 166 239 102 60 229 76 161 64 46 214 11 194 187 40 127 248 84 143 19 26 164 220 17 254 55 52 248 110 11 39 149 46 126
2 0 0 54
29 188 232 176 109 88 16 239 58 0 251 177 252 171 41 21 115 244 198 50 96 25 52 220 229 135 234 205 59 251 14 62 89 162 122 116 162 177 247 141 79 199 192 100 193 182 12 193 201 16 43 81 117 202
1 0 0 91
0 1 2 3 4 5 6 7 8 9 0 1 2 3 4 5 6 7 8 9 0 1 2 3 4 5 6 7 8 9 0 1 2 3 4 5 6 7 8 9 0 1 2 3 4 5 6 7 8 9 0 1 2 3 4 5 6 7 8 9 0 1 2 3 4 5 6 7 8 9 0 1 2 3 4 5 6 7 8 9 0 1 2 3 4 5 6 7 8 9 0
1 0 0 60
12 13 13 13 14 14 14 13 13 14 12 12 13 12 14 14 14 14 14 13 12 13 13 13 12 14 12 13 12 12 13 13 14 14 13 13 12 14 13 12 12 12 14 13 13 14 14 13 12 12 12 12 13 14 13 12 14 13 13 12
1 0 0 80
103 103 104 102 106 108 100 104 100 103 107 106 108 104 108 100 102 107 103 105 108 101 104 100 101 102 101 105 105 102 104 108 100 108 104 108 106 106 107 104 105 100 104 104 104 103 101 108 101 108 108 105 100 107 101 105 104 100 108 100 101 103 107 102 105 105 100 107 105 103 100 108 103 101 106 107 107 101 101 104
255 0 0 8
35 34 84 146 162 186 109 120
255 0 0 10
77 160 51 126 56 151 148 33 74 107
255 0 0 10
31 84 33 185 148 109 109 23 249 51
255 0 0 10
121 78 135 90 49 179 37 90 213 30
255 0 0 10
32 47 66 71 50 87 134 4 1 75
255 0 0 9
139 188 70 159 134 169 212 151 14
255 255 255 49
255 0 255 0 255 0 255 0 255 0 255 0 255 0 255 0 255 0 255 0 255 0 255 0 255 0 255 0 255 0 255 0 255 0 255 0 255 0 255 0 255 0 255 0 255 0 255 0 255
2 2 254 49
255 0 255 0 255 0 255 0 255 0 255 0 255 0 255 0 255 0 255 0 255 0 255 0 255 0 255 0 255 0 255 0 255 0 255 0 255 0 255 0 255 0 255 0 255 0 255 0 255
255 1 3 49
255 0 255 0 255 0 255 0 255 0 255 0 255 0 255 0 255 0 255 0 255 0 255 0 255 0 255 0 255 0 255 0 255 0 255 0 255 0 255 0 255 0 255 0 255 0 255 0 255
255 1 1 49
255 0 255 0 255 0 255 0 255 0 255 0 255 0 255 0 255 0 255 0 255 0 255 0 255 0 255 0 255 0 255 0 255 0 255 0 255 0 255 0 255 0 255 0 255 0 255 0 255
50 1 1 99
50 100 100 100 100 100 100 100 100 100 100 100 100 100 100 100 100 100 100 100 100 100 100 100 100 100 100 100 100 100 100 100 100 100 100 100 100 100 100 100 100 100 100 100 100 100 100 100 100 100 100 100 100 100 100 100 100 100 100 100 100 100 100 100 100 100 100 100 100 100 100 100 100 100 100 100 100 100 100 100 100 100 100 100 100 100 100 100 100 100 100 100 100 100 100 100 100 100 100
48 1 1 99
50 100 100 100 100 100 100 100 100 100 100 100 100 100 100 100 100 100 100 100 100 100 100 100 100 100 100 100 100 100 100 100 100 100 100 100 100 100 100 100 100 100 100 100 100 100 100 100 100 100 100 100 100 100 100 100 100 100 100 100 100 100 100 100 100 100 100 100 100 100 100 100 100 100 100 100 100 100 100 100 100 100 100 100 100 100 100 100 100 100 100 100 100 100 100 100 100 100 100
50 1 1 99
100 100 100 100 100 100 100 100 100 100 100 100 100 100 100 100 100 100 100 100 100 100 100 100 100 100 100 100 100 100 100 100 100 100 100 100 100 100 100 50 100 100 100 100 100 100 100 100 100 100 100 100 100 100 100 100 100 100 100 100 100 100 100 100 100 100 100 100 100 100 100 100 100 100 100 100 100 100 100 100 100 100 100 100 100 100 100 100 100 100 100 100 100 100 100 100 100 100 100
48 1 1 99
100 100 100 100 100 100 100 100 100 100 100 100 100 100 100 100 100 100 100 100 100 100 100 100 100 100 100 100 100 100 100 100 100 100 100 100 100 100 100 50 100 100 100 100 100 100 100 100 100 100 100 100 100 100 100 100 100 100 100 100 100 100 100 100 100 100 100 100 100 100 100 100 100 100 100 100 100 100 100 100 100 100 100 100 100 100 100 100 100 100 100 100 100 100 100 100 100 100 100
173 4 5 100
70 20 37 38 53 12 100 18 84 74 89 88 42 79 46 40 56 87 87 34 45 70 104 8 49 18 88 0 42 101 32 26 76 76 85 21 3 89 100 82 61 84 32 2 54 101 77 73 50 53 91 33 10 99 4 95 103 52 84 97 50 103 95 94 24 10 73 77 102 43 85 3 87 80 79 59 20 78 48 98 8 102 83 2 34 40 76 52 56 12 6 81 77 18 1 17 34 97 49 57
25 20 14 100
31 6 34 23 9 9 7 6 0 13 38 8 13 35 24 7 24 18 23 37 32 2 23 3 12 37 3 21 24 10 8 8 15 12 20 24 11 35 33 22 23 38 20 10 18 21 27 24 2 5 3 14 28 37 15 30 11 29 5 28 2 30 27 34 25 28 10 25 38 3 32 34 7 27 21 17 23 33 16 31 12 21 24 35 37 32 7 18 25 31 33 2 35 9 10 26 38 9 8 4
18 5 3 100
19 10 8 13 5 12 2 2 11 14 20 20 8 15 4 8 9 15 14 20 2 10 17 9 14 20 0 18 12 6 12 14 10 15 18 4 11 20 12 9 3 7 7 18 5 4 20 18 8 20 9 4 8 0 7 6 14 18 3 2 13 4 2 13 6 10 6 3 10 4 15 18 15 20 11 7 8 15 2 17 10 16 8 7 17 15 19 10 7 18 17 12 7 8 12 17 17 13 16 5
62 16 8 99
18 35 27 0 16 5 30 6 23 27 5 44 9 32 1 17 35 18 18 12 3 44 15 37 44 5 12 31 19 3 2 11 40 39 15 7 39 28 37 18 30 44 20 43 23 24 31 27 39 6 40 43 29 9 36 26 17 4 5 20 16 40 39 40 20 17 20 13 18 35 2 30 1 42 3 30 8 14 27 34 35 24 12 9 1 9 9 30 12 3 21 0 44 26 42 36 26 20 12
210 24 18 99
81 95 79 99 23 133 36 61 20 1 13 135 96 138 5 0 46 99 19 107 58 105 86 31 130 98 79 94 46 134 125 120 72 87 110 34 101 130 4 114 40 112 40 101 75 11 78 59 82 85 128 112 16 31 68 10 118 78 35 77 50 111 83 60 1 78 20 22 69 104 111 84 127 89 44 49 4 3 114 115 36 136 120 9 111 11 127 35 104 127 96 102 137 29 51 118 23 8 108
249 35 59 99
127 44 0 32 1 135 1 4 49 87 123 14 106 31 48 99 121 99 14 125 109 31 9 11 79 62 14 0 82 135 110 35 109 31 106 26 53 116 85 137 33 56 79 115 25 17 134 50 8 28 9 59 37 121 118 16 52 134 99 118 5 116 27 101 40 125 78 109 81 100 117 84 93 118 45 37 109 78 83 98 124 60 96 24 22 68 59 58 75 37 56 134 80 59 100 119 1 20 23
193 80 54 99
70 62 109 136 74 135 34 70 135 109 138 121 72 8 109 84 11 75 113 67 91 76 0 129 43 17 136 62 2 127 108 73 130 32 108 115 135 120 66 119 11 93 82 28 90 50 128 130 71 92 52 83 35 38 128 9 106 35 74 22 132 127 72 5 98 71 16 55 131 58 6 7 28 30 62 127 120 43 7 65 12 121 102 26 127 79 100 54 35 36 113 80 132 111 81 70 50 63 78
192 91 106 100
68 172 167 6 105 27 117 82 138 162 52 138 159 122 165 96 118 128 27 125 167 146 55 132 78 108 150 18 159 74 114 169 119 71 163 87 75 151 176 11 57 22 112 141 89 68 117 22 3 150 30 70 98 135 62 169 14 160 114 100 69 112 106 76 51 123 175 50 161 7 146 64 6 153 28 4 57 135 145 24 161 112 12 123 118 137 15 40 113 83 40 97 110 48 43 111 69 135 115 5
255 95 72 99
32 95 127 48 107 11 103 13 154 184 70 197 35 181 36 195 71 33 103 29 14 61 44 89 3 78 64 169 67 187 51 116 33 191 175 114 26 58 0 92 131 120 0 199 92 189 202 140 203 27 73 108 33 203 26 185 32 7 101 114 6 68 161 59 181 145 27 131 20 193 170 20 69 9 137 77 5 99 34 76 43 20 111 130 94 170 174 149 136 154 120 153 101 173 67 11 89 119 95
255 16 18 100
121 147 122 0 68 144 207 74 7 135 188 171 56 19 200 146 18 179 85 23 202 27 198 110 108 44 14 211 46 199 150 61 120 169 140 197 118 13 22 34 219 105 31 18 199 98 19 192 6 77 107 205 51 174 182 85 43 168 96 163 177 100 130 110 111 117 72 117 48 186 37 59 4 190 149 187 68 208 133 177 162 12 111 192 56 38 100 69 93 11 155 71 7 111 208 124 134 1 123 175
194 10 6 99
19 180 73 91 32 183 122 114 79 105 182 113 93 108 25 184 137 111 167 75 86 67 160 113 175 142 24 15 70 58 126 95 144 139 10 20 68 22 100 50 138 178 174 160 19 164 3 171 176 78 99 90 18 167 63 78 94 166 24 54 113 15 25 125 72 14 100 2 9 138 183 19 80 83 6 150 64 64 164 86 142 38 52 114 183 142 26 144 110 36 75 93 132 10 183 23 168 47 3
255 255 155 100
36 154 109 164 166 131 13 20 118 37 122 65 97 69 173 146 29 63 29 33 96 172 80 52 16 98 81 95 146 180 33 34 36 10 2 37 115 109 31 108 105 174 69 129 8 32 116 85 134 52 12 178 148 154 157 18 104 25 71 159 21 86 29 102 99 45 5 36 92 111 12 84 4 35 175 10 71 2 166 111 137 104 22 31 82 178 126 143 68 69 102 115 45 86 8 21 47 108 59 133
85 48 27 100
85 81 46 69 11 13 95 18 21 44 11 77 82 87 51 77 72 19 65 31 14 90 41 84 54 67 53 42 76 54 47 73 29 87 13 6 81 16 9 22 56 56 41 70 100 64 93 3 37 99 60 93 98 28 2 8 3 82 7 39 99 62 67 85 28 9 57 66 23 2 76 10 89 69 51 58 51 99 20 15 23 78 44 8 83 63 25 71 90 93 32 30 6 15 93 77 59 100 42 22
49 36 18 100
61 2 8 50 57 14 55 88 85 25 85 21 50 64 16 77 68 69 74 49 79 11 22 57 69 92 89 94 38 39 26 17 8 75 19 10 32 44 68 28 88 92 16 3 49 95 80 22 47 89 16 29 36 62 85 6 94 80 21 52 80 12 2 1 1 67 12 79 18 93 72 93 20 16 97 27 46 48 26 32 6 72 49 64 58 77 49 84 59 29 49 32 2 15 53 25 16 24 30 73
91 2 2 99
79 137 60 63 47 68 71 72 130 9 23 37 65 117 127 88 74 56 112 74 54 116 29 136 78 135 109 8 97 111 24 52 5 12 103 66 88 66 12 91 106 63 2 83 117 132 114 2 2 104 102 9 5 108 102 118 104 54 138 71 75 46 138 111 9 105 70 44 35 59 134 19 93 65 33 122 28 100 84 61 112 22 81 61 9 44 135 4 50 22 138 7 77 26 49 88 104 65 56
244 38 26 99
86 71 169 126 52 146 46 99 74 89 200 84 76 180 109 9 118 58 107 90 160 3 2 104 173 200 120 50 63 78 42 38 80 87 104 188 67 205 206 27 74 166 197 48 73 86 96 146 211 128 40 85 82 12 110 57 129 188 191 49 141 165 174 89 171 63 116 34 75 34 118 104 8 176 146 201 96 53 188 139 102 138 170 204 172 197 202 119 163 177 29 212 64 69 190 213 34 202 36
158 38 24 100
73 105 7 87 90 19 105 8 3 127 104 46 46 112 24 72 44 43 39 128 51 35 114 69 108 15 101 34 71 10 13 60 79 52 129 117 100 106 73 45 117 61 99 97 139 102 79 77 131 123 12 70 120 71 74 117 90 30 90 23 70 57 72 90 61 22 98 59 109 78 84 38 116 8 65 84 114 8 50 117 83 29 59 143 138 132 35 31 16 134 91 21 118 110 114 73 64 43 19 28
255 61 46 99
162 83 134 136 165 79 110 52 85 48 58 134 113 162 166 92 88 11 159 65 124 120 133 160 162 85 69 122 168 64 26 29 171 56 23 160 107 117 96 154 61 170 89 136 101 85 157 141 151 63 31 35 121 106 108 92 165 80 62 3 173 17 40 66 53 143 105 172 13 121 155 67 101 161 51 44 122 113 52 32 85 178 15 29 96 118 141 141 39 57 138 50 76 11 78 79 18 16 130
46 37 38 99
37 6 12 31 14 26 30 20 44 15 24 14 39 5 20 12 13 44 41 27 36 32 38 6 28 35 44 27 33 42 32 23 44 30 43 15 25 28 19 37 6 9 30 2 2 44 1 32 34 43 7 12 23 39 12 31 19 12 38 23 28 26 18 33 28 20 16 23 22 34 19 32 0 31 41 12 2 3 7 37 17 37 14 3 5 28 12 7 24 21 3 30 29 7 24 9 7 31 36
253 87 114 99
45 138 50 15 143 122 158 168 98 164 16 151 128 148 61 140 94 110 110 81 166 70 53 94 98 54 166 70 129 148 76 70 95 0 111 84 44 51 79 138 24 169 9 74 16 163 63 41 17 73 131 71 73 139 137 98 70 44 138 109 18 121 157 1 24 26 79 146 63 124 165 159 39 23 36 85 150 66 29 8 74 127 119 94 14 150 6 86 93 88 65 156 15 158 59 113 31 57 143
255 35 50 100
162 160 130 234 124 104 18 194 17 250 26 137 226 6 144 10 175 137 125 233 36 104 223 45 87 22 64 101 50 115 175 77 123 50 238 99 250 221 195 238 77 143 146 99 70 67 90 43 248 97 202 238 65 88 58 170 6 107 250 113 213 251 210 26 22 132 187 225 53 52 99 159 88 203 98 168 220 40 31 46 202 98 206 47 239 155 122 72 103 129 250 57 87 95 179 69 38 109 122 106
166 47 30 99
7 34 14 14 48 36 13 145 66 130 135 128 128 64 130 14 114 130 147 86 22 139 133 59 17 6 86 89 56 127 85 115 14 130 93 99 153 69 115 28 147 109 35 137 80 25 46 9 86 56 50 36 58 34 131 135 118 151 18 38 13 151 58 88 68 12 150 74 64 119 79 29 127 97 13 79 133 6 93 31 87 88 68 47 76 45 6 77 57 138 73 32 39 147 79 109 92 134 6
62 4 3 99
29 20 1 10 17 34 5 47 12 51 18 20 17 3 30 39 39 1 25 19 0 19 48 31 26 53 9 30 7 1 31 54 21 6 37 19 8 25 56 32 2 26 50 51 48 16 32 14 51 42 37 7 18 48 0 3 37 42 16 41 16 10 28 41 0 20 27 31 32 21 5 36 1 51 33 13 0 3 41 52 12 56 5 55 50 58 13 21 39 46 33 41 42 54 8 35 41 27 3
217 27 29 99
46 69 130 70 148 12 157 45 64 112 130 150 48 152 12 98 127 135 17 82 151 79 65 32 22 48 89 143 64 7 147 1 95 28 37 103 151 36 28 72 14 112 170 112 172 77 171 10 172 7 15 30 175 8 29 6 143 76 153 113 82 108 69 60 150 70 64 19 169 3 148 110 5 143 119 147 91 90 153 118 112 66 12 45 113 101 140 0 16 29 114 32 67 8 76 149 162 24 79
252 46 43 100
103 64 22 136 68 46 4 46 105 133 65 133 35 57 74 130 16 75 37 92 100 2 76 121 18 85 78 15 43 110 54 95 101 119 81 134 112 76 34 80 51 54 67 116 20 54 29 32 18 54 123 81 98 121 75 102 83 77 77 36 82 70 18 85 4 127 33 1 32 76 38 25 35 81 129 71 136 55 98 80 4 89 73 25 77 15 45 64 19 10 35 121 100 55 6 95 90 44 27 34
114 206 136 99
28 12 77 9 152 99 94 143 31 135 0 155 9 2 50 14 132 148 65 110 111 111 110 122 118 43 57 124 120 93 71 48 134 95 139 77 75 64 0 51 21 61 152 141 93 0 147 157 126 48 22 8 116 36 163 137 137 109 107 165 147 153 158 46 148 24 16 23 40 158 124 63 4 100 4 159 127 139 80 124 151 63 137 91 135 12 84 101 153 19 85 36 21 41 162 132 59 53 125
140 7 4 100
3 24 66 75 46 74 51 34 30 56 32 38 54 9 71 19 49 80 13 74 52 24 52 40 50 44 33 69 36 41 72 60 36 21 33 61 72 57 10 48 9 39 43 35 37 35 4 61 65 17 3 51 3 25 84 39 83 55 80 79 68 82 8 63 59 74 48 72 61 4 7 29 15 75 59 79 43 78 77 74 83 19 23 77 58 19 22 51 81 61 71 84 25 7 14 73 36 68 45 83
255 99 144 100
105 9 41 105 185 175 110 83 77 42 60 27 75 12 24 63 138 47 112 142 197 65 43 148 106 44 154 51 75 16 83 132 6 189 153 139 122 115 75 89 159 115 178 90 169 47 162 62 53 82 138 8 104 64 65 47 7 58 12 105 49 57 131 106 168 103 159 16 138 115 191 45 147 100 160 107 131 97 195 186 177 74 122 152 73 10 189 188 151 174 143 99 43 113 178 167 109 87 82 163
50 157 114 99
119 0 102 128 14 28 122 45 115 26 40 7 26 77 9 54 47 10 11 29 59 12 71 4 111 39 87 58 114 84 47 138 58 15 134 106 85 94 2 72 83 25 90 97 45 85 69 100 95 44 6 34 132 109 92 27 25 114 112 29 65 115 47 20 65 70 92 16 67 83 128 91 26 47 97 14 128 23 129 110 2 97 124 97 87 10 132 108 74 121 84 33 2 123 9 40 5 97 56
134 35 45 99
43 58 52 67 73 136 97 25 31 21 68 38 75 45 59 117 106 46 13 93 123 134 95 71 36 64 8 3 122 56 57 73 5 113 97 35 34 23 88 30 66 30 126 118 2 55 48 77 54 102 106 6 46 124 19 8 60 28 74 79 127 86 44 39 67 93 130 92 100 82 44 28 115 45 35 78 80 109 17 121 118 84 16 97 35 7 3 79 83 72 100 134 85 115 61 131 111 91 131
25 0 1 100
1 10 7 8 13 4 8 13 5 4 3 5 1 15 14 3 5 4 15 5 6 2 6 5 2 16 7 4 8 4 6 10 5 3 12 15 1 14 16 15 16 11 12 7 16 12 11 4 16 12 11 8 5 16 10 15 0 14 7 16 16 9 2 0 16 6 4 0 8 9 5 6 12 9 16 16 10 4 5 16 14 7 9 4 13 6 16 6 10 8 13 5 14 7 1 0 14 6 7 1
42 4 8 99
28 0 117 88 115 16 137 127 145 14 79 25 106 139 60 69 143 38 134 14 128 64 11 70 51 27 13 19 85 89 85 79 47 147 19 10 59 32 90 134 40 11 134 56 14 50 9 32 147 14 75 146 108 17 106 93 17 90 125 12 147 46 141 118 61 24 3 7 101 60 70 1 135 108 132 78 26 107 121 65 79 50 54 94 23 27 25 104 98 86 58 50 137 2 30 94 39 87 128
116 24 46 99
43 43 60 48 54 4 38 54 41 46 60 23 35 48 9 10 15 33 40 51 4 39 29 59 10 27 25 18 57 31 26 24 52 26 3 25 20 30 23 8 12 7 51 53 55 14 44 11 40 30 11 52 43 33 21 32 34 30 10 24 0 57 9 16 44 59 9 22 34 21 32 6 46 1 7 56 29 47 29 8 26 11 16 55 26 27 52 36 47 39 35 61 56 47 8 51 61 39 58
209 59 47 100
21 118 70 119 59 10 90 62 39 42 7 21 29 124 112 78 60 52 40 9 33 56 71 68 99 110 51 44 26 100 7 0 13 68 122 13 100 108 105 0 88 86 53 100 116 17 104 109 15 12 42 22 26 41 35 105 80 97 77 87 22 29 53 45 92 95 106 50 123 20 97 24 119 89 4 42 82 65 91 72 36 75 118 41 117 48 70 94 67 25 40 63 20 123 89 58 93 17 118 106
36 7 5 99
9 10 15 9 7 8 9 16 12 3 9 5 0 1 4 5 5 11 6 6 17 18 13 4 17 8 2 2 18 18 5 3 7 1 7 3 3 14 0 6 6 9 2 15 8 3 13 15 9 8 12 17 0 18 17 16 3 7 1 14 17 8 16 9 9 9 8 0 12 1 18 13 13 11 17 1 3 5 2 4 5 14 18 3 15 10 16 12 15 9 11 9 10 10 7 6 0 3 18
255 31 27 100
75 122 4 122 126 211 134 189 113 23 26 52 117 168 193 133 98 126 20 136 213 216 32 94 105 46 156 98 51 93 140 154 61 136 41 200 147 210 178 144 10 30 153 137 205 22 106 176 110 73 74 191 193 123 11 187 195 12 110 124 53 118 113 46 174 138 2 119 207 88 71 133 43 98 22 61 211 79 98 99 0 104 210 106 212 55 141 176 34 143 77 93 193 162 46 66 22 35 140 77
208 27 31 100
77 24 86 76 119 129 139 65 231 204 211 182 115 73 13 75 89 72 166 183 146 207 157 8 192 157 127 113 6 75 134 15 190 136 70 72 88 173 1 88 129 154 233 11 42 46 158 72 152 213 65 179 169 140 21 28 182 58 198 70 96 213 95 220 101 26 23 96 143 43 145 173 209 118 92 128 101 226 19 57 43 9 101 159 188 180 204 29 178 207 125 83 92 34 145 154 194 71 128 2
62 20 18 99
0 21 39 0 7 33 34 31 8 34 30 2 34 23 22 36 25 29 6 23 31 44 3 29 36 11 41 24 21 10 42 45 15 41 13 42 27 42 2 25 19 22 1 31 24 30 32 34 0 31 36 43 17 18 2 40 42 31 44 23 42 6 11 44 9 34 19 19 29 25 42 44 30 41 14 36 12 2 32 9 32 41 22 29 15 34 44 27 20 17 9 16 40 7 2 38 40 16 8
32 8 4 100
20 23 10 28 18 0 3 6 13 14 7 28 19 26 25 18 4 27 7 16 2 26 27 13 5 17 11 6 26 9 3 10 20 28 0 25 21 3 14 9 28 2 20 23 7 7 18 6 23 10 24 19 23 9 12 15 20 0 22 6 0 29 8 22 25 12 27 10 25 28 15 3 12 16 12 23 1 10 24 23 1 28 9 16 6 29 7 18 27 10 24 18 1 0 25 2 21 23 28 9
43 51 31 99
19 52 17 68 2 44 60 29 20 27 64 57 28 61 39 53 27 50 35 31 27 56 34 66 42 26 73 44 45 19 66 49 53 51 23 54 13 60 0 0 38 57 63 67 52 32 61 69 65 6 33 62 7 50 68 16 10 46 58 9 52 60 56 48 43 66 66 60 16 66 43 35 29 58 63 53 70 53 67 71 24 66 19 48 31 53 8 44 17 62 48 48 55 52 67 53 66 5 7
43 6 8 99
0 22 4 26 5 14 23 15 13 21 4 21 30 23 11 22 9 7 20 31 0 28 16 3 31 10 1 11 24 14 14 23 27 3 7 14 23 18 1 11 31 22 7 11 11 3 13 15 25 29 20 30 31 20 16 31 0 12 15 0 11 8 12 27 20 0 16 3 23 8 26 9 1 28 6 16 21 16 11 18 3 9 27 9 1 12 20 18 18 25 27 6 11 4 19 26 11 5 29
38 2 2 99
7 41 44 23 4 21 40 52 15 1 21 5 46 7 34 47 54 36 29 1 12 40 22 51 30 41 34 10 52 26 4 23 15 38 35 48 18 14 33 0 25 4 8 38 48 39 25 20 22 16 39 3 26 13 17 26 21 38 20 26 6 32 7 39 44 42 0 16 37 35 2 22 9 30 32 54 14 19 3 27 0 13 7 19 2 51 39 53 31 37 20 35 12 30 35 53 14 30 2
181 112 110 99
86 130 201 210 150 15 135 188 74 61 107 111 127 113 153 95 84 14 217 186 125 124 1 38 103 125 215 22 85 61 201 77 161 114 182 203 3 164 43 117 118 145 7 199 195 94 39 82 187 105 155 130 72 90 109 202 214 165 8 96 1 124 48 158 121 38 36 31 116 114 28 144 216 18 10 122 10 80 115 92 20 154 177 190 171 102 170 127 11 171 101 119 103 174 50 79 170 178 28
9 4 2 99
8 2 3 5 3 11 3 0 4 10 2 1 0 7 6 0 6 1 0 11 8 2 7 9 7 3 3 3 2 10 1 11 10 4 1 4 6 7 2 6 6 10 6 10 1 1 3 5 7 8 4 4 10 7 8 4 7 9 4 10 6 4 7 2 3 0 7 5 8 4 11 7 3 2 4 4 0 4 11 11 7 6 1 7 10 5 11 8 2 0 5 1 3 11 0 1 3 7 10
13 5 3 99
4 14 7 12 13 13 2 1 1 8 5 0 13 5 5 3 4 14 11 13 1 6 6 15 1 12 4 7 15 11 2 0 6 8 10 13 4 10 7 3 0 2 1 4 13 11 4 10 0 1 5 5 4 13 14 0 13 6 10 13 8 7 0 11 13 4 4 11 6 8 9 7 6 7 13 1 4 1 2 14 12 0 12 5 3 14 15 0 9 9 0 3 8 5 13 8 10 13 5
239 6 8 99
76 52 3 132 119 81 38 12 26 103 43 10 98 153 153 117 114 10 25 127 38 112 26 50 40 15 136 104 40 77 5 41 121 141 69 145 29 111 13 112 49 145 9 50 2 27 96 144 161 132 2 64 122 26 93 106 148 90 139 138 123 164 7 23 18 77 50 68 41 72 89 144 27 153 75 101 32 160 6 3 23 84 0 66 22 38 157 15 159 74 23 15 165 45 94 116 84 67 153
219 0 0 99
50 68 27 112 100 111 70 131 115 100 39 98 92 101 116 110 72 46 67 18 86 6 115 40 91 22 44 72 73 35 120 98 118 58 37 48 11 55 15 72 12 106 13 113 52 25 31 122 72 95 50 93 115 111 60 77 50 69 68 5 23 92 51 124 45 10 73 8 98 21 131 12 9 93 118 9 99 64 49 87 99 102 43 104 25 132 57 36 99 113 13 67 38 73 53 22 123 25 72
67 0 0 100
13 62 44 25 31 21 16 23 6 58 7 47 56 22 51 23 2 49 24 48 24 8 43 23 39 39 17 17 42 26 7 51 5 40 62 1 48 27 0 43 55 3 8 24 51 26 56 1 41 42 57 22 41 30 25 2 57 45 31 17 62 38 44 45 22 53 3 52 15 23 62 12 23 1 8 49 60 12 46 37 45 38 26 18 13 6 35 3 37 6 61 26 59 50 25 21 34 16 49 52
156 6 12 99
46 81 97 21 5 66 15 83 102 6 91 59 51 103 84 10 73 22 48 71 66 58 63 32 94 7 90 31 58 93 81 36 77 72 103 86 51 70 69 29 70 35 63 65 64 61 27 22 78 63 46 68 16 91 33 76 46 81 24 101 56 68 61 95 96 92 87 92 4 58 12 0 72 97 54 93 49 8 93 36 89 58 85 79 75 26 44 14 59 29 72 29 98 46 31 52 22 21 28
255 0 0 99
197 104 160 200 144 57 42 153 75 115 56 205 176 108 164 4 199 99 164 170 81 107 206 91 17 181 31 179 68 170 122 11 51 92 102 2 70 42 102 177 180 111 13 98 102 143 35 136 111 107 123 11 130 190 69 195 174 36 174 177 38 191 15 131 98 58 79 52 73 1 65 203 128 57 15 63 139 90 162 118 202 67 34 149 16 171 190 108 11 18 101 133 126 13 156 78 180 101 8
109 5 3 99
34 18 26 14 121 66 14 46 83 83 122 134 41 63 90 90 121 89 90 80 111 26 126 20 36 43 34 133 89 61 38 88 82 93 125 28 23 16 98 79 76 102 56 108 96 90 7 29 33 126 79 12 129 97 36 10 52 10 127 56 32 79 66 126 88 49 14 58 29 76 64 86 11 23 95 86 36 23 14 2 128 65 79 118 124 114 93 113 120 109 32 77 93 56 102 104 130 41 117
54 123 65 99
96 100 23 72 117 120 143 47 83 103 85 16 74 4 8 125 91 127 60 13 23 9 83 140 139 145 116 96 95 133 101 2 2 43 25 72 116 20 69 52 99 36 97 50 57 141 115 96 1 136 58 22 32 106 100 116 102 14 63 4 36 2 110 31 143 82 62 36 108 39 103 43 36 88 104 100 39 52 116 34 43 20 53 101 65 66 45 66 80 106 137 67 143 108 12 16 75 24 40
155 29 22 100
188 165 120 76 204 180 37 54 21 49 159 143 210 226 24 134 141 210 144 10 89 185 207 180 28 25 104 31 153 254 238 162 100 24 92 93 157 86 86 148 247 59 239 249 7 125 19 63 236 96 19 48 36 69 19 120 167 123 8 77 239 166 33 76 210 186 195 156 84 32 84 27 176 240 138 203 121 90 30 49 184 128 204 125 90 122 119 239 136 246 129 4 81 216 152 243 202 201 178 34
237 25 37 99
74 100 56 10 49 91 150 131 147 194 12 94 3 208 34 171 189 126 22 174 188 169 109 136 60 118 59 184 49 137 110 166 204 38 88 23 185 150 192 36 63 153 20 8 32 89 147 93 41 7 12 20 165 56 39 172 78 110 57 0 115 198 167 57 24 132 48 138 138 48 1 129 26 126 119 174 29 136 110 143 161 32 28 44 190 13 132 176 9 91 128 78 138 8 177 124 162 49 84
202 92 108 100
126 149 125 144 53 140 76 179 10 6 44 132 127 30 160 76 19 86 21 185 43 181 85 115 77 133 104 144 41 23 104 162 138 180 180 167 121 50 10 119 81 41 65 113 12 134 38 65 48 24 7 129 7 56 14 22 135 94 130 142 181 80 60 109 26 140 95 184 126 95 22 174 86 174 172 93 31 35 37 14 45 164 160 134 31 17 100 149 26 71 86 154 10 180 173 64 181 139 140 64
123 15 18 99
22 68 87 12 20 3 56 50 68 26 11 52 103 97 58 47 96 41 31 70 26 63 78 71 62 21 57 32 27 21 14 86 81 80 69 5 18 47 105 53 101 11 8 101 59 91 94 29 97 62 97 84 8 56 9 100 31 15 104 85 13 11 35 81 55 35 92 48 86 61 92 1 70 15 99 35 80 10 77 4 43 99 78 7 43 44 39 7 66 0 85 90 92 43 86 37 32 5 63
157 41 30 99
35 35 13 50 34 39 49 0 34 44 60 42 52 98 112 127 40 98 23 41 110 39 30 119 103 120 45 117 34 12 122 26 71 65 0 93 29 131 84 0 16 111 58 68 62 107 89 75 74 85 99 21 115 52 98 35 35 13 112 45 29 63 91 66 25 19 52 90 27 2 120 124 12 58 23 25 126 43 60 115 121 13 96 50 7 117 133 114 98 123 77 72 60 98 43 35 90 13 46
5 6 4 100
10 13 2 18 2 3 14 12 7 6 9 1 6 12 11 7 14 0 5 18 21 4 19 6 20 7 16 2 15 18 13 10 1 4 9 5 3 4 12 12 5 11 14 4 18 18 17 12 10 4 8 21 4 8 14 8 14 7 16 13 21 7 10 4 21 18 13 18 15 18 9 18 7 14 16 21 5 12 4 15 13 20 15 17 15 13 16 5 14 13 0 20 17 12 0 19 15 2 16 2
62 60 37 99
22 63 38 18 24 39 6 65 51 65 10 40 41 49 21 4 52 56 64 38 7 4 49 60 56 61 0 56 12 33 1 24 17 14 21 24 46 2 21 14 34 12 60 53 33 37 16 4 28 54 5 49 0 15 6 53 65 16 60 38 16 39 39 28 5 29 30 45 27 18 51 19 23 41 50 14 16 62 21 41 53 20 20 62 52 0 26 35 9 59 29 41 47 52 25 29 64 4 4
229 75 47 100
24 92 7 15 103 122 129 137 129 124 52 39 103 101 49 7 140 74 29 85 59 73 9 40 42 10 17 141 137 12 89 102 40 14 16 151 5 118 9 50 60 3 122 43 51 38 104 120 25 119 145 99 116 106 88 67 21 45 11 113 1 30 109 147 0 87 34 6 48 12 90 59 34 0 98 100 105 96 89 153 125 127 48 139 120 89 137 30 21 83 97 53 116 62 148 145 84 111 84 90
89 9 6 100
10 3 52 36 67 32 16 8 66 3 3 18 73 50 44 65 56 1 76 12 49 42 64 53 56 42 62 17 72 10 77 16 38 64 18 45 21 33 9 0 58 65 61 62 48 41 56 46 60 22 23 26 63 17 68 55 73 31 65 26 29 77 1 51 49 21 19 29 65 53 40 0 44 67 23 4 34 53 23 0 71 9 9 31 28 49 31 38 39 30 47 37 47 62 25 25 7 25 19 38
131 25 31 99
15 68 47 41 84 5 44 57 72 31 54 5 81 75 18 12 22 16 40 54 68 79 24 2 47 32 39 13 48 68 42 52 71 21 29 24 60 29 29 81 66 0 84 43 17 61 66 66 56 66 45 25 12 46 47 30 11 55 39 26 34 1 58 38 29 24 59 36 24 26 6 32 75 56 75 28 59 80 82 24 66 34 32 82 61 37 71 83 50 6 74 41 15 74 70 37 48 22 68
42 5 3 100
40 45 5 1 9 37 30 23 25 27 51 6 24 41 41 17 27 34 44 35 23 0 23 20 37 26 31 29 49 17 24 26 32 55 6 39 47 23 7 1 43 36 11 16 5 44 52 55 29 31 21 6 9 40 32 59 13 30 53 28 0 40 58 27 13 7 31 0 60 50 46 54 0 7 17 25 5 53 53 13 20 14 1 38 50 40 32 41 12 61 23 43 34 6 49 7 38 61 56 14
255 45 27 99
21 54 109 130 8 19 122 66 11 55 14 126 48 139 79 107 52 33 59 134 76 93 15 107 56 136 34 58 1 65 107 26 13 132 100 101 23 20 90 47 92 87 28 115 55 101 133 11 94 139 57 90 94 17 52 107 95 0 95 39 12 125 69 27 10 32 76 24 135 124 76 114 14 79 113 44 121 124 51 129 132 13 84 40 33 43 59 97 46 39 121 136 62 50 98 47 123 87 48
76 48 30 100
21 82 93 34 29 67 51 91 81 97 27 9 25 63 43 80 51 83 94 19 37 19 75 78 103 19 62 30 94 50 98 10 59 69 83 7 1 69 72 73 15 101 35 53 66 40 94 73 48 91 66 82 29 67 88 94 52 8 101 43 91 17 24 70 12 90 80 36 89 31 92 40 100 93 46 1 17 57 4 24 28 101 9 95 47 79 94 78 51 55 49 69 25 21 69 34 8 7 36 60
194 70 36 100
69 71 81 91 26 126 1 10 33 14 148 106 0 94 106 48 93 57 73 104 102 91 114 94 122 61 54 66 35 107 15 11 33 3 134 4 57 93 57 99 71 5 36 48 48 11 105 88 49 94 125 22 76 48 12 50 126 39 55 99 61 125 106 106 117 21 105 104 126 15 9 102 94 120 106 4 82 124 110 48 19 79 61 73 62 79 104 60 48 39 144 91 32 64 50 33 137 141 144 89
68 38 37 100
7 81 58 26 5 21 10 59 15 54 76 82 3 69 69 34 30 39 67 26 21 20 16 48 33 37 23 8 65 2 70 75 70 15 42 21 40 40 29 58 62 73 61 8 60 51 62 55 3 40 27 74 36 31 30 76 53 7 10 42 3 31 66 0 73 48 28 54 38 53 24 56 21 51 23 40 33 6 24 35 56 25 17 62 74 25 73 12 56 61 27 70 71 64 73 14 69 51 37 6
154 101 72 99
78 63 26 3 60 12 35 13 20 59 39 37 76 66 17 65 67 2 67 65 70 65 78 67 53 11 2 70 47 82 87 18 2 30 23 1 28 18 67 66 77 29 9 17 71 62 39 86 20 69 67 78 76 25 25 16 57 72 68 41 26 54 74 78 21 73 3 55 4 23 0 33 47 42 32 17 30 46 2 7 82 57 64 25 55 18 56 36 34 51 34 37 83 45 52 9 18 73 44
121 6 8 100
57 119 54 107 93 115 98 130 101 129 119 9 133 23 12 50 129 134 124 87 75 131 102 88 122 93 119 42 127 63 124 73 36 78 107 91 43 145 57 48 112 107 144 107 41 8 42 118 96 65 94 120 34 115 41 62 27 86 131 28 125 29 30 7 143 138 68 0 102 47 3 81 76 83 133 108 88 47 119 139 36 21 24 9 23 4 118 82 19 109 140 125 26 32 133 112 18 6 74 34
14 0 0 99
7 9 10 3 7 5 10 9 8 9 4 1 7 6 8 1 2 2 7 5 4 6 9 10 0 9 0 7 0 6 2 1 11 11 6 0 1 6 6 5 3 5 8 6 3 5 2 5 9 2 6 6 4 0 6 11 5 5 0 7 0 5 9 11 2 2 11 6 10 2 7 8 6 10 10 6 0 3 11 8 7 8 11 1 4 4 3 3 8 3 9 10 2 9 3 9 10 11 3
255 50 40 99
206 24 62 140 27 7 148 43 138 18 146 181 18 83 196 187 44 200 36 28 17 43 72 141 158 19 113 43 221 122 201 158 0 45 103 226 127 69 187 20 148 158 119 149 104 50 172 117 200 48 191 186 191 36 78 146 94 1 101 54 234 78 14 119 101 23 84 48 79 144 40 94 171 50 169 102 57 133 141 136 12 135 182 154 84 169 143 127 9 129 238 157 243 117 239 230 170 204 179
194 102 79 100
37 104 23 109 8 4 106 1 57 68 51 2 22 94 111 37 16 2 68 35 8 115 101 71 102 81 15 14 92 70 53 14 99 17 98 85 4 91 2 85 58 68 42 27 37 40 111 7 83 110 70 53 45 89 46 35 93 68 61 35 117 104 102 8 116 100 20 69 74 78 8 76 116 98 92 20 19 3 115 47 120 6 105 100 40 44 115 116 88 72 93 51 45 43 38 41 21 120 30 23
176 61 33 100
92 91 89 69 106 91 64 78 101 103 82 92 100 58 35 23 73 15 12 41 99 43 61 64 41 122 85 47 83 27 65 98 0 103 62 105 4 7 9 107 42 18 57 12 108 27 31 123 109 33 44 118 71 24 109 14 81 34 71 6 87 80 118 51 0 18 46 76 49 78 62 84 47 70 118 42 65 2 36 83 47 96 46 39 86 19 87 13 24 16 73 89 9 89 59 96 77 92 80 72
255 59 43 100
117 135 52 205 162 129 1 76 43 78 98 58 78 148 118 50 213 176 58 0 105 144 172 92 20 189 168 200 89 125 155 12 71 79 116 137 157 204 15 157 51 143 118 178 213 104 182 131 119 161 189 119 223 63 169 137 23 38 60 72 24 153 100 169 11 95 205 108 190 210 115 123 157 25 196 65 186 88 133 89 223 41 161 59 53 41 36 157 4 176 47 186 193 208 88 56 212 138 22 119
79 11 19 100
9 5 28 9 8 22 11 8 41 4 19 6 18 5 20 31 14 23 42 19 10 9 9 25 9 35 38 3 17 21 18 27 3 15 19 33 15 13 6 35 11 2 27 14 31 31 31 11 14 39 11 12 42 14 11 18 36 35 41 21 42 42 11 33 22 9 38 13 39 4 22 24 39 18 42 12 36 0 28 24 27 4 22 30 36 10 34 30 0 27 2 9 26 13 23 3 15 10 9 41
203 32 29 99
84 90 130 23 120 36 146 130 85 100 71 78 87 98 90 69 74 81 5 84 39 97 7 60 90 83 139 73 66 87 88 48 27 52 127 68 56 1 142 102 93 92 145 32 46 123 108 113 120 146 28 86 93 5 9 131 146 26 77 58 99 128 30 33 145 1 64 127 13 88 71 41 62 43 99 13 14 54 54 146 12 57 3 48 102 26 8 14 141 120 121 112 73 44 128 115 46 116 9
80 6 4 99
28 38 20 27 46 20 26 19 4 5 39 16 12 16 17 38 28 27 14 28 14 6 46 46 9 42 11 42 27 33 30 6 37 18 15 21 16 14 18 42 6 39 20 11 33 31 7 41 7 35 27 17 0 18 46 25 5 29 22 11 17 14 18 26 12 25 14 43 33 5 7 44 28 36 34 21 18 9 46 31 27 39 10 43 10 46 34 11 18 44 34 3 35 21 16 2 23 7 45
