100
6 6 2 3
1 7 5
100 1 5 3
1 50 7
0 1 255 3
50 179 9
1 0 1 3
106 144 255
1 0 0 3
1 3 2
1 0 0 3
13 12 13
255 0 0 2
100 200
255 0 0 3
111 220 125
255 0 0 3
0 169 255
255 255 255 3
255 0 255
2 2 254 3
255 0 255
255 255 0 1
13
101 23 31 2
16 6
51 52 48 3
76 40 32
31 18 9 2
25 26
255 1 1 3
152 143 164
18 1 1 3
1 5 16
237 57 31 3
47 130 48
25 21 16 3
3 42 17
23 0 1 3
20 16 15
132 3 2 3
25 193 153
26 3 2 2
35 4
130 5 11 2
24 74
88 11 11 2
3 11
58 18 11 3
17 31 93
86 80 63 2
80 25
226 2 1 3
76 98 127
100 47 45 3
9 12 4
86 22 11 2
47 150
190 216 114 3
232 71 234
121 18 24 2
18 48
178 19 19 2
19 69
255 70 63 3
81 78 162
199 105 61 3
133 14 5
30 0 0 2
4 10
72 13 9 3
1 7 34
231 8 11 2
50 47
35 59 32 2
49 3
64 2 2 2
148 85
26 24 18 3
30 7 31
38 1 1 2
0 1
89 5 3 3
99 100 50
173 18 12 3
38 53 19
91 12 11 2
14 48
37 0 1 2
50 42
255 73 68 3
54 126 46
226 99 100 2
103 73
9 0 1 2
7 1
161 6 5 2
42 90
49 25 15 2
6 19
255 134 116 2
215 134
19 0 1 3
1 5 11
243 132 75 2
115 80
172 0 0 2
18 62
255 73 39 2
78 158
14 12 7 3
7 8 0
26 4 2 2
7 2
177 13 10 2
68 10
190 34 27 3
135 65 123
230 34 35 2
62 147
72 0 0 3
44 52 16
42 12 7 3
24 12 21
114 41 21 3
41 41 72
116 44 74 3
108 87 10
132 49 32 3
60 18 82
137 3 4 3
71 8 43
53 26 15 2
39 38
13 0 1 2
12 16
84 11 22 2
73 25
151 28 51 3
16 70 103
101 54 90 2
43 62
255 21 35 3
198 106 24
121 12 16 2
25 46
255 9 7 3
105 102 98
129 4 5 2
153 127
255 50 49 3
107 139 141
239 74 44 2
1 147
70 5 6 2
103 24
70 65 33 3
71 52 38
83 1 1 3
104 91 104
255 0 0 3
163 7 54
243 25 30 3
145 8 9
155 0 0 3
34 1 32
255 12 6 3
178 4 125
255 1 2 3
206 103 54
207 40 20 2
193 147
255 110 126 3
157 229 187
108 5 8 2
24 80
88 24 23 3
114 169 160
245 82 105 3
75 4 60
255 102 95 3
70 103 124
154 0 0 2
191 142
48 175 107 2
19 10
121 8 8 2
39 137
255 183 188 3
20 133 131
132 51 31 2
150 30
63 4 6 3
112 121 85
105 133 80 3
241 143 110
69 71 69 3
56 68 79
41 25 26 2
45 11
