100
20 231 230 100
250 159 167 26 19 62 99 226 139 2 77 232 231 87 166 12 34 183 76 185 90 226 199 196 114 219 108 244 204 105 183 243 177 90 143 253 85 11 167 152 81 149 71 231 10 113 7 150 84 107 44 69 62 23 76 165 122 47 71 106 75 133 130 0 171 134 250 130 19 75 211 52 10 23 97 159 157 80 76 62 153 116 209 45 175 106 172 222 38 119 3 20 155 40 99 167 184 71 242 61 
241 26 225 100
28 175 135 187 91 208 156 64 205 104 220 27 99 60 203 42 61 4 191 186 136 19 146 212 167 83 177 169 19 224 247 204 72 98 116 213 94 246 186 21 19 249 26 3 146 91 133 177 82 25 106 39 4 55 144 209 244 165 155 231 243 90 120 127 195 155 61 21 179 180 37 49 26 98 195 14 4 57 136 11 78 37 68 187 41 143 18 39 101 245 169 25 124 203 244 138 87 176 218 37 
44 150 190 100
26 183 69 26 134 50 46 71 167 4 34 73 31 224 222 49 222 173 230 117 76 182 35 0 238 143 17 121 126 42 239 63 183 81 137 94 74 217 85 2 118 58 78 4 68 230 164 35 211 155 186 137 14 248 89 238 247 106 4 223 96 168 193 8 131 63 93 122 179 132 236 242 177 185 79 160 138 11 65 23 164 82 118 213 147 195 69 213 243 104 170 83 183 231 204 39 203 185 240 16 
1 201 194 100
157 50 131 11 133 150 155 158 30 182 0 207 213 83 216 79 161 16 192 236 213 250 85 174 46 23 14 158 107 5 195 164 103 94 233 23 131 125 125 19 112 8 66 230 215 40 3 251 201 117 127 136 219 57 104 74 74 134 173 27 202 20 172 156 227 85 89 121 75 232 57 46 188 126 180 20 209 238 47 65 209 27 167 246 137 83 128 38 196 154 33 24 116 200 149 220 41 33 59 109 
209 155 140 100
221 51 187 181 119 146 193 128 174 197 249 27 138 171 97 178 3 198 102 116 22 91 72 39 99 185 200 103 96 237 201 23 187 119 136 179 117 128 191 76 187 13 109 53 95 153 159 248 26 226 59 214 121 231 100 206 211 127 106 39 91 126 200 177 141 129 181 190 94 99 24 17 0 47 164 135 193 129 224 16 181 224 37 66 240 32 166 252 105 87 74 193 193 155 184 139 142 112 10 143 
211 235 40 100
144 30 199 30 80 86 44 214 25 13 131 167 85 6 62 63 148 192 17 91 143 149 8 172 37 28 250 255 49 165 87 37 213 100 145 150 57 158 180 198 5 38 71 137 253 159 247 192 21 43 32 105 98 224 61 127 188 201 146 191 34 37 7 158 110 136 224 238 152 100 120 20 187 71 219 31 59 64 170 20 43 26 113 107 236 240 9 228 125 155 86 237 237 204 139 168 155 108 136 222 
38 96 43 100
86 90 23 23 209 156 157 246 90 30 129 1 231 58 152 98 120 205 118 3 248 239 88 0 90 35 27 43 230 237 127 91 102 10 102 254 14 25 227 8 14 191 4 44 106 249 212 103 58 45 124 83 27 232 78 168 232 237 50 73 70 87 125 227 230 116 99 184 208 173 178 4 98 84 28 222 221 142 13 225 78 183 10 71 36 175 83 109 109 75 171 39 55 3 226 86 235 189 107 51 
203 142 11 100
101 40 84 137 252 34 102 214 172 18 202 178 163 176 126 166 220 220 191 39 11 41 113 63 66 163 64 96 142 37 147 66 195 200 68 139 207 181 98 76 9 60 43 167 204 122 213 253 133 230 121 183 157 97 207 107 165 38 62 27 89 82 105 47 10 159 147 109 208 86 132 222 55 87 175 120 208 240 213 167 173 243 143 201 25 15 67 82 217 150 146 183 56 148 165 156 110 4 255 157 
159 219 73 100
223 232 201 159 97 85 170 195 81 205 47 44 48 245 238 228 119 58 45 176 219 102 247 228 204 25 199 53 175 213 14 135 207 161 54 81 107 39 71 204 203 195 140 154 62 209 41 48 103 141 249 23 11 32 203 149 203 95 39 72 70 173 144 152 191 115 168 125 144 117 211 76 66 30 82 27 24 156 10 169 79 74 87 60 21 136 231 162 28 166 198 152 14 142 187 73 64 87 170 155 
245 189 190 100
21 2 7 15 152 84 40 227 224 250 211 229 225 142 66 188 117 16 42 209 30 157 131 141 19 101 99 45 20 21 177 139 195 216 113 128 68 214 219 50 224 185 70 254 7 102 29 198 174 113 223 129 65 27 51 25 172 67 41 157 95 27 136 72 160 74 231 62 172 81 207 105 64 242 20 55 193 14 237 185 157 8 145 182 40 8 185 165 61 78 155 131 41 88 145 146 140 250 27 199 
0 71 25 100
225 113 229 222 95 112 5 124 15 127 92 120 127 140 155 112 146 35 190 98 119 160 226 128 140 43 156 180 34 241 26 255 147 192 107 74 53 240 173 16 90 93 11 227 34 237 237 178 193 247 253 29 189 205 110 190 72 105 81 5 130 155 52 102 35 66 236 108 40 24 244 4 19 210 167 113 64 18 104 16 160 117 13 188 45 155 142 136 100 182 235 105 153 223 10 190 97 53 163 226 
86 148 200 100
6 66 4 144 216 245 175 159 163 68 165 124 218 227 55 49 105 160 39 182 183 153 75 141 165 210 159 124 179 145 163 174 49 82 50 43 254 248 176 120 50 243 83 226 253 194 226 74 69 189 176 133 126 197 31 215 193 1 241 168 201 56 190 91 248 33 187 121 149 226 234 146 28 114 252 220 145 0 70 34 95 63 204 36 176 101 103 39 202 228 76 240 85 58 134 89 224 45 193 134 
173 5 116 100
46 49 32 238 216 14 196 79 100 12 251 206 141 111 63 112 52 82 39 111 189 212 212 51 147 121 171 133 242 51 236 44 2 205 164 140 205 63 31 225 145 70 216 246 84 128 27 89 113 78 119 98 173 131 59 78 100 192 64 165 159 46 41 251 102 202 13 223 163 55 211 70 255 157 165 176 113 47 96 10 54 219 9 109 102 239 189 33 214 216 134 152 29 173 249 74 122 178 1 19 
236 187 153 100
78 93 183 153 220 5 118 156 34 68 105 62 177 7 73 0 96 125 237 191 136 138 252 71 228 115 134 88 179 108 169 248 15 247 84 98 241 7 186 65 147 175 133 125 44 89 72 13 140 46 119 226 234 34 224 254 202 161 240 6 71 61 96 251 210 202 137 61 110 188 183 175 255 255 47 102 85 121 142 177 178 238 144 19 150 123 15 20 123 59 191 99 101 61 213 97 130 249 103 126 
63 175 237 100
4 241 230 209 82 13 22 16 223 224 202 227 229 249 87 56 10 190 74 42 157 39 175 167 242 242 151 247 142 121 197 193 57 214 214 25 228 141 138 93 44 28 105 236 202 195 43 43 42 132 234 212 167 86 93 238 230 106 0 98 153 55 123 83 183 44 16 212 80 164 48 61 165 173 118 194 19 141 39 143 87 34 167 58 174 248 61 34 11 212 38 236 12 236 100 54 200 232 77 146 
197 52 89 100
187 45 198 186 96 143 25 80 48 136 73 149 163 199 234 59 250 167 0 72 194 49 160 27 8 33 150 35 167 216 251 174 224 202 104 195 107 205 34 219 52 124 61 183 47 207 219 114 48 85 122 99 105 220 8 196 124 147 182 254 153 97 144 75 122 185 118 224 148 33 201 36 131 227 146 50 74 140 46 163 38 132 11 24 59 43 16 234 24 244 0 155 85 185 61 246 49 208 172 183 
181 173 88 100
83 144 91 108 106 197 36 205 45 162 136 223 18 97 163 22 214 188 249 136 73 191 133 231 40 40 230 27 206 28 195 252 123 139 86 197 125 82 201 191 228 12 58 1 10 186 72 213 222 92 125 73 67 11 56 250 96 47 208 28 48 245 30 177 166 245 153 77 21 13 58 122 38 148 180 70 95 247 134 193 62 250 62 45 117 133 193 219 45 149 197 169 199 58 192 199 53 92 238 204 
209 60 199 100
48 102 208 186 179 237 212 112 162 199 75 67 188 135 201 69 217 191 140 1 24 227 63 43 59 233 77 62 227 197 103 206 104 126 226 28 108 219 168 115 71 208 151 44 244 128 53 191 129 232 55 40 224 202 75 82 141 219 197 129 224 230 218 97 250 188 12 164 213 215 20 127 118 19 56 37 74 234 26 74 138 90 236 34 26 70 6 244 90 218 98 20 188 148 42 48 28 186 98 188 
113 122 103 100
253 131 183 50 35 70 218 127 54 239 99 46 192 200 26 62 214 184 65 193 165 10 215 52 242 226 61 4 75 109 152 13 1 136 160 248 91 184 50 124 250 242 184 94 237 68 229 66 105 206 52 75 68 226 130 62 138 244 40 20 20 211 205 40 75 119 58 167 56 5 49 69 240 210 78 102 165 222 181 155 49 167 147 58 53 252 137 39 246 171 70 12 9 165 229 31 184 47 116 114 
249 236 89 100
237 105 224 31 254 50 242 74 106 207 27 214 215 86 173 16 148 101 144 191 220 6 18 202 172 34 63 30 241 26 53 161 119 20 41 13 239 199 24 132 225 71 200 146 226 90 155 208 193 165 200 225 217 57 159 110 136 141 222 158 34 250 175 47 206 44 247 96 237 97 25 252 187 199 213 226 6 27 254 81 116 18 2 4 46 167 22 223 62 126 1 138 130 40 141 213 69 16 54 11 
66 35 215 100
236 14 28 40 112 243 143 44 26 212 92 58 104 120 218 31 149 245 246 36 186 123 235 81 225 196 153 83 12 50 147 124 202 149 7 158 170 206 56 27 82 234 207 64 251 167 6 206 94 0 28 122 116 68 136 56 127 198 192 99 91 39 37 184 251 127 22 3 70 76 248 206 137 191 142 123 92 45 9 251 160 250 231 241 57 49 136 119 98 97 110 201 224 147 76 64 66 175 125 98 
180 90 42 100
95 26 130 18 113 232 127 216 126 209 162 29 172 177 147 65 56 189 132 117 152 175 127 197 6 84 216 43 193 145 181 17 144 8 63 184 114 88 173 206 148 29 88 37 116 240 244 248 49 188 124 37 178 2 20 38 235 90 89 205 195 238 218 252 191 26 178 179 0 34 86 196 78 226 15 23 182 149 61 205 118 64 66 81 170 224 178 99 34 186 165 49 168 69 19 42 3 173 138 122 
169 104 49 100
80 59 51 174 182 5 221 81 228 170 229 0 120 93 225 117 183 63 80 28 188 155 170 119 166 2 163 5 112 212 19 181 172 105 144 13 182 213 116 137 211 64 212 91 189 5 94 87 246 73 142 166 203 239 130 130 147 252 25 61 163 194 101 46 211 234 229 75 37 36 93 124 219 71 26 183 216 52 121 243 145 180 172 138 135 99 85 194 205 146 248 47 119 123 45 121 97 243 126 15 
82 167 22 100
66 179 237 81 128 8 107 127 242 28 28 167 203 218 242 13 161 73 33 212 245 164 20 245 84 73 146 163 145 176 57 237 251 182 183 101 193 128 250 137 231 200 231 201 55 192 181 130 9 95 156 116 153 36 153 143 151 3 96 32 218 58 157 24 49 175 174 34 221 154 220 236 67 201 60 248 60 78 175 23 10 81 198 174 217 118 61 231 68 120 130 142 118 4 200 210 219 181 94 35 
21 210 253 100
15 106 25 247 70 107 191 4 113 93 166 85 146 55 121 26 106 132 123 25 42 169 241 253 163 130 229 160 238 51 119 133 252 90 11 90 6 147 35 143 135 125 151 171 79 113 33 13 170 180 16 25 102 64 134 17 146 196 175 60 159 92 49 82 92 190 156 203 62 158 24 114 70 70 245 21 183 213 244 34 4 37 215 179 172 208 28 152 89 27 119 221 202 156 184 2 244 51 120 27 
34 131 108 100
136 98 92 171 70 189 39 42 180 212 73 247 80 140 197 131 55 222 158 69 236 118 113 168 183 147 165 84 214 26 255 112 173 46 209 111 252 90 115 3 228 16 118 52 20 244 61 28 50 159 47 182 164 52 86 63 43 244 170 194 247 86 183 189 94 221 143 84 194 139 147 5 120 241 193 10 198 78 213 51 52 82 175 112 141 98 80 154 28 75 36 223 24 37 242 72 57 151 210 245 
191 121 149 100
159 45 233 6 206 113 12 177 255 173 55 42 89 148 151 200 53 44 33 176 111 138 44 58 41 155 182 192 187 143 134 235 159 100 215 37 52 201 202 118 44 193 10 108 19 254 175 63 235 175 129 252 198 250 146 33 187 69 155 165 171 68 54 241 194 213 76 116 64 155 229 153 80 179 234 78 40 133 69 143 250 17 31 68 52 7 124 248 77 12 248 173 217 82 114 172 129 123 14 255 
85 90 17 100
107 96 45 221 199 128 23 204 247 156 171 38 203 100 17 230 45 35 95 243 95 115 128 219 247 84 241 30 254 32 8 252 246 37 92 228 189 211 113 48 151 89 96 73 241 232 10 163 112 13 88 46 135 173 131 45 43 20 148 137 4 165 27 243 37 163 20 42 11 122 226 106 13 126 203 108 164 231 251 113 0 236 124 167 70 87 142 33 44 54 247 152 149 46 221 12 13 99 201 67 
54 201 5 100
70 218 44 64 6 80 56 178 20 104 28 3 43 47 74 252 21 140 12 89 5 130 166 114 59 85 26 212 111 109 168 157 37 113 92 72 249 97 129 148 76 112 229 24 212 26 222 134 24 8 153 54 238 133 113 1 21 213 251 51 119 152 155 238 109 11 185 21 160 181 106 170 13 32 194 227 205 235 21 196 26 159 31 15 35 156 49 165 12 57 61 211 80 191 79 174 44 34 8 156 
209 13 23 100
97 182 44 187 40 119 103 36 205 34 1 137 85 47 151 197 219 190 224 210 45 139 156 142 186 113 221 118 188 178 229 77 122 205 148 166 32 236 120 173 47 236 16 189 153 99 172 242 208 243 203 254 46 230 249 139 93 123 85 88 50 31 63 160 111 57 2 83 21 123 152 172 216 101 93 171 218 143 228 89 111 225 255 228 193 103 232 17 156 32 232 106 16 126 253 104 123 214 222 54 
89 186 72 100
248 61 194 238 205 198 97 72 208 134 22 170 19 139 203 69 222 97 233 135 135 117 197 29 218 14 236 144 247 109 163 208 124 142 66 114 242 102 204 143 89 14 157 69 123 233 167 173 151 39 55 151 187 223 230 145 251 222 34 196 117 31 105 86 106 166 142 151 94 79 30 105 34 140 48 103 12 20 91 22 202 215 215 69 253 153 222 0 91 212 248 142 9 222 75 172 251 252 64 171 
167 156 10 100
113 250 112 205 93 135 108 118 90 217 214 226 9 251 167 40 14 64 192 52 144 144 173 139 92 236 19 74 202 12 17 62 59 255 16 198 125 60 163 154 152 244 4 148 195 77 243 253 170 125 84 24 225 242 173 236 94 230 172 108 146 184 136 55 154 101 137 192 19 158 14 40 141 97 105 183 114 31 245 94 251 50 5 77 125 112 240 141 11 37 91 151 210 229 156 135 56 16 255 37 
238 44 186 100
215 54 22 38 220 10 225 17 49 184 97 167 151 167 165 202 108 4 185 113 243 24 27 250 8 230 74 135 149 37 45 16 82 81 87 9 43 131 118 56 11 224 100 49 26 105 38 66 203 208 152 183 72 18 21 23 240 152 49 182 51 175 74 140 71 79 192 74 151 4 245 28 108 110 84 10 171 85 6 76 90 233 10 137 214 82 177 125 194 216 144 114 131 68 224 9 172 236 223 155 
89 168 89 100
14 115 82 252 185 33 199 27 135 175 60 133 228 39 25 126 170 43 190 69 11 129 240 155 149 46 29 180 46 36 169 120 176 103 4 236 178 32 68 59 10 181 49 50 194 124 20 77 58 74 6 16 168 206 184 26 84 231 13 225 111 183 4 137 168 208 46 229 241 228 144 18 228 214 94 212 150 100 71 114 145 28 104 238 55 8 134 137 227 205 175 246 97 187 194 87 1 253 245 238 
129 136 32 100
188 201 55 116 195 40 172 56 245 2 65 97 155 59 12 19 234 206 121 183 83 55 15 4 217 11 24 185 126 15 186 49 14 227 68 225 195 152 1 208 116 222 141 152 6 201 221 123 139 133 134 143 14 197 63 251 217 131 215 52 189 164 192 248 35 94 119 252 19 70 141 226 182 70 203 163 84 75 57 14 201 165 59 142 213 243 143 141 41 106 62 56 133 111 245 204 7 40 9 190 
166 59 202 100
20 8 220 175 191 17 218 27 46 249 101 233 234 254 200 172 23 41 187 32 79 43 39 220 206 157 115 55 44 30 250 63 167 12 187 42 7 135 106 132 7 124 107 114 243 98 61 49 31 195 59 173 149 151 68 18 168 198 156 177 126 221 82 97 72 204 243 197 94 122 70 8 165 211 46 246 196 60 72 242 175 30 178 24 15 2 237 211 231 207 171 12 45 40 71 126 147 83 249 169 
192 214 161 100
66 242 132 240 7 254 190 151 22 80 194 160 100 15 121 4 62 175 208 46 229 56 217 93 61 225 36 160 199 85 205 55 246 205 252 163 115 4 244 215 11 251 15 221 51 187 0 177 196 98 93 224 60 216 153 3 88 169 2 45 240 223 86 232 128 152 185 18 250 245 70 180 168 96 18 202 134 32 119 107 42 174 25 233 86 209 122 202 31 203 231 223 65 233 82 64 143 163 124 63 
104 214 205 100
45 239 13 217 237 210 226 144 101 49 247 202 49 92 131 235 207 145 183 17 9 67 180 70 217 193 149 214 13 230 62 38 21 67 61 120 232 160 15 155 59 185 182 81 161 32 98 239 133 203 71 55 157 116 124 38 233 212 132 66 0 55 189 43 125 228 241 44 145 215 204 212 63 230 210 163 91 122 112 37 32 241 127 58 40 197 238 133 136 206 106 49 164 213 62 198 126 9 130 92 
190 83 105 100
190 185 81 156 102 191 162 120 122 228 247 37 155 44 91 253 147 186 9 241 118 152 88 32 140 170 19 237 146 167 110 53 156 34 201 198 220 160 116 180 91 55 142 223 226 15 182 59 118 248 114 195 205 187 199 108 167 234 71 231 120 122 17 21 74 202 171 55 98 21 106 97 69 22 200 72 220 30 254 231 27 255 142 20 237 72 155 138 84 108 231 90 218 121 107 213 184 100 155 140 
53 178 227 100
239 26 158 234 160 245 212 152 204 27 137 223 18 108 220 11 186 213 109 235 71 28 41 25 11 122 195 230 246 205 23 48 98 127 142 192 68 153 245 22 250 153 228 17 221 19 100 193 165 151 168 44 195 169 27 229 98 214 1 37 21 231 98 213 14 63 240 215 104 162 101 224 135 27 227 106 134 27 191 153 131 198 245 191 180 105 42 206 192 178 124 255 96 201 207 126 22 243 63 137 
158 103 113 100
233 201 43 59 56 165 71 219 107 212 56 109 24 100 11 209 166 88 62 38 248 253 183 48 251 32 185 227 157 252 120 243 164 37 232 173 142 182 43 200 11 218 21 49 58 214 15 218 146 219 145 42 215 96 212 71 239 245 37 190 168 171 72 250 185 26 39 68 152 105 190 131 133 95 137 62 164 154 52 250 17 115 230 134 1 54 170 43 196 118 80 76 97 47 143 73 117 101 114 39 
3 99 73 100
97 66 48 122 155 46 19 17 7 183 142 182 206 92 250 226 2 19 181 11 153 214 179 111 236 123 171 0 192 98 149 52 132 234 176 233 246 118 199 152 158 171 32 159 149 232 190 96 117 205 144 6 25 33 205 98 35 77 193 149 232 85 248 212 111 15 6 75 32 172 152 12 12 73 17 188 210 19 21 161 99 179 64 208 87 250 215 20 49 125 28 11 197 103 68 99 32 32 33 238 
131 182 51 100
71 136 0 77 230 222 255 216 93 158 252 58 146 149 135 180 27 21 205 41 1 145 176 142 178 142 126 57 208 233 84 253 231 92 229 4 143 10 159 55 108 78 219 180 184 77 232 126 47 223 143 10 80 85 61 26 35 18 130 216 108 176 159 254 0 242 68 211 242 28 40 216 203 43 120 222 88 232 53 148 154 132 206 213 103 76 197 208 192 145 144 9 92 56 22 152 130 254 46 91 
203 37 104 100
27 41 109 244 134 43 53 83 111 174 23 93 184 117 225 74 20 101 101 47 217 112 63 116 107 167 228 63 190 230 240 255 118 49 38 19 255 236 74 128 99 10 110 195 255 53 81 40 229 79 86 128 89 75 9 138 31 180 7 124 7 108 1 52 56 61 160 95 215 117 69 248 106 251 156 130 137 32 239 169 146 10 206 45 236 125 242 112 114 116 129 60 132 218 19 70 50 81 239 86 
185 145 116 100
150 12 157 234 20 241 75 133 56 239 109 30 208 43 178 26 77 48 63 153 140 174 109 86 31 113 154 248 242 66 78 179 55 21 24 204 78 125 40 113 100 72 232 18 52 33 140 23 81 165 98 240 205 106 17 250 29 189 65 89 168 44 194 164 128 217 175 240 15 212 116 168 48 28 153 82 36 64 135 38 134 181 236 3 3 241 83 106 101 26 39 1 194 165 132 107 46 76 210 48 
228 110 88 100
211 77 111 105 77 218 64 1 71 247 16 120 3 83 11 153 71 224 106 207 206 75 114 223 133 223 18 212 218 226 236 104 211 128 120 107 206 63 186 228 250 217 50 200 251 62 204 166 225 163 44 92 181 136 49 4 173 18 161 13 14 29 13 66 246 51 224 126 43 15 70 125 80 222 221 76 138 203 155 220 219 250 158 165 215 146 70 73 15 70 61 156 232 72 115 6 202 239 127 207 
170 242 209 100
227 221 3 254 247 215 179 9 133 201 209 108 28 213 12 218 212 93 208 154 38 242 162 142 160 139 222 185 241 176 230 239 51 115 164 251 6 19 59 248 125 2 97 61 19 196 135 99 145 119 248 55 240 49 27 220 214 126 22 65 162 121 248 118 194 0 110 244 92 57 100 205 76 245 33 202 186 144 251 86 140 249 82 102 27 43 141 176 118 179 5 181 247 83 31 197 194 252 226 193 
65 114 144 100
243 80 248 184 205 215 134 165 51 46 113 250 71 167 233 248 233 45 133 144 25 189 184 241 234 144 9 25 146 208 67 199 70 63 107 28 27 8 180 186 125 79 167 201 177 21 138 226 171 235 4 187 116 124 86 106 134 70 21 232 157 148 9 160 57 61 145 86 79 136 85 131 217 88 66 76 156 117 135 103 96 40 51 40 139 181 187 177 139 248 204 29 39 240 126 252 204 28 62 247 
32 190 198 100
165 249 201 150 130 219 188 184 128 159 112 225 35 54 198 252 9 223 70 120 235 87 48 228 98 220 177 21 81 181 4 2 79 246 221 200 201 35 229 125 100 237 125 66 134 133 130 34 43 17 104 49 103 76 249 72 29 121 227 20 111 229 151 189 190 168 49 68 165 144 209 253 171 8 217 174 193 178 251 200 99 182 202 19 71 253 87 245 95 138 235 27 175 154 232 99 84 99 145 107 
94 159 239 100
136 253 27 253 172 3 170 202 236 28 115 52 245 96 219 216 80 194 159 10 100 200 155 21 105 166 156 222 50 83 39 180 139 97 201 255 114 61 191 29 214 4 81 92 128 239 90 142 180 20 114 56 65 232 232 84 109 194 90 47 105 34 211 217 212 113 2 137 185 166 160 56 172 189 21 12 254 42 141 166 119 55 220 50 190 138 47 109 168 198 132 130 66 145 221 153 114 171 197 181 
218 52 122 100
22 42 141 108 181 121 0 19 105 73 155 137 46 1 166 191 90 62 78 82 195 240 186 252 38 51 172 12 122 237 105 86 109 244 71 222 213 10 183 237 89 252 249 31 196 43 253 59 98 85 5 71 92 170 224 180 132 51 211 33 97 64 123 169 179 250 66 177 135 228 220 7 186 31 244 0 173 52 36 81 41 90 205 123 177 63 43 72 6 124 57 95 115 248 193 56 147 60 62 16 
37 250 23 100
84 189 170 106 129 142 146 17 104 24 207 123 85 138 55 168 1 63 108 220 204 215 133 211 239 94 82 72 199 5 169 3 90 202 76 47 93 92 22 186 96 169 125 216 34 92 125 7 63 124 253 113 153 250 160 111 70 32 77 137 106 159 14 69 214 169 17 223 147 214 224 39 74 235 89 163 15 83 204 72 142 238 111 127 74 26 57 189 40 59 113 123 74 36 85 107 138 209 62 141 
97 107 227 100
136 247 215 200 122 249 84 16 81 191 75 179 10 196 144 151 43 147 232 181 237 76 46 102 78 62 95 156 217 119 181 88 236 18 137 149 164 35 229 50 254 35 28 96 55 45 103 108 44 76 99 243 113 147 216 53 19 252 3 66 221 78 156 98 164 99 206 35 174 26 89 2 243 14 205 241 193 92 57 254 99 12 220 60 25 80 144 88 64 57 246 178 249 161 233 228 194 230 105 140 
47 191 40 100
156 178 136 64 40 253 119 194 108 15 80 191 168 123 156 31 112 214 42 79 220 134 26 32 74 194 168 145 64 71 39 76 66 31 130 171 188 59 133 34 208 141 231 79 36 9 26 139 243 22 79 10 97 136 209 87 31 148 247 165 122 115 14 200 239 16 177 194 124 162 91 186 30 139 165 130 184 238 133 54 75 18 110 58 148 132 236 101 223 68 67 41 207 253 70 80 157 216 117 174 
14 232 218 100
7 202 90 6 64 217 247 169 118 67 149 139 82 57 193 238 202 175 193 191 223 219 157 228 154 58 237 144 12 53 138 95 115 61 59 145 20 80 179 160 188 122 179 136 103 146 89 203 165 0 162 88 164 114 175 173 69 222 4 35 234 35 233 199 168 238 87 201 154 78 90 56 169 48 36 239 240 80 247 50 124 97 42 187 207 175 246 51 99 190 76 101 68 22 60 0 240 251 64 159 
35 223 128 100
101 153 95 10 198 35 249 115 105 85 143 194 6 130 17 187 123 160 19 128 220 200 180 189 77 87 53 244 197 82 35 180 140 158 150 244 99 202 83 30 244 35 0 71 43 217 175 230 217 84 22 192 252 228 14 70 95 227 16 115 179 199 3 61 127 134 28 108 253 172 28 240 139 92 246 82 7 157 36 211 106 101 97 132 103 139 85 102 194 154 187 169 235 52 4 169 202 143 196 193 
168 160 141 100
254 142 192 152 162 55 188 97 126 177 178 122 116 191 63 23 175 37 121 107 242 59 57 234 30 173 228 15 104 61 248 163 179 77 212 94 185 105 214 34 199 205 247 105 63 86 108 45 230 205 149 34 152 10 119 117 211 210 43 132 41 74 124 238 96 183 59 234 238 77 20 220 83 29 249 38 128 181 54 252 98 147 76 188 92 158 7 81 11 222 84 67 102 176 234 175 129 143 83 149 
46 182 153 100
78 175 95 75 49 121 169 179 11 247 88 209 48 185 123 223 154 70 146 83 210 37 135 197 133 181 17 61 41 72 236 137 187 19 80 6 170 159 13 102 206 243 211 8 158 235 71 185 228 244 132 30 30 2 223 239 98 161 177 113 17 63 180 115 224 124 87 134 188 6 214 194 226 154 217 175 230 129 176 102 156 190 248 160 142 69 105 68 163 38 226 38 106 66 1 3 246 67 63 195 
7 92 118 100
241 11 151 100 109 109 120 5 239 120 130 170 238 148 170 68 69 37 118 143 80 255 82 126 255 23 134 141 215 12 68 46 108 159 181 223 164 76 191 197 53 78 159 126 122 64 58 130 122 142 157 156 31 176 163 198 196 141 15 17 63 101 59 208 22 34 129 96 172 208 164 108 203 76 162 125 88 118 179 20 194 239 194 177 21 214 115 222 5 28 194 166 246 84 79 27 47 33 228 156 
122 5 18 100
241 34 211 27 216 172 84 115 204 85 105 166 105 122 235 254 241 242 71 223 142 68 38 102 16 189 237 10 193 10 181 21 83 0 17 140 51 39 183 124 72 175 21 230 89 244 140 249 101 24 115 106 88 51 28 33 152 171 184 192 83 245 12 19 95 248 254 5 160 21 79 185 142 108 147 99 178 227 168 204 25 105 251 165 236 22 94 10 164 22 114 242 114 69 65 121 202 153 211 153 
163 180 182 100
245 103 211 166 75 64 195 59 16 130 241 176 39 2 178 29 183 54 105 56 141 201 174 1 192 111 54 78 239 84 145 110 146 190 246 142 83 32 241 218 48 95 225 84 101 254 155 5 150 86 166 189 116 46 63 236 252 237 50 255 115 47 109 8 203 34 94 52 8 226 196 16 248 0 166 197 61 210 153 32 121 33 159 163 94 189 151 90 92 43 134 28 202 179 139 173 66 121 118 168 
89 169 220 100
209 128 30 231 184 229 114 215 40 81 154 10 34 217 127 184 182 199 39 115 215 186 88 19 74 164 41 43 149 12 71 174 24 87 52 147 210 145 220 145 26 122 25 160 255 248 140 156 40 52 25 82 24 183 23 167 243 218 22 172 38 104 47 5 164 181 154 15 10 62 214 19 109 49 180 237 90 12 149 150 237 213 13 248 192 164 197 65 101 133 0 174 239 24 128 127 129 96 121 164 
98 204 45 100
159 178 198 186 128 72 134 172 122 189 253 232 239 215 26 135 196 121 233 170 54 106 190 12 126 36 65 88 105 126 6 69 86 124 191 184 188 188 233 115 168 26 69 170 189 145 192 16 71 76 239 186 99 183 207 180 31 5 225 51 69 181 162 28 131 196 158 70 94 148 239 51 252 168 227 37 157 208 74 130 141 128 231 177 200 243 15 67 251 98 119 92 236 122 60 197 77 146 128 73 
68 226 202 100
170 75 16 159 123 105 226 161 243 211 248 108 3 139 73 185 47 52 86 203 54 89 130 83 185 189 47 237 153 106 205 105 254 148 47 119 244 91 20 128 181 44 56 41 188 85 90 210 111 213 144 109 222 114 126 91 105 54 34 12 33 8 240 50 212 6 244 22 111 18 51 76 68 98 59 139 90 138 249 141 181 187 216 56 12 122 93 205 230 75 190 8 82 81 104 185 130 54 46 201 
247 167 128 100
157 87 47 55 128 255 225 29 223 159 91 183 198 77 217 68 8 55 141 83 8 157 237 92 83 254 39 154 154 181 185 37 75 119 113 8 173 189 243 123 237 176 214 172 146 236 142 190 134 119 114 112 210 8 121 216 61 11 199 200 71 152 15 246 131 20 174 72 53 96 3 26 18 59 97 72 16 16 78 241 209 170 43 127 242 61 174 133 158 34 152 178 166 178 149 53 161 100 205 206 
120 195 248 100
174 220 192 134 174 190 32 73 215 188 176 167 134 35 93 75 230 145 219 152 160 28 224 169 167 53 6 27 58 12 91 144 118 21 183 195 159 90 39 42 19 45 252 171 205 169 54 109 238 3 249 30 204 76 114 85 183 140 191 111 66 52 226 216 249 38 251 209 168 236 251 93 127 251 174 22 198 21 140 137 19 152 242 223 142 229 175 13 217 67 77 158 42 37 26 50 132 218 27 75 
186 134 121 100
233 210 216 236 232 184 195 0 218 96 32 184 212 253 116 180 136 91 111 55 218 173 206 237 109 10 210 92 52 194 133 138 131 222 140 4 43 21 66 32 147 126 140 252 255 132 233 80 255 82 86 169 45 164 15 2 17 39 12 13 28 150 248 148 145 77 173 209 236 71 182 201 208 56 69 239 174 197 39 194 4 236 84 172 249 130 41 238 226 183 222 199 144 34 61 12 6 242 125 155 
158 241 128 100
120 173 101 84 225 41 122 228 255 90 110 53 28 88 99 149 105 125 93 178 3 252 20 114 203 2 70 29 212 92 9 214 86 22 69 213 171 77 135 253 148 117 208 173 218 7 174 154 170 227 207 141 152 54 125 48 17 84 53 213 10 47 125 181 14 236 147 83 42 247 146 13 107 40 210 200 78 13 91 58 206 41 64 199 126 161 224 160 166 148 82 194 3 45 21 207 20 250 98 83 
249 208 184 100
6 91 246 250 198 22 202 202 18 205 22 71 144 247 233 67 94 217 211 169 37 218 8 6 211 3 9 143 172 242 213 52 68 4 78 116 28 211 121 147 252 72 70 194 94 242 202 172 122 242 200 126 153 136 4 86 6 226 109 36 155 221 165 16 240 236 112 222 24 15 46 134 229 9 97 32 30 60 1 118 228 243 184 193 123 146 211 92 185 101 93 97 76 41 205 14 71 12 205 175 
148 232 92 100
112 149 85 210 11 44 66 39 20 186 187 234 38 240 109 176 187 250 135 161 168 209 83 33 190 214 115 69 20 18 24 100 218 161 85 123 195 80 207 237 85 21 77 210 82 252 250 189 79 155 69 124 150 241 236 246 78 129 187 104 166 22 116 42 50 237 85 188 165 1 155 191 160 171 113 185 216 147 43 120 15 78 73 204 28 175 148 153 194 187 82 90 98 23 10 237 173 115 167 49 
216 159 109 100
21 242 65 12 214 27 226 205 27 120 23 142 1 132 90 102 182 96 207 150 33 228 49 119 244 103 119 241 183 148 235 155 87 209 219 27 49 166 11 228 117 29 16 99 139 176 171 251 116 137 181 28 168 147 181 1 131 17 234 247 196 200 135 120 148 66 143 54 61 95 102 37 38 72 240 37 144 84 112 146 19 8 143 45 85 136 17 73 24 175 193 171 195 74 210 192 101 58 215 198 
29 0 65 100
59 93 6 24 6 161 65 22 91 78 14 84 201 122 244 55 211 224 158 228 54 187 158 25 26 169 18 168 174 215 36 111 111 33 55 234 99 70 18 138 101 88 191 47 14 188 200 60 175 46 137 149 126 125 26 112 124 29 45 75 126 201 230 250 199 251 192 19 183 229 44 86 241 63 248 123 122 15 109 172 23 196 213 179 99 96 74 143 163 241 139 26 243 85 64 227 23 241 153 156 
57 106 34 100
203 240 59 207 3 246 190 218 166 11 116 2 137 21 89 229 213 140 241 217 114 159 57 3 15 117 239 0 58 29 60 7 160 94 139 218 112 163 110 204 69 18 247 214 182 200 125 3 122 91 194 251 200 139 255 108 72 133 74 109 154 109 178 190 107 117 87 215 11 229 109 173 172 142 103 210 181 155 26 111 170 22 103 54 55 152 229 253 14 222 124 57 115 62 3 157 216 157 63 31 
44 109 247 100
173 213 1 142 252 87 242 13 190 17 95 70 146 197 159 177 177 175 194 172 189 31 55 53 30 38 185 68 251 174 43 142 191 149 207 227 121 190 237 45 233 183 73 88 79 174 47 223 27 70 134 23 33 16 116 87 159 218 154 26 109 47 192 15 96 117 164 204 178 124 136 171 37 113 18 130 100 106 61 38 57 174 25 132 91 56 166 233 27 215 37 92 144 194 234 236 147 254 107 173 
79 131 121 100
38 87 243 177 63 151 228 169 56 88 174 2 93 211 168 199 12 114 246 93 14 86 172 191 2 28 187 141 50 77 72 11 83 86 1 226 46 16 29 179 237 201 198 227 110 117 239 79 215 135 191 169 6 104 1 120 8 122 66 136 112 111 24 234 163 33 115 50 22 105 23 210 177 248 62 169 93 221 197 204 107 165 55 17 243 87 171 185 0 12 208 13 219 229 89 219 58 206 161 142 
2 126 106 100
59 120 129 81 160 187 188 37 94 125 12 110 144 247 219 3 249 141 234 186 49 16 53 2 86 5 34 48 11 155 172 151 69 85 10 41 26 34 254 92 135 42 27 10 135 108 78 111 185 74 141 138 85 155 249 101 49 107 130 42 190 174 196 110 67 250 130 2 145 35 245 37 165 174 19 194 92 106 244 3 255 222 165 140 173 144 59 239 246 179 21 22 163 192 101 184 55 230 193 46 
164 161 132 100
50 37 10 169 24 85 65 158 220 28 47 67 204 130 29 9 176 223 15 7 232 104 53 115 173 45 215 40 184 54 213 153 98 90 174 198 154 207 183 124 189 97 128 42 45 194 160 132 165 28 64 233 227 162 46 47 228 232 97 207 183 228 203 110 22 79 194 182 23 24 109 9 197 147 87 204 192 98 68 53 19 157 177 220 4 21 152 195 180 220 243 240 245 198 167 4 31 147 105 250 
242 121 3 100
183 92 49 223 168 254 187 47 188 215 228 201 109 73 71 217 131 53 29 205 29 64 75 20 232 3 227 255 47 14 69 76 143 124 205 109 142 36 106 114 241 11 32 21 105 151 180 218 20 105 130 131 242 117 101 124 17 33 144 232 36 102 150 164 241 72 199 117 246 43 160 251 188 33 113 44 198 165 205 138 52 24 64 102 73 72 209 237 199 231 10 182 147 46 43 248 31 237 150 157 
254 110 80 100
110 185 104 146 208 102 22 177 17 222 51 190 55 178 28 229 199 106 149 203 195 63 14 239 5 252 153 207 90 133 90 241 3 85 169 245 94 180 251 84 67 56 145 51 194 61 162 235 48 145 170 26 3 243 254 238 197 36 137 247 163 33 170 65 31 207 240 217 189 1 113 19 154 92 222 115 238 236 172 68 229 72 212 160 122 209 43 154 3 128 30 168 249 203 147 209 221 147 103 37 
166 15 18 100
30 26 146 208 223 218 157 218 162 124 251 124 46 119 165 214 0 169 136 48 227 212 252 128 1 205 111 175 3 246 170 28 55 23 209 254 223 49 161 179 108 139 137 57 40 63 46 152 198 66 70 117 195 35 137 134 83 165 95 58 36 248 176 87 56 207 137 142 170 178 43 193 195 64 99 205 10 37 2 182 80 248 246 94 39 245 191 48 86 31 201 9 103 110 87 243 26 217 138 65 
144 193 212 100
43 115 44 151 10 0 160 207 127 172 128 245 250 86 48 78 150 80 27 130 26 8 238 237 150 1 119 212 60 196 68 169 37 75 121 191 145 84 74 165 98 152 144 110 58 207 54 35 102 7 199 105 98 66 53 217 244 65 248 139 45 91 152 151 229 161 227 217 91 130 228 73 60 161 55 16 129 225 165 9 205 242 63 102 47 240 231 152 251 85 6 74 78 24 84 120 182 186 75 254 
6 200 171 100
45 191 135 2 236 93 250 94 70 113 235 108 79 246 71 116 18 7 70 33 81 105 176 202 6 182 106 214 159 160 130 62 209 175 149 150 239 90 245 112 109 217 91 48 86 58 71 128 213 199 192 242 166 80 134 149 177 134 245 162 32 124 65 81 90 116 141 192 139 53 245 138 24 3 48 157 59 155 187 185 215 69 99 245 165 189 191 46 84 169 236 39 71 189 148 229 41 136 202 41 
36 208 135 100
143 113 231 5 55 19 89 228 8 46 118 189 229 6 185 182 44 183 129 145 77 165 89 105 231 51 27 254 121 88 140 102 177 73 217 248 15 198 172 206 70 38 30 223 180 134 209 217 132 220 216 116 74 10 108 178 252 218 193 210 190 168 107 31 172 136 111 45 17 33 22 59 136 43 193 109 40 249 199 123 222 10 115 101 110 30 218 209 112 65 130 168 84 169 23 7 98 16 39 17 
29 100 87 100
240 97 113 76 42 158 60 212 223 230 31 250 138 74 166 216 53 115 82 72 121 218 180 242 228 77 242 236 141 229 129 112 239 143 151 12 109 53 147 22 196 65 30 43 250 5 14 43 0 49 99 45 179 84 163 166 225 13 3 59 253 128 185 147 175 94 27 179 222 251 46 198 245 13 222 218 28 251 253 228 133 222 225 229 119 91 85 22 65 65 184 60 129 37 218 197 225 197 18 191 
25 171 110 100
87 185 110 135 104 201 42 79 27 23 65 85 151 70 173 107 139 164 246 192 10 70 200 133 129 227 104 196 240 217 139 172 150 46 253 25 207 167 140 244 242 240 110 110 99 227 127 143 101 249 28 1 197 162 179 169 251 232 205 195 39 212 4 161 144 116 105 105 101 92 127 134 95 209 241 140 12 182 127 123 192 156 225 175 81 48 130 233 84 229 79 154 21 238 8 73 80 69 180 81 
241 196 7 100
218 48 179 246 198 120 24 43 106 45 191 149 18 228 201 60 45 47 151 212 119 141 190 213 112 67 41 144 142 29 131 31 227 159 200 152 19 112 53 70 180 210 250 116 3 237 21 191 189 246 160 186 71 232 216 191 160 71 233 165 70 194 247 89 255 146 30 55 96 223 109 246 84 226 109 107 107 48 112 89 178 25 49 52 107 36 54 5 219 119 135 50 209 25 129 142 62 252 147 59 
3 166 219 100
73 183 69 105 60 179 22 123 6 176 43 5 92 162 200 181 222 227 169 101 18 120 184 217 142 135 129 119 205 111 83 12 147 196 46 8 97 159 58 186 147 46 242 63 86 93 220 159 50 171 177 2 11 143 43 71 70 95 57 125 8 64 36 0 231 39 182 180 58 116 30 83 16 247 147 74 86 215 69 211 231 237 102 240 180 232 97 1 133 117 97 52 101 138 0 196 98 213 191 233 
247 41 197 100
9 23 221 229 247 204 246 133 19 69 171 70 141 220 243 125 96 180 130 54 57 51 94 104 172 197 125 41 1 88 112 143 180 10 227 244 155 68 26 37 71 135 174 71 234 67 204 245 81 210 51 131 59 1 157 116 92 108 170 44 3 210 158 250 91 30 44 181 159 230 120 107 48 254 180 213 174 195 109 21 170 163 117 253 77 81 133 150 110 61 43 247 53 4 64 106 3 74 29 5 
212 50 161 100
194 8 30 24 87 124 15 27 6 255 187 69 241 231 84 165 181 122 158 164 17 43 186 23 186 80 85 239 63 28 240 26 163 117 191 81 113 211 66 123 128 11 20 170 133 91 117 23 104 170 165 249 120 217 219 129 249 200 104 189 92 20 23 113 18 89 57 209 199 23 115 113 203 5 90 241 165 33 222 28 46 57 227 192 52 7 192 75 126 227 234 113 150 61 235 18 200 41 184 137 
14 27 193 100
164 242 48 79 21 134 124 79 113 204 69 57 236 150 118 145 60 211 234 32 175 39 63 99 35 29 126 219 233 25 47 105 2 200 91 167 138 122 115 75 169 194 9 125 123 232 93 31 118 239 11 201 98 47 123 212 43 70 30 164 125 55 116 125 19 154 92 217 112 204 183 123 42 77 220 162 40 31 253 75 67 187 176 191 85 91 84 118 218 172 246 167 183 103 151 102 209 26 128 203 
20 147 182 100
249 215 196 3 139 187 183 38 253 65 65 245 106 119 8 200 20 212 17 101 188 234 235 235 174 255 13 173 146 85 251 221 192 234 52 132 143 86 228 195 59 98 25 217 227 139 187 37 123 177 98 126 39 168 42 174 178 88 152 194 97 174 27 116 54 27 221 0 92 197 19 91 194 59 99 3 15 91 151 183 187 222 16 77 112 100 181 82 212 252 226 39 122 71 78 77 140 160 229 163 
160 92 206 100
230 24 25 251 155 48 49 130 58 119 32 105 92 81 203 82 117 59 11 103 16 197 241 2 116 81 41 237 211 217 11 13 237 125 67 67 22 24 179 88 25 99 28 8 148 200 108 39 186 138 187 190 245 253 151 95 212 142 84 101 152 17 239 237 248 235 129 240 24 6 168 163 193 10 168 182 191 236 98 44 123 28 171 210 9 71 200 16 244 115 126 23 135 30 209 173 39 203 118 241 
110 96 220 100
205 196 60 163 234 198 204 36 36 182 50 222 233 127 75 214 81 235 161 252 27 33 37 37 49 166 140 226 198 182 75 133 142 61 1 73 66 108 3 119 171 225 81 89 57 139 51 139 0 254 57 176 107 230 93 238 35 73 22 197 17 89 187 171 217 129 21 240 153 125 78 224 202 160 50 80 160 148 77 7 29 215 72 203 1 129 142 10 6 103 224 119 21 145 76 109 77 233 233 36 
190 249 149 100
84 149 67 25 108 85 25 153 209 58 239 102 72 71 73 36 37 133 73 176 117 55 251 3 21 215 97 111 17 39 207 81 39 187 88 15 23 110 236 18 163 185 95 120 118 138 85 211 115 142 101 248 175 124 38 209 130 93 38 211 146 239 177 15 191 71 136 91 72 185 102 123 133 132 255 179 226 175 184 26 60 254 106 214 30 31 62 85 212 72 54 103 58 47 176 114 214 70 77 18 
248 118 162 100
116 157 143 206 85 137 54 222 188 168 211 16 254 0 217 242 34 69 65 12 169 216 55 47 167 215 152 172 15 61 198 77 166 199 166 12 252 44 54 155 81 108 24 34 147 79 131 21 249 74 253 246 90 5 139 100 72 5 87 177 240 168 165 152 224 252 235 44 232 197 195 234 186 220 184 28 32 243 52 74 68 78 44 151 102 111 82 129 142 41 47 72 147 224 118 148 211 246 137 133 
221 34 90 100
127 177 124 194 10 104 151 159 182 246 153 29 62 161 4 15 123 174 220 74 60 186 245 207 20 36 28 48 4 109 141 58 165 175 90 24 3 121 253 109 54 64 219 203 5 118 101 163 218 191 130 34 150 254 124 67 79 131 220 251 28 253 186 143 115 50 178 48 9 128 122 18 226 183 246 248 240 86 37 40 6 84 110 39 120 56 103 69 74 31 227 59 208 225 112 171 53 163 28 60 
191 146 184 100
197 29 61 209 53 186 150 34 219 46 98 20 25 4 38 217 55 79 98 74 221 105 255 120 125 7 251 66 186 152 201 30 54 98 90 232 91 173 139 113 78 160 48 169 245 11 54 57 62 42 140 124 248 77 255 37 206 62 77 2 71 3 225 199 114 252 4 104 208 248 51 203 79 43 16 96 206 168 117 60 216 245 175 122 234 191 147 252 254 37 131 82 19 83 239 125 128 67 51 152 
187 141 14 100
188 68 244 209 99 136 156 217 60 44 128 142 38 73 30 151 186 233 179 52 163 120 79 133 135 27 202 155 75 88 19 4 222 71 114 90 68 156 205 203 59 41 231 52 232 236 98 157 26 144 122 4 15 90 36 88 181 246 87 24 149 125 45 33 235 17 29 174 14 131 157 151 151 240 55 188 66 233 18 160 162 159 119 215 47 219 38 114 46 143 120 200 66 141 54 123 177 209 49 7 
171 4 141 100
193 19 189 30 27 146 108 89 141 196 230 93 109 176 62 151 153 155 99 71 198 43 230 9 175 144 123 169 229 228 205 151 23 124 146 195 8 123 244 80 131 161 168 49 212 45 8 62 135 216 39 93 115 67 169 165 7 211 212 233 226 207 147 238 198 23 91 184 2 241 121 227 44 226 214 105 67 30 114 10 53 126 101 184 244 103 42 14 40 35 236 0 92 139 174 93 49 86 239 123 
85 210 149 100
114 254 82 139 182 163 49 255 30 160 65 213 106 3 18 10 55 78 243 22 83 102 53 41 13 5 127 134 237 219 170 128 239 243 3 59 144 188 61 34 96 90 227 90 24 60 43 33 17 57 255 56 57 187 148 160 238 112 93 175 139 177 177 37 155 219 118 151 210 37 45 82 130 143 173 51 83 91 132 214 36 70 206 53 105 118 77 234 244 58 87 182 74 228 61 25 18 244 109 239 
