6164 8725
2418 3588
2433 5381
3151 7362
6689 8866
6329 7534
3925 8047
4912 8348
950 8430
6876 9191
8097 8792
5041 7064
1962 8776
6417 6454
3179 5838
4033 7997
6386 7241
3444 4075
2086 3668
7785 9812
4800 6095
2312 5778
7206 9842
3879 4281
2300 5969
7759 9010
4988 8269
8577 9408
5074 7120
2067 2789
8035 9727
8051 9268
387 5728
2810 7065
1539 6835
9505 9730
2775 4685
4876 8048
2772 5562
5859 8063
8623 9029
5152 5651
4182 9144
3028 8745
3784 8656
3581 8205
7896 9454
3265 4291
892 962
6249 9160
7597 9428
6260 7446
3463 4351
4273 5218
2740 4614
3491 9435
2304 9343
2645 7427
8390 9678
5700 8256
8097 8913
580 6908
6853 7382
737 1048
2176 5819
5912 6316
808 3688
5882 9052
5542 8595
5955 6070
8411 8762
6520 7601
3568 7910
128 2968
493 2251
7048 8553
5520 7026
5525 7872
7944 9874
1408 3207
6956 9971
7036 7159
6725 7746
9434 9858
1974 2191
6478 9683
140 8336
7651 8380
5227 6771
2349 7620
6710 7546
7353 8323
4395 4494
8571 9463
1004 3809
7399 9635
8271 8927
6881 8474
248 4739
4226 7588
1427 9762
2400 7756
8288 9654
9879 9901
3990 5344
3034 3218
4583 4660
756 9068
1704 6024
5470 9516
3330 3377
5944 9156
6694 7886
1323 2055
3871 6868
701 3091
1297 9872
2531 4192
5173 6205
4649 6458
8854 9326
696 3280
2196 3252
6950 7539
3408 4585
7485 9880
8805 9014
9745 9801
7680 8076
8834 9691
1295 6438
4536 8497
3299 8661
5172 9035
5238 6841
9509 9847
6649 7855
2125 5865
7576 8510
9535 9821
4960 8703
806 2047
2075 8361
6077 9536
5583 8117
4302 4729
8116 8925
1621 3217
3279 3772
2339 4024
8291 9894
3171 9228
6571 7090
8270 8377
3570 5658
8164 8990
6612 8551
6888 9674
2322 5449
2115 6817
5692 8069
2955 8208
5526 6012
7699 8774
466 5489
1160 2399
5593 7695
932 9431
4722 7928
775 9102
8550 8922
252 9813
8536 8655
8583 9708
9169 9893
8997 9642
427 7043
5526 8724
2375 3744
9212 9840
6918 7146
7079 7787
7904 8611
4510 7432
5918 7622
8708 9783
8120 9527
8752 8814
7137 8121
1952 5866
5970 8887
2999 5605
4986 9409
1529 4730
5455 9977
5534 8958
6334 8406
585 5872
5717 7181
4645 9477
4485 6202
1679 3140
5673 7386
6303 6487
1654 2529
9255 9550
2850 3974
401 8343
1535 9652
2002 5979
3031 3140
6562 7159
9499 9934
1848 9889
8996 9367
4844 8773
4904 5854
2448 6375
4849 8209
6786 8669
8719 9685
6991 8318
3350 5633
1380 3748
5861 6423
5761 9135
6716 8089
4547 4968
9936 9950
1602 5216
1991 5445
8076 9650
7790 8702
3448 5732
8491 9035
6769 6777
6480 7675
7866 7873
7524 8635
3632 9338
2666 3286
6706 7514
9167 9389
8144 9742
3057 5963
2264 2788
3173 6442
7622 8133
9644 9898
1214 2079
1670 6552
4336 5088
1005 1542
99 6467
9530 9838
6813 8475
9017 9967
4697 6256
2052 6741
6053 9053
2747 3752
8163 9490
3432 9469
7390 9241
5120 6412
5691 5709
6209 9812
3859 6020
4858 7687
1333 3655
8503 9724
8173 8764
741 1238
4912 8628
6316 8577
2936 6772
6163 6989
1022 1593
1854 6329
6131 6876
1828 5056
9493 9757
803 6619
6207 7127
2495 7117
5499 8436
6899 7837
1981 8549
2182 5483
228 5551
8157 9367
4771 9931
3120 5950
444 2845
1396 4044
5849 8551
1903 7919
7790 9329
1633 5814
1908 3397
2398 8481
7594 8513
4490 9880
8746 9937
9604 9721
6973 7823
1750 8338
2914 8043
4829 6569
5737 5906
1061 8946
2746 3579
2683 5970
8789 9293
7796 8958
5786 8170
9568 9919
7448 8723
4743 9375
1861 9601
9258 9656
5465 6000
1511 2996
8060 9337
3034 8362
4123 6357
4773 6940
7375 8419
7105 7308
527 2320
8001 8834
3190 6087
6608 7684
3816 5606
2031 9551
9453 9918
5216 6944
4222 8001
1530 8713
8666 9474
6761 7328
5599 7809
3936 8181
873 6901
3863 5002
3250 8359
1438 1494
111 6074
7098 7245
5213 8397
7205 8902
899 2535
5735 9106
4832 9623
9891 9994
6526 7785
7001 8234
6601 7451
9017 9338
962 2704
9119 9169
379 8394
6950 9842
906 5763
2522 8977
4350 4890
2558 5215
5586 7930
2900 5883
6869 6951
3120 8873
7992 8739
5875 7805
7192 8415
956 7332
767 9991
6098 9251
7471 9137
7676 9010
1863 4308
1029 2465
1770 5262
4030 8539
7254 8474
5442 6691
5982 9631
6421 9802
7423 7958
8432 9259
355 2075
4425 9080
7981 9987
3463 5346
2439 2628
7704 9552
7219 9361
7680 9344
9829 9957
956 2941
8276 9824
9797 9816
1465 7200
4679 5117
5630 7948
3569 7153
9383 9812
1208 3167
3283 4667
7202 9408
2946 3729
862 4473
618 4954
9931 9994
2408 3939
3231 5425
1658 9483
6598 8331
3860 6877
2218 8086
2615 2742
4752 7752
7917 8159
5850 6413
8780 9547
1679 7653
8989 9418
9263 9320
5843 7506
8024 9782
7960 8414
9757 9889
747 2821
1997 7689
6287 7495
496 6835
5587 7909
6554 8199
2576 4168
6726 6921
2104 9760
4358 6666
342 2874
4970 7859
3207 5136
8513 9968
8845 9383
3591 6205
178 3819
2086 9051
820 1881
6326 6604
3025 3735
222 2557
8564 8664
4497 9151
9333 9864
8161 9242
6862 8604
8929 9341
4916 5186
1550 2287
9884 9940
3929 4515
3035 9156
9695 9767
4337 6481
7948 8569
6450 6512
9079 9858
649 9183
7639 7672
2803 9552
7450 9643
1285 7397
5005 6374
8080 9755
4588 9475
7781 8783
3026 6716
4526 9729
1128 6207
6115 9518
9183 9435
8079 9760
4814 7553
9188 9423
8668 8820
8350 9856
9553 9722
1785 4926
5341 6765
8281 8860
8080 8082
478 3221
1856 7722
2081 8629
4119 6183
9476 9937
9857 9921
8915 9738
2083 4488
8629 8809
5385 8764
5494 6842
9787 9891
7537 9599
1313 1603
7217 7300
6838 7320
677 3061
8656 9501
2078 7663
1385 2201
4582 7315
7306 8446
9102 9256
2019 4214
1705 6313
1500 3451
1276 2948
1 6126
4125 5236
9853 9984
2294 5786
5062 6047
7036 7502
5591 6540
6173 7671
1787 4074
8148 9654
8440 9214
542 3178
97 6223
2597 7674
4985 5672
3316 5665
3946 7183
3631 4601
99 5255
8557 8719
9087 9389
3016 6000
4432 5957
4863 6935
9845 9997
1383 5232
6170 8709
4821 5889
8951 9879
4537 9767
5833 9167
3742 5080
8633 9713
3902 7639
6261 8352
8679 8850
4267 7536
6129 9219
9787 9864
138 5638
4011 7127
2804 4276
159 4161
8773 9955
437 8299
114 1191
8576 9059
9731 9748
35 1265
8561 9450
719 6220
8624 8805
9106 9445
7442 8419
1543 3738
4662 8786
1364 4144
789 4061
8133 8203
4476 5138
5520 5739
7110 7515
5345 9622
2151 3784
2567 5942
4948 8239
9542 9886
2162 3724
3660 5458
9641 9907
2839 6426
1366 7896
7350 8069
64 9614
2918 5218
2259 3585
7692 9767
5201 9748
6983 9355
993 2868
3967 9758
7590 9371
5479 9251
2319 9497
1864 2819
6468 7276
2246 3293
2671 6836
9123 9963
4458 9590
9661 9813
1039 1263
6472 8430
6439 9435
8433 9919
3337 8869
6167 7260
1415 3571
9683 9842
5089 6157
3097 5493
8312 8661
2894 5095
2493 7013
8160 9513
1597 6744
762 8173
239 8708
1587 5127
6063 7748
5338 6723
9594 9977
3463 4011
1016 8766
1185 2776
3068 5389
9980 9982
995 4044
1086 8128
1669 6862
8228 9595
9633 9934
955 1367
5746 9463
7328 8350
5112 9152
7632 9368
9206 9618
961 1924
7855 9006
3079 4412
5845 7013
6242 8461
4737 8837
6628 6743
2414 6672
8869 9328
9009 9468
9895 9938
1459 5922
9022 9793
3610 8896
4614 8708
3188 8495
2832 9903
9150 9985
8296 8929
5347 9890
9753 9841
3843 8218
6766 7628
1797 8811
4320 5827
310 5644
4835 6406
4347 5956
2212 3603
5616 8146
349 3158
4501 5315
8047 8463
876 1034
1082 3205
9383 9559
1511 9098
1045 9960
9850 9977
8460 9879
3 7049
6826 8998
4211 9387
6018 8797
9463 9895
1529 3193
2501 2507
2762 7609
2176 9798
18 3301
3646 7234
645 5641
8870 9601
7747 9705
1921 9437
2335 4040
3118 3187
7972 9042
8986 9058
4301 8761
1114 7238
5057 9722
6871 9501
8017 8216
8548 9364
1547 6914
3362 5477
9857 9864
2077 3779
4042 6421
7186 9772
8565 9388
1854 4851
8478 9134
5535 8178
1628 2541
397 6851
8056 9741
2414 3550
4403 6309
5092 8717
8912 9920
2629 8534
7697 8812
322 9680
8699 9128
6844 9639
4402 6740
3933 7778
2578 6359
5788 7130
1068 3904
82 8090
4051 5760
5853 9940
355 7580
4317 7239
3015 7896
538 5933
2376 5924
2596 5947
4870 6291
7811 9902
4273 9795
968 1294
4672 8791
6067 7770
610 2331
2076 2942
5882 9747
9188 9458
806 4814
3350 4098
1675 8710
3484 5153
4269 9776
4496 5787
3518 8592
313 2841
2686 6043
9105 9286
7482 7949
6647 8569
5700 6399
1291 7935
1103 6717
5693 7721
1210 4539
8483 9081
8537 8829
7530 8993
9619 9992
9772 9927
5566 8278
7280 8685
4229 8601
4467 7596
1018 2914
642 6844
3164 7363
7394 7609
3197 6225
404 5969
6515 7958
6402 9642
910 9291
6721 7072
7851 8933
8368 9267
6320 9134
7817 9687
7055 9994
9248 9628
6502 7709
789 895
4621 5277
895 2582
587 3752
2142 8263
1821 5069
3554 9572
3810 4325
6489 8821
235 1253
10000 10001
9317 9917
9111 9589
3120 7405
2869 7303
5756 7185
8751 9847
1361 8151
2101 4330
8708 9873
7849 9219
8934 9326
829 6850
5882 7672
8542 9850
193 9825
8853 9056
515 6452
9120 9946
6948 9418
8046 9075
4058 5617
6969 8170
9224 9651
4076 7439
1257 6062
6751 7632
4146 9717
5750 9740
2275 3727
8524 8865
2515 8293
1928 5755
909 2394
2253 4830
1726 5440
9293 9828
1220 6208
3835 9087
2913 6012
5660 6114
9982 9990
7478 9705
4375 5131
3198 6577
8335 9191
3577 4977
3225 9625
9517 9627
9539 9773
6026 8089
9391 9731
3148 4979
3299 4282
6235 9921
8957 9643
805 9083
9560 9921
2767 8077
655 4991
9124 9821
5953 7038
22 4669
8016 8878
347 4222
894 8641
6927 9872
3091 6170
4101 9064
2631 4387
6492 6602
2920 9485
2364 8548
984 7616
9504 9824
3660 4298
6789 7496
2657 5710
2972 7252
192 4155
1847 7147
7868 8481
5325 8967
9160 9508
3831 8102
2445 9759
8845 9168
1367 3955
7750 9313
9343 9597
2587 9300
4975 6663
6526 7421
1201 4052
940 9717
9854 9906
6347 8312
1612 5325
643 8830
6997 7450
1274 1308
6208 8538
706 2644
9380 9805
8598 8831
1481 7925
6373 9824
3209 6451
2648 2669
9960 9995
4301 7082
1457 6759
9350 9530
7467 9127
1657 9153
26 67
6776 8704
5126 8197
6694 9984
9322 9920
5728 6074
7052 9205
5763 8350
2716 6161
2369 3860
7427 8080
840 2287
2014 6165
1264 3264
7456 8714
6493 6513
5308 9875
9833 9918
3777 7654
2013 9451
7869 8249
6000 9706
7742 7999
7062 7882
14 4915
5395 5702
2846 8330
4876 5402
1415 9727
1090 7645
9392 9716
4493 7154
1565 2950
1014 3070
5055 9382
8106 8955
119 7551
402 9180
155 6262
861 3187
4832 5981
4225 8879
3453 7963
2480 4390
3803 6694
1597 9092
7726 7984
1009 4116
2464 9673
2151 4232
9950 9982
1845 5117
2777 8093
6328 7811
1951 5019
1520 3755
1956 7605
9846 9880
189 1048
4616 6103
1575 4879
8816 8879
6111 9113
3950 5701
5929 9550
4560 7928
2050 2700
5022 7626
5847 9470
531 9123
199 7792
6538 7613
6586 6892
9297 9338
2119 7344
8363 9748
5316 8195
5613 9187
8290 9577
3951 5066
3482 7047
3545 8743
1480 4818
7420 9297
8980 9771
2814 5681
2155 3710
7088 7847
3544 8588
8578 10001
4545 5298
4335 5136
990 3976
3032 4823
1639 1925
3131 8821
5212 8310
8584 9856
3141 5615
8168 9078
6345 6847
7826 9848
8046 9285
3642 8256
8502 9351
3548 8314
9381 9941
6643 6940
8164 9183
4132 9528
2309 2772
3204 9485
5690 8206
8336 9459
2288 6567
7040 7356
7932 9119
9146 9429
895 2696
2141 8990
3789 9752
8939 9175
6425 9339
4312 6650
3399 8434
7054 7884
9664 9874
2615 9019
9356 9601
3563 9279
3718 9550
8098 8435
8596 10001
4817 8807
8934 9988
9113 9643
7675 8368
7448 9636
6336 9839
1823 9780
229 7797
6093 8012
2372 3709
5156 7528
4656 5016
204 7788
1027 3572
3659 4039
2459 9304
7213 8008
6009 9988
4330 9282
2789 3760
3262 5558
4619 8296
6139 8020
5544 8388
6229 7348
1165 8828
3444 4706
8838 9230
2263 4435
2298 4555
1675 9787
4712 8069
834 3585
6110 6932
378 611
7126 7855
6654 7178
8980 9442
780 8256
7067 7686
2545 8503
3282 7386
4712 9294
9395 9819
3918 4960
2426 8161
8253 8591
3457 6772
3298 7159
5181 7857
1195 7003
3153 6709
3974 4375
1836 5548
1705 3995
4620 9637
6188 6322
354 1485
7787 8860
1339 5563
5094 5173
6577 6805
6568 9470
7095 8539
9388 9791
7949 9130
8769 9727
3919 8124
3421 5656
5564 5871
9895 9926
2659 4530
6367 8650
4499 6225
215 5141
7237 7972
9438 9690
3436 6528
3604 4219
366 7300
5412 7908
4436 8319
7608 9806
7974 8180
9591 9669
9889 9966
8867 9829
2171 8663
9744 9830
242 4958
4198 7772
9960 9964
8828 9161
154 4822
9950 9985
8525 9277
777 1002
4235 8566
6135 8410
3736 3791
1701 6001
6076 8156
5633 7023
7648 7951
5459 8055
5503 9835
211 532
8987 9581
583 2468
4330 8361
4600 6558
7941 9384
7940 8501
2430 7642
2752 4120
6285 6914
8074 9271
4289 8119
2796 8454
6648 9592
7892 9100
5516 7395
2988 3210
6514 7539
4593 6625
3479 7935
9069 9573
5146 8560
4617 7084
3691 8781
67 3814
3011 5862
9084 9761
7362 9570
4516 6842
1404 2493
4762 9693
2682 5062
3476 8958
1467 1574
3694 6591
8843 8863
1095 4192
8548 9372
9902 9977
8154 9688
5329 6503
7636 9639
3324 6081
4139 9536
224 4086
1207 5608
6806 9271
6816 9641
5016 8195
458 5735
2668 9596
1572 4527
5539 7276
5541 7353
5668 7992
2369 5100
5159 9549
4529 6857
449 3526
1964 9121
7460 7495
6455 7926
4753 5628
669 4714
7960 9171
3995 6122
6201 9246
1034 1522
3229 6399
6333 7913
8091 8837
1145 1160
6093 9459
3894 4060
8254 8294
1291 2644
3644 9748
3456 9257
9951 9978
6960 9859
270 6949
2002 8332
3166 5683
433 8940
1435 7077
3400 4719
6770 8069
543 5454
6156 8915
4261 7459
965 4861
841 9433
6076 7069
4900 5202
8456 9981
987 6896
3311 9366
7385 9899
9214 9726
6186 7957
4632 6032
2391 3374
1491 7491
8041 8682
5715 6657
1944 7558
3032 9500
9619 9629
6296 8355
9935 9972
1650 2009
1117 3152
3311 9203
7311 7990
6464 8335
962 9658
152 7095
2819 5827
153 6781
3715 9232
9760 9978
300 3449
8018 9048
6483 7205
7841 9063
9549 9863
1501 5610
1766 6844
5886 8506
7864 8695
9972 9990
8506 9732
4087 6421
6316 8699
4279 5768
5298 9278
9528 9998
9927 9931
1151 5619
5825 7536
871 7001
235 6358
8710 9590
9557 9831
7187 8138
494 5782
6440 7309
7666 9553
1666 2481
3768 7837
8356 9636
4542 9408
2514 3752
1247 1968
6354 9987
3167 9044
9785 9854
5445 6556
986 8689
3548 4246
1710 4183
9805 9837
6034 7793
6165 9612
8046 8456
3613 3883
8862 9237
7510 8721
145 6100
7287 9276
6568 8139
7631 7940
5714 7287
2696 3736
4751 7153
7217 8062
5522 6143
5149 9049
3937 8380
2698 7040
7380 7882
8542 8563
7427 7703
8854 8863
4483 9627
3456 7167
1410 7654
1146 4947
4983 9241
6691 9016
6639 7813
2066 3103
4616 7186
2737 3082
5329 8487
6417 9371
6166 6566
3576 3852
4059 4361
9596 9662
5147 8296
8887 9452
9300 9664
9766 9910
4608 9476
2244 7528
4278 9032
1338 2009
6620 9649
753 7660
4417 9548
224 5330
7557 9622
2175 8556
1122 8391
7852 9886
6891 9730
6507 9405
6302 8150
6459 8796
5636 7105
4888 8114
7413 8704
1061 9391
6596 7401
7942 8099
3998 7577
1993 2133
2447 2537
2026 7589
4432 5590
5303 6306
967 7470
8815 9985
7149 9176
936 8627
4572 9280
8133 9395
9063 9179
9590 9791
730 9337
4454 8607
7678 8823
2481 5444
5899 8140
3934 7232
2649 6804
9726 9957
678 1583
9780 9940
9356 9947
3622 6595
9707 9771
3484 7641
6244 9992
3742 5237
5956 9436
8735 9844
6893 9567
7988 8955
3135 6101
6684 7761
8833 9797
8398 9193
6635 8004
482 1779
1638 6886
2996 3862
6516 8067
6357 9728
1172 4998
9614 9910
1176 7791
132 8430
5120 6305
9247 9287
452 8418
7788 8591
4338 8796
6444 9742
7815 9060
9987 9995
2545 5847
448 9162
736 4080
8174 9233
6612 7358
6144 8823
1403 2465
7208 8390
6566 7595
8637 9650
8733 8845
6809 7274
1737 1895
4376 4766
7126 8267
4010 6980
4023 5603
7199 8370
8662 9877
7243 9311
8434 9481
4538 4807
651 9004
4861 8445
7807 9739
972 2450
724 8996
6457 9965
6315 7000
9729 9872
6366 6476
6893 9214
6711 8338
562 3395
6107 8188
5616 7926
5880 8797
5382 7009
3615 7718
8361 8667
2537 4826
8425 9497
76 8276
8133 9276
7111 7312
7857 9763
4751 6686
123 8284
163 844
2720 4866
556 3362
639 8291
9290 9561
2113 3393
2773 7421
7993 9418
742 5595
1028 1453
2051 2171
961 4289
2147 7259
8512 9146
5692 6573
9031 9173
1845 9986
8270 8349
4593 8637
8314 9700
9058 9071
4261 9582
2130 3655
370 9571
5866 8498
5803 6312
3198 8562
427 3106
3087 9278
5071 6890
3659 4448
4189 6929
1750 9742
7879 9280
5284 9138
8423 8456
994 9440
3307 4814
7674 8581
3789 9251
8119 9390
2137 5877
7022 9949
9934 9951
2557 6030
6235 9934
5494 9864
3090 7361
2715 5785
8581 8687
8048 9016
9374 9971
1317 5242
150 1182
5634 8551
8683 9076
1862 4551
9542 9797
6499 9140
2545 4183
3835 9652
4664 6563
5633 8868
6140 9642
2092 7894
3329 6371
6389 8965
3525 4339
4679 7671
6834 7442
261 4227
8884 9186
1957 7232
46 7243
6735 9218
8029 8510
5409 5903
820 957
5045 6805
6892 9641
1402 6887
1635 5309
610 4257
9372 9441
8629 8778
8935 9647
1247 3025
7572 8964
587 9868
272 3551
2255 8561
3460 5809
8084 9542
1976 2718
6707 7891
7139 8070
1657 9675
1629 9332
4714 6859
3728 8525
5246 7388
9726 9808
6950 6956
6154 9291
8049 8950
2017 7903
8359 9239
6323 6379
6638 9013
2557 9130
1207 2578
594 7792
8864 9085
9690 9754
9510 9879
8548 9300
5534 6142
5160 6063
1209 6026
845 1453
4143 7225
9287 9320
8338 9664
3550 6892
9072 9092
1530 9380
8237 8741
7257 9253
375 9309
6210 6331
7863 9521
4635 7295
6223 8624
5198 8182
2473 3523
7748 7765
7745 9655
2837 9564
2936 9922
4610 6275
8514 9736
418 5890
7075 9778
1387 8389
348 2634
6954 8546
640 3076
756 2854
3347 9473
5927 8462
9635 9745
7872 9191
2257 8967
2261 3645
5311 7787
2747 9143
6102 7256
8812 9943
9510 9649
1411 9022
2520 2715
8528 9145
1504 8331
3300 8114
7338 9875
6530 7591
9685 9753
4005 9025
4527 7199
2453 4095
6957 8414
3365 9408
4754 7113
6308 9327
516 6575
3122 3281
1843 7680
6838 9411
9608 9768
67 1435
4247 6216
4013 7320
3485 9847
7115 9167
3907 6810
3214 5241
8757 8858
2496 4510
5653 9146
5102 9660
462 9437
7582 8604
7320 8122
1478 7833
1146 4780
624 1068
8293 8540
7525 9217
1895 9367
9611 9939
744 6026
4307 6372
6846 8646
9967 9996
2248 8485
3795 9560
102 1665
2506 9558
2185 5449
3452 8697
6361 7686
1743 5205
7426 8888
8673 8999
384 8400
5680 5934
5842 6953
5544 8245
1802 5033
7754 9939
1804 9229
4698 5816
1671 2691
2833 3757
6337 8987
1724 6279
4031 4259
2133 8871
5051 7340
6972 7222
2814 7009
7772 8683
9541 9799
7732 7852
2704 3608
1177 3103
8183 9853
1950 6843
6622 6661
5272 9377
24 7799
6096 8986
2869 4693
7132 9771
8263 8459
2309 2314
9003 9200
4995 5355
3960 4224
63 6037
5907 6479
56 5627
2862 6292
4380 5213
6393 8735
5501 8347
9612 9777
7719 9883
7207 9129
6759 7311
6972 7330
9075 9263
3107 7382
3765 8289
4131 5235
1633 5704
8000 8883
4020 6614
6510 10000
3194 4673
3490 9352
1865 4169
9572 9965
1624 7956
6728 8623
4472 6973
2188 9107
995 9413
7762 8758
4158 6992
4162 4477
4968 4973
4783 7074
5617 7122
8341 8696
1886 9944
4852 5730
6151 8834
9752 9837
3783 5956
5461 8390
4550 9669
3016 9716
8473 9045
5190 7361
1121 7744
4184 7990
2562 7664
9555 9672
8875 9843
2315 5299
9339 9996
8421 9809
2502 4599
3624 7406
2013 8909
6136 9802
2771 5128
6318 6750
1304 6829
4051 6898
758 7492
8670 9287
7 2920
2005 3520
8779 9771
8078 8375
6900 7315
5216 6763
2943 6072
8843 9107
1889 4775
4687 4905
9282 9607
1614 2023
1962 4324
2112 6464
2908 7725
2809 8009
4408 4870
415 4851
365 3040
6055 8034
4146 5830
6977 8780
7333 8471
2685 3522
9028 9626
2169 8299
7358 7786
2471 5642
3001 3171
2699 9257
3996 7291
2508 8293
1857 4450
5047 5655
483 5703
940 3655
336 9743
6621 8118
199 8022
3291 7376
223 1649
9970 9973
7724 8894
8981 9354
3413 6059
3184 5749
3878 4312
6770 8254
745 4799
2934 6625
6936 9615
1325 4363
9648 9812
4944 5143
4626 6506
2629 7902
7801 9469
3104 9531
5071 9354
1839 8279
2036 2882
1328 7111
8236 8633
2834 3543
8143 9407
606 5787
709 6632
368 2584
5974 8155
1866 4559
8881 9397
2481 6497
1548 7844
5938 6189
5948 7180
7709 9115
7461 9207
4568 8952
730 1828
5390 7791
6974 8125
9696 9861
887 2036
7096 8669
691 9598
3094 5488
9858 9924
9353 9415
658 4490
4998 7779
9948 9984
9223 9308
2347 9351
619 5643
6843 7586
2190 9364
6607 7040
497 944
580 5826
3663 9208
2047 4415
2724 3022
8522 9118
2062 5460
7389 9994
6834 8815
9798 9828
7110 7181
4330 7516
5819 9270
6775 9538
44 1925
943 5644
2202 9188
1108 8413
9675 9760
169 5794
4646 8671
288 5688
4244 6314
5303 7711
8452 9461
2016 7078
4582 6717
2976 3693
8745 8845
5058 8841
3925 8974
1201 4363
1316 6099
2280 4280
2799 5673
6261 6482
8538 9457
492 8385
5920 8132
5152 8153
4301 9779
7626 8986
4980 5583
232 5380
8326 8589
6890 7804
9539 9718
3559 5813
6332 8228
3533 5561
2488 6330
7243 7605
7566 8686
7390 9723
9536 9879
5759 8844
4893 5438
960 8296
2471 7796
4450 4793
5948 7866
4683 5559
6354 9813
3491 6323
4485 5184
5001 7535
4835 7887
8453 9586
4037 4516
6304 6517
2901 4330
1596 1901
8671 8878
613 787
1024 3461
5997 9839
1512 9101
1042 3198
304 3282
3443 4550
1812 4047
8730 9573
8444 9280
4971 8636
1165 9135
2209 8938
6555 7481
621 2102
561 8059
1929 4677
3315 9675
949 3888
2968 8101
46 7353
4047 7635
6480 9026
7811 9107
2510 8940
4738 6498
4167 7973
2783 8998
1234 8728
6944 7479
8582 9770
9519 9755
920 5841
7694 9456
4770 7028
7796 8360
7894 9009
6269 9749
271 381
2555 3792
7667 9511
3602 7957
1939 6075
9588 9816
8015 8384
2489 8829
9855 9948
1737 7254
1433 4272
4998 8719
3100 4220
8665 9990
5309 5554
7924 9594
8484 9691
6589 7081
9910 9923
3049 4885
1290 9662
1178 8782
3997 8676
3075 7267
6943 7546
1263 7025
2840 7206
4243 6593
5768 5924
106 3956
3137 4353
9072 9972
3742 5428
7966 7997
2591 9972
8795 9309
8681 8793
7208 8618
1869 4179
5028 7957
4052 6311
7361 9759
4687 9629
6672 7459
7583 8627
6241 6929
2021 4380
822 2308
317 6537
4775 9517
4597 6140
6070 8962
952 2096
7644 8639
529 9254
839 8418
322 2227
8403 9803
3719 5934
6761 9258
9042 9895
2911 9933
7955 9962
6653 9014
8363 9121
4872 7084
8339 9532
742 4783
7840 9226
2715 5556
4582 5398
7945 9063
5041 9001
8229 9267
69 3666
6080 7696
9131 9657
140 2061
7683 8471
9403 9943
1989 9429
2171 4706
3640 9901
1172 4849
9053 9997
787 8407
4577 8133
2282 6687
5605 8655
5238 8846
1499 8605
5745 9668
6539 7821
4938 6983
8083 9779
3604 9072
3921 5981
526 1221
8086 9411
3219 8130
869 6008
9455 9845
252 1921
8614 8906
5179 5336
733 3944
8477 8801
1042 5321
4098 4661
3865 7714
7238 9163
5839 7272
9594 9977
4324 8461
2459 8482
5440 6613
1502 2217
5740 9346
1210 2062
2066 3484
9080 9161
7837 9141
7789 9710
7814 8568
3657 5339
9928 9990
5723 6827
547 1061
4664 9221
7470 9200
1716 9643
4559 8273
2826 4450
5846 7784
4829 9280
6467 6795
3900 5652
8440 8469
550 9149
9344 9450
1483 2693
6514 7144
6948 7934
4963 9947
9254 9401
9027 9148
8953 9275
6247 8246
3015 7313
8745 9586
4264 9441
7742 9533
1627 5779
4251 6120
7998 9660
4000 6298
786 3676
7076 9583
8856 8949
2227 6706
3270 6390
2147 5993
6630 9381
7700 9557
9024 9950
8681 8857
2056 5007
4271 9085
9126 9330
7930 9686
5651 6016
2235 3190
9022 9782
2369 8347
3503 6047
3418 9140
8712 9558
8922 9446
9953 9974
587 5392
7076 8220
4549 6728
3645 9560
748 6742
3201 4054
5110 8718
867 7806
3602 4818
1042 4864
3572 5946
9784 9863
1498 2736
2088 3623
459 5037
2208 2943
179 8257
4191 4480
8409 9084
8341 9363
6687 9324
1070 1938
1982 10001
8236 9003
9349 9934
2277 5853
9474 9527
8796 9539
5901 8816
7814 9180
2804 4743
5226 8527
65 6854
3415 9298
7737 8793
3214 8040
6224 6738
5185 9841
8784 9163
8901 8990
727 1951
1000 9035
7689 9792
5480 7469
1746 9407
841 9153
3528 8651
2932 7246
5966 7801
6217 8539
7286 8729
5901 6308
7329 9707
1284 8110
5604 5841
3390 7847
108 6029
6796 7493
7693 8092
8098 9817
6411 8655
2107 2214
3099 6234
2012 9889
4939 7247
1098 5859
4873 7671
7237 8913
9742 9857
1047 9337
2243 4446
899 3340
4404 8557
6480 7454
7132 8014
1196 3276
4103 9297
7647 8202
1654 7251
2839 9274
4691 8168
8263 8737
3530 6451
8522 9870
6854 8173
466 6996
7384 8630
1484 6870
133 9933
4676 7167
5966 8388
5389 6407
6653 7293
1193 3324
8569 8832
1835 7833
919 6029
614 3192
4262 5412
7134 7207
4911 7288
9515 9725
7161 7624
4901 5805
3815 7825
8883 9423
799 3869
8473 9016
2948 6244
9024 9788
6748 9737
5135 5751
4115 7127
7092 8824
9928 9974
3320 4351
2866 8903
7361 8724
1492 8022
269 9741
240 2903
3501 7794
5722 9518
7386 8233
1171 1329
3601 9844
5931 8302
5179 6684
5450 6353
6446 7114
8646 9442
6673 9226
5185 7732
2601 5203
8273 9856
18 8147
2153 3075
8940 9704
4223 9150
9572 9689
4562 9738
1395 3320
8364 9803
8882 9135
3861 8307
4935 6443
5434 6664
5838 7788
4054 6917
3505 8227
2577 7834
6084 9422
6648 7835
8714 8919
1107 7678
6152 6434
9467 9772
4878 6750
4054 9366
9796 9812
4327 6661
1930 9637
8338 9053
2982 7255
9185 9358
4442 5941
3303 4742
2199 4381
794 5484
5620 9488
9406 9742
5702 8538
36 85
8902 9623
2828 7554
8612 9268
4114 9134
9684 9759
8298 9000
2601 3219
8156 9422
5720 9724
6551 9219
6583 7859
6364 6871
5185 9590
8509 8712
8060 8970
5660 7573
7787 9933
8017 8606
3312 8996
6651 6732
3765 8391
3133 9258
8800 9237
5878 6328
1162 5586
2382 8662
216 7546
2499 3760
4446 8948
6126 8889
5555 8262
7889 9558
9460 9954
4956 7721
584 4031
2240 4209
7537 9259
4878 8053
6024 8267
5528 9240
7558 9663
8996 9204
7033 7200
8556 8673
4491 6485
2386 4124
7611 8841
9799 9899
858 9615
4195 4596
8965 9979
9870 9997
7490 7552
1600 5557
5138 8376
4503 6906
4816 8294
4365 5645
6698 8674
6762 7071
2503 5468
580 5954
5653 9498
4960 6667
2772 9636
5405 9143
4653 5857
671 6954
5600 6267
7999 8952
8466 9254
3246 8732
3525 4923
9677 9855
8794 8829
6292 9404
9992 9993
1891 9621
938 5413
3685 4794
8635 9037
8973 9618
9595 9614
7328 9729
4609 9521
2747 5657
8491 9984
341 2349
472 9675
2148 7502
8224 9034
4782 7292
7431 8088
3633 3837
2932 4121
7104 7329
1076 2439
4730 8251
8770 8936
4347 9557
6591 6744
5665 7126
5695 9475
74 6808
8673 8896
9015 9673
886 3804
1537 5767
279 2140
8106 9774
2531 9703
2356 8267
4699 7045
4588 7441
8262 9429
4469 6218
2927 4087
8427 9222
8755 9723
5963 6834
8330 8603
7499 8765
2834 7581
2531 9197
1737 8497
6429 7468
2883 8654
3721 6810
8952 9630
1011 1434
2066 6080
1659 8215
1178 7045
3127 9675
9251 9813
2145 5795
2585 6454
2154 5998
2191 3690
7261 8135
8240 9484
1993 2767
4337 5287
1124 4107
3064 7210
2443 4627
824 3303
4050 9772
2937 5308
7409 8607
4969 5230
2149 8305
9562 9944
9217 9437
4088 5486
853 5028
6016 7596
3638 5130
4271 6580
2582 9473
8725 9414
623 1267
2514 2949
2482 4794
9108 9856
1722 5831
1429 1627
5228 8618
9427 9790
3484 9467
5374 6205
5246 5626
5046 5448
842 7299
9034 9468
4869 6982
2236 5682
9248 9385
9370 9938
9232 9794
3200 7876
4316 7584
396 9915
489 6411
4757 8183
2078 3320
9387 9741
7248 8013
4779 9882
8040 9976
7297 8999
2614 6521
5171 6648
2491 5905
1797 7657
8373 9562
1738 5800
3303 9304
9806 9958
5007 9861
5575 8028
7837 9812
6039 7802
3099 6540
3481 5425
1825 2797
727 4581
2 791
3750 7631
2955 7769
7568 8357
6707 7180
4090 6996
7988 8910
3459 7570
624 4607
9090 9524
728 4232
1965 2422
4201 8997
5522 7594
5255 6156
8346 8350
7211 9605
1342 5249
5029 9221
5013 9218
7519 7944
3774 7300
459 6327
349 572
3854 4703
5276 6194
2589 3341
4873 7469
3436 9343
6507 9135
908 4159
9999 10000
3808 6396
8110 8185
6156 6195
7016 7585
492 4485
3907 7260
3068 3761
783 8813
3046 7483
4457 8132
486 1813
9089 9427
8379 9874
6935 9488
5586 6882
571 4846
7900 8334
3412 6808
1244 4884
8674 9678
6697 8030
1923 4606
2349 6156
5340 8827
7855 8585
6928 9393
4467 6654
5098 8758
1008 3437
4338 4390
944 4065
4408 5055
7674 8616
3677 4566
8313 8568
8688 9266
5267 8876
2806 8271
8104 9139
9911 9964
9430 10000
9404 9945
9458 9880
3159 9441
6151 6648
5454 6262
1049 4222
8237 8408
4612 9938
1637 8703
1261 9992
4952 9973
4178 7102
3135 8607
1297 5410
352 9548
1548 6555
6258 7567
5384 5981
6852 8952
3323 4209
4750 7711
1275 2285
1590 1749
115 1392
6647 7704
9947 9978
3602 5044
1047 2452
6004 7328
7078 9504
6037 6925
6982 9212
3672 7323
6038 8582
4511 7626
4722 6888
5112 5806
7016 9524
2861 9090
3127 5895
5302 6468
8257 8371
2982 9983
9301 9452
8008 9014
4514 6607
2752 9502
8426 9386
9756 9812
4136 4820
2283 2498
4210 5993
3337 5953
1721 2702
2574 7473
238 1036
4455 7754
5774 7003
8270 9946
1057 9573
3504 9841
4527 6225
847 9046
1780 9657
3106 6791
9942 9948
1017 5749
7628 9099
6986 8248
2921 9718
3507 4422
2772 5338
5675 8570
4083 6570
3953 7609
6407 8160
8019 8030
4012 4669
4761 7150
8523 8758
4023 9968
6245 7009
4798 7728
6528 9415
2578 9899
3476 5580
8630 9604
5137 7169
6327 8161
7471 7712
3554 6066
8828 9154
7511 9270
5220 8234
1134 4034
7891 9697
2706 4082
5128 9219
6511 7381
5218 7063
2358 2696
8174 8308
5634 6872
4485 4899
5746 8576
960 5763
2381 4412
8091 8791
9462 9492
2056 7053
3226 5825
1770 5566
5004 6800
6400 9576
3832 9322
9830 9877
1054 1628
3473 7355
5745 6829
8802 9826
7742 7829
6986 9556
3201 5241
1199 1999
2254 9978
217 2636
5834 6533
5580 9533
9190 9719
5048 9664
9988 9989
4273 6805
4209 4875
5879 9888
8864 9510
9309 9715
300 7134
4880 5355
4218 8888
8944 9960
6078 9997
418 4724
1352 2781
2240 3612
1247 8583
4015 7675
447 2209
7742 9893
3766 9881
6289 7711
2816 3748
1651 5190
8189 9042
7813 9069
5361 6694
6487 8494
2236 4517
2322 2522
5490 8430
5212 5250
3684 4867
6072 9472
2644 3244
507 8561
710 5679
7555 7627
8200 8716
4646 9428
6358 8162
5239 6116
6442 7918
5959 7095
9210 9672
2813 9517
4945 6088
6932 8502
9917 9949
8875 9036
1454 2464
4017 7983
9826 9921
9629 9913
2500 8897
19 6527
1218 4970
3452 5243
8252 8582
6487 9174
4511 8268
2835 9808
4471 7472
7519 7756
9873 10000
3893 5960
7182 9904
4766 6798
8075 8379
8212 8387
699 1971
5452 8248
3744 7503
5379 6527
9932 9965
5547 8261
5918 8863
656 7231
4268 6531
8701 9184
7530 9395
9172 9922
6381 9370
3935 4727
1860 5736
4507 6306
2464 5923
2113 9239
8710 9639
8238 8493
8744 9331
9614 9867
7522 7716
9042 9320
1047 6294
1548 3842
9144 9423
2327 6331
5580 6403
3727 6161
5926 7400
1542 7694
9480 9819
6770 7910
9761 9860
3351 4246
4514 5099
4229 6393
8049 9660
4263 8472
592 1825
1537 8904
5278 8372
6828 9424
1553 4900
6320 9054
4195 5454
181 4133
5561 7027
5548 6144
3004 3380
3303 4313
1013 6379
9104 9468
9466 9527
6764 8682
7824 9717
191 1538
4096 5259
6447 8703
3855 5141
8586 9589
4827 6093
5273 6886
320 6971
5344 6025
6074 7324
3579 9442
8522 9085
7525 8251
4787 7183
1209 4072
6692 7626
7336 9109
6010 9778
3514 7121
2115 8415
763 3066
2557 3935
209 5971
824 5278
1703 7132
3945 9780
5875 6189
3593 9232
8705 9272
7656 9217
2621 8794
3187 7536
6107 7405
5162 8743
2183 8463
7771 8382
9238 9806
905 5772
3608 7483
9990 9999
6520 8163
6505 9481
7651 9789
5855 6658
2277 2433
2525 6240
6774 9965
9332 9981
3629 7809
642 2103
9378 9477
5475 9413
3295 9001
3507 7023
766 3627
3057 4352
6255 7711
7040 7763
3705 7599
8027 9121
8850 9270
3331 6299
8485 9385
8129 9529
2683 8962
6855 9636
2842 5167
7018 7128
9079 9184
6489 7077
1653 1866
8418 9186
3141 5781
657 7388
2812 4195
9055 9077
4064 7001
4658 8479
5061 8014
1877 6450
7254 9496
166 9066
3033 8879
6727 8503
2413 8823
2262 3146
9060 9340
2377 5529
6453 9679
3203 6899
7271 9154
6908 7577
8858 9597
4784 4926
9227 9912
4459 6870
1374 5717
5973 8575
3325 3423
7070 8362
5775 6390
4192 8931
6416 9468
2388 7864
3825 8455
8928 9095
7889 9767
2588 4043
698 7743
1508 7946
9823 9907
4068 8636
2780 8787
7557 9814
2374 3529
3596 5396
183 9315
1720 8556
8962 9967
7011 9807
6817 7644
6887 8744
3170 3530
4677 5354
5030 5128
7536 7857
4238 4348
5272 5777
5174 6978
6919 9698
6742 9895
7682 7839
5597 8987
7813 8749
583 7708
2233 3931
6268 6361
9300 9803
9994 9998
660 995
577 2365
1973 8805
7344 8576
9557 9934
9775 9785
9684 9990
3953 4716
9241 9899
8700 9166
9135 9487
7330 8522
5119 9835
9507 9742
1200 5051
1484 5204
5485 8796
3072 5397
3982 5219
2988 6556
1714 2159
4567 5944
2013 2499
8795 9068
6353 8056
1216 5615
4015 4838
1211 9168
4698 7736
2953 7214
322 3786
4896 7334
5775 7424
1661 2213
502 1572
609 4466
21 8226
5873 8680
6361 6659
2780 7745
2874 9197
6852 9107
9069 9859
6256 8703
495 1962
8331 9821
843 5189
6985 9733
2171 6503
2804 6880
346 8360
1600 9522
1343 5845
3542 7687
5381 6562
1166 1319
2166 7411
2462 6115
3577 7094
5112 9536
7238 9687
2579 4428
5275 7188
1975 4304
8477 8819
4549 7354
3351 3575
5505 8345
2240 3853
4780 6750
908 1346
9342 9474
9629 9843
1963 2592
5070 7888
5204 7483
213 3926
8154 8798
7501 8757
2298 7607
5739 8235
8080 9563
2651 4119
174 8451
6763 8173
94 1674
2521 3991
4249 8592
5608 6846
1476 4920
8850 8907
5982 6891
8121 8630
5452 7254
266 9995
9401 9653
8021 8954
6773 8025
8840 9940
7571 8824
7179 9932
2348 4611
4076 4613
3758 8652
5830 6168
2897 4788
241 4076
9495 9734
2080 5016
7781 9612
6286 7745
2895 5302
2321 8355
3285 6359
1773 5157
1016 5332
4786 7366
7311 8350
623 9172
5678 6967
3382 5764
2332 7496
8856 9059
6135 7620
5969 7898
3819 5174
6668 7151
9078 9276
3781 4072
2983 8983
2770 5094
3573 5805
9544 9596
2904 7308
932 9080
5089 7229
8100 9021
6334 6954
7617 9899
5590 7355
8652 8753
3035 3293
3582 8415
7426 9015
3601 6770
6795 8147
7389 9217
210 9459
4313 5446
8705 9654
8124 8142
6456 9847
5086 9325
2334 2839
1479 3380
6753 7720
9233 9954
6101 9992
4804 5423
2176 8301
141 1804
6509 9143
3270 4022
2770 3386
5569 7788
1258 6988
6366 9571
9644 9739
861 2541
4952 5249
1576 9477
5287 5947
5993 9898
8460 8635
6520 8750
2782 5531
9965 9968
6519 9726
7583 9411
1103 5741
6574 7090
1798 8271
4437 8421
5401 6036
1924 2745
5849 7147
5998 7099
7958 8421
619 5920
106 8824
6917 8799
2599 2613
2067 7683
9792 9850
9165 9364
1558 4029
376 9272
3612 9110
5345 7231
8252 8337
1377 8755
2713 8469
4623 6487
376 9102
1557 3533
3602 6206
4887 8308
1640 8087
4989 9485
7776 8472
3828 4890
1229 1464
5092 5198
2822 6544
1659 5141
1216 5233
6301 7314
2114 2217
6773 9712
8579 9151
7159 7202
4576 7657
9661 9929
3768 6473
6826 7104
1225 2749
1386 2004
113 1232
1596 1759
2922 3692
47 6564
9513 9731
5256 6961
8459 9515
1404 8305
7037 9690
9358 9491
4069 7345
7294 7910
2740 8895
1108 8151
9294 9533
969 8890
8622 9214
5445 9369
4430 7712
2746 5728
7920 8945
1461 7524
7874 9937
9178 9514
1323 9356
3073 3379
1346 8737
3588 4679
3391 5852
6192 9828
3041 9666
3831 6174
7617 8762
8471 9407
6453 8371
7665 7883
862 8924
1955 4517
911 5939
7839 8141
2746 7266
9556 9676
7350 9363
4679 9395
4128 7401
8388 9681
8783 9144
9610 9803
856 3144
5306 6159
422 4227
2041 7652
252 9723
26 5920
262 6481
5562 7796
7378 8428
2910 3646
3342 4546
3622 7393
1740 9315
4182 4255
7464 9677
299 2145
2373 5982
3092 9480
2207 4497
902 1885
4858 7827
1061 5436
2113 3595
2752 6395
9744 9844
5278 8582
2244 6682
5368 8802
4017 4077
3717 4624
4251 5661
4415 6600
2964 5788
1338 3048
3502 5112
7967 8016
4633 7854
9674 9709
5218 7530
1692 4045
1573 8380
6684 8547
1045 2350
2042 8495
1684 7568
2494 5606
1215 9993
3435 5710
9732 9837
3356 8904
3225 9861
4356 7652
6209 9351
2758 4312
7723 9028
4114 8013
4648 5591
98 2507
6430 7653
9967 9973
3918 9994
4213 4886
7737 9068
252 473
1835 7614
8760 9222
2279 5847
3747 7367
4598 9464
9679 9713
2657 8291
6369 8558
3160 6316
674 6922
2623 6818
223 7600
3802 8489
622 2452
895 7445
2239 8988
8510 9399
1383 7444
3149 4755
4934 6550
7090 9912
7005 9093
5430 8813
2118 9813
4248 4706
309 8249
9493 9691
8286 9427
4756 5049
7411 8565
6035 7419
7802 7946
3267 9317
6793 8533
593 5172
1614 9607
7921 9093
3705 5630
3586 8568
1168 1716
5004 8286
497 6286
9384 9918
6561 7343
5809 9962
2652 9054
746 1541
3470 6034
8121 9429
3911 4861
2886 6737
4788 9008
6439 7237
5140 6193
3169 5942
5012 6261
6914 8201
8717 9940
182 1763
5739 6425
3208 9180
9784 9827
3615 8791
9361 9414
8936 9814
5254 9851
6380 8924
1335 4464
4578 6178
3607 5614
523 2754
4306 8719
4781 8727
1188 8195
2354 8070
9946 9998
1070 4731
8143 9313
7362 9707
8029 9480
4486 9865
4027 4504
8377 8585
2611 6701
5786 7149
5283 6631
1879 2356
2383 6419
9694 9963
6814 8194
5282 8922
4999 7816
5222 8960
4638 8333
7682 8376
3950 9745
5355 7447
5508 5997
7535 7819
3677 4131
6776 7237
4845 9643
3108 8521
2952 5926
3743 5136
1213 9813
3833 6253
1849 8507
1767 9000
674 8857
5956 7700
1549 3600
720 1147
1148 4572
1830 4225
3370 8828
4242 9499
801 968
860 9399
5856 6025
1453 9019
7249 8311
5110 8509
7106 8884
9266 9427
5845 5864
4611 5237
4504 7426
6542 9027
1046 9451
1949 5765
9844 9907
8875 9326
774 6799
1105 9638
3103 7334
2352 4317
7822 8236
1031 9672
4326 7384
9088 9766
3488 3781
6155 7741
7279 7885
4070 6710
1449 8463
9393 9706
16 5700
8121 9517
2839 5459
2425 6432
8586 8850
7789 9099
6939 9602
555 6462
360 3303
5487 7459
3081 3451
4866 4868
8446 8565
9532 9672
1603 9740
4168 4616
4315 9948
127 7539
8392 9124
8226 8268
50 4807
9387 9607
1690 5173
105 2714
6255 9863
6689 8881
4662 8499
7323 8667
870 5200
7956 9373
2907 6280
8663 9015
9133 9573
1164 9500
7668 7775
5828 6684
2313 6704
4567 5215
8148 8801
2671 2852
7881 8255
9323 9438
7111 9620
4915 5532
5197 9812
2857 4172
624 4684
39 9471
7667 8530
9046 9250
5978 6834
5354 8062
9476 9665
5839 8196
1494 2685
2512 3311
6408 7398
1899 2407
9660 9670
9175 9495
2277 4983
3700 4060
6741 6974
2678 5467
8581 9350
8823 9391
7263 8815
306 3609
6303 6489
5596 7378
1714 6616
304 3705
9732 9913
9708 9902
8555 9177
371 5860
5167 8290
2824 9927
9470 9709
2902 7124
1062 8808
3350 7268
6170 9461
5045 5954
4078 9724
8366 8833
2792 9961
613 2914
3654 5225
8669 8833
5421 6571
1223 3830
8797 9515
2059 7049
5088 7725
9177 9445
3877 4483
1362 7115
9499 9740
9143 9978
9497 9925
7056 9778
2011 5888
1901 6578
8569 9694
5870 6910
6906 9796
236 5762
7044 8589
7502 8107
8888 9160
6171 6261
2257 6825
5373 8495
9987 9994
2521 7453
9322 9993
4102 5561
2289 3380
1772 6914
1861 2517
2413 4584
646 2691
6827 7273
5171 9762
2193 8581
5772 6457
9607 9706
1211 1245
6354 6366
4380 9976
6189 6976
2592 8380
2508 9258
8261 9889
9389 9524
8197 9516
9781 9870
6921 9541
3696 8607
480 5140
2752 3792
8548 9670
3974 8813
1787 7834
7823 9914
9393 9620
4242 7355
4051 5249
7770 8193
9266 9502
2818 6158
7907 9816
5590 9054
4670 9971
4290 7138
8682 9583
5961 6667
2853 7069
5910 8512
6638 9335
2468 9017
433 8718
1048 4945
4689 9771
5945 9252
4229 9346
4650 9449
9127 9559
6176 9014
9693 9744
856 5201
5473 5680
4889 6440
7063 8234
7150 9052
8374 8738
5150 5937
9085 9423
9259 9748
2491 2596
9957 9993
2157 7431
2932 8416
2643 3402
8006 9327
8051 8149
4305 4444
4153 5885
7552 8883
5747 6369
5015 8608
4130 8176
2211 4020
4769 9647
1244 5476
9373 9641
3412 3613
6893 9148
9686 9757
6007 7122
438 3609
7865 9329
9982 9991
3872 9222
6146 9775
7664 9103
7828 8745
3187 8276
2802 6425
8653 8770
9291 9714
9320 9620
8661 8683
8926 9279
8960 9823
9819 9824
3981 6266
9860 9912
9709 9976
5092 9283
9532 9582
6406 9270
2167 6774
4061 4412
7805 9267
4318 9371
5301 6465
3472 9042
4864 5328
5730 7066
6800 8616
4032 8659
2949 4106
3886 7090
3993 9013
3914 9687
9316 9820
7372 8519
8512 8735
2146 7412
115 7570
1916 9964
5238 9577
5731 5943
5825 9510
5703 9747
2072 8180
990 7959
3148 3571
679 4822
3608 9472
6545 7324
3997 4616
8859 9745
7229 8876
106 2982
8007 8808
4671 8550
1447 4242
6737 8535
5481 8278
8204 8212
5148 7299
4110 7691
3049 5896
4130 8436
3505 5567
6093 9262
3111 6376
8387 9309
814 7008
6260 6429
6695 8860
8389 9217
7251 7669
1975 7209
6298 6954
3122 3573
1606 3517
6064 7792
3928 7070
5515 8672
2427 9464
7238 8637
4214 9869
6359 7592
6502 9464
4253 7022
3322 3814
2680 9790
5230 7865
6299 8598
3412 5532
1429 2644
2886 4333
402 3805
5681 8443
5386 8319
7096 8781
1096 8320
1852 7810
6452 7027
2213 7785
1108 9515
2801 8386
4228 7490
1095 9059
5327 8917
5992 6784
3184 9149
6143 8276
4359 5024
268 3547
4637 5692
2839 5800
3254 9626
795 8304
4057 8904
7886 8941
7064 7500
3803 8338
6780 7746
460 8544
2588 6023
1551 7063
3572 5355
9175 9725
9260 9521
5970 6393
2486 4374
5385 6284
9146 9372
4035 9402
5808 8493
3658 6896
2839 7706
1701 2744
2351 7893
6821 7375
3056 7135
8911 9522
1917 6689
1033 8000
4489 7275
4710 6651
9117 9595
311 4196
4388 6505
7403 9272
7196 7295
7488 7860
6839 9429
2475 7644
8060 8965
8638 9237
3066 6580
7332 8505
5864 6188
9929 9992
2171 8149
3500 5430
6200 6507
9850 9910
1999 4735
3586 4547
1897 9179
3932 5481
7127 9730
8691 9174
7114 8715
2417 6508
1464 9685
3918 4184
3283 5368
6059 9976
6747 9133
3682 5268
260 4385
9522 9981
9925 9989
9338 9782
7660 8097
5374 9980
6262 8772
6366 9532
1935 2375
2616 2774
8361 9008
1301 5832
6274 8306
2679 9817
7526 8762
5824 8051
2498 5733
6960 7555
1003 4383
5896 7796
5981 9412
5537 8824
6161 6318
3221 7185
6037 8390
9186 9268
7760 9008
1317 9548
3963 4980
9163 9758
2757 6344
8655 8965
2872 4200
9811 9843
9121 9304
6469 7569
2019 8847
6096 7984
9100 9393
580 2082
2186 2296
2391 8692
7059 9499
6834 8221
7095 9756
1358 2484
3190 7997
3288 3436
9837 9980
3666 7440
6388 9257
2922 3993
9005 9803
8987 9381
5003 8948
5419 6140
4375 5971
1615 9635
6322 7459
8924 9169
6011 8610
1619 2142
6037 8957
2543 6644
5086 7259
3445 3671
1694 3374
7692 9030
7158 8622
5540 8129
2148 4611
2684 4945
3927 4805
8504 9776
971 8535
5962 9564
6883 8025
6176 8037
5665 7862
9479 9946
5071 5798
5628 6087
3629 8085
38 3049
4887 8628
9011 9963
4061 7323
6524 8928
5057 9350
7924 9239
4877 6725
1604 2819
8439 9933
7919 8163
262 6706
6609 8290
4254 6865
5475 9140
2247 6715
4610 4875
1604 4171
7925 8291
6856 8305
8326 8704
3958 8495
7447 8342
340 8073
8941 9170
1380 7496
241 8355
567 5850
4258 8372
8711 9689
5371 7757
6953 8030
7249 9673
8984 9182
5308 9042
8066 9066
8149 9768
3782 5146
9934 9953
7693 7997
8492 9438
8437 9907
6616 8111
7846 9321
2780 7273
2278 7532
5789 8909
2478 9916
4276 5742
7819 8267
6306 9539
8133 8238
5115 6379
5378 5672
7592 9503
9901 9945
4768 6829
9779 9941
5581 8266
4064 6815
2117 7767
5109 5788
3414 8948
6107 8602
9367 9515
874 1157
7875 9773
3142 8760
3513 9222
5455 6718
4696 7261
5630 5664
2534 5002
4890 8709
3998 8354
6799 9976
4867 6768
5819 8213
2771 7656
1749 2918
2569 4584
6521 6684
538 6737
1200 7858
2819 8940
5402 9233
4895 5944
343 4708
269 5618
3714 5603
8825 8919
2293 9619
704 7395
5507 6949
8281 8378
738 6599
7168 8499
9634 9879
4084 6189
7021 7735
3729 5990
83 7464
4729 5683
5695 9625
4309 7132
5977 8911
561 5313
5981 7827
6631 7348
6917 9416
1541 6244
9753 9812
4173 8084
2670 5270
3610 5197
1086 8602
5702 5908
3573 4593
8044 9279
8674 8710
8158 9048
7850 8714
3266 5116
5710 7991
9944 9994
7913 9711
7480 8861
2714 9438
3531 8796
3373 9442
852 5919
9161 9602
4898 6196
4084 6578
5233 6202
7638 7797
3229 9735
5679 6640
8331 8349
2954 5053
4429 7964
6627 6659
4527 9976
6038 6368
8541 9346
5183 7423
2053 6517
7749 9184
5065 5935
4110 6894
7393 8410
1201 4489
6451 7363
8593 9090
6867 8097
6007 6379
6335 7101
6766 7523
5900 6550
3286 4296
5009 6279
9023 9425
5943 9684
5170 6003
274 4341
4418 6545
815 932
3684 7127
985 3052
364 2463
8035 8689
202 3860
5297 9376
776 9409
6132 8083
6676 9789
3304 9248
4574 9312
6851 8181
1694 8245
4304 8610
6883 7113
1984 4130
674 834
1592 7943
576 5449
3934 7444
9512 9641
8956 9428
2096 8248
9493 9539
5992 6242
4616 5106
6406 9218
384 9423
6369 7625
2214 3229
5503 6197
3751 3950
6121 9969
4646 5348
8773 9684
8973 9037
9434 9844
4484 4753
804 1222
1553 3561
3117 9812
122 5787
4398 7142
8962 9912
4526 5264
5358 5599
9432 9728
1751 2313
5023 9481
275 3022
2560 3694
2961 9410
8026 8711
8601 8614
2160 7875
5816 9877
3943 5219
6517 8763
3333 3746
9893 9970
3593 7903
8449 9639
7966 9924
5669 6118
9755 9955
8646 9156
9156 9352
2519 5535
7915 8379
2978 5738
6348 7007
9581 9601
9175 9363
6830 9441
4257 7565
1888 9318
3918 5826
7931 8868
6980 7932
4263 7177
5316 6765
8556 9859
9450 9863
7847 8309
7714 9910
6044 8385
6375 6846
626 7095
3053 7669
8246 9092
3436 6279
6686 7959
1960 4265
3113 7225
5162 9551
8009 8378
7763 9294
25 1407
4489 8911
8497 9568
5503 5660
2217 4381
6768 8180
5130 9379
8075 9471
2856 9377
8671 8922
2241 6513
1169 4369
9669 9991
8377 8451
4574 4976
2959 4081
5281 9665
9353 9796
9799 9966
4108 7260
7225 8027
5423 6084
3531 5299
9866 9939
5843 7202
9146 9698
4297 4737
9339 9656
4282 8797
1879 7011
4753 7828
3500 6632
1625 6453
6091 9838
9777 9862
7186 9044
9752 9953
9534 9749
4735 6350
4830 7595
7963 9757
8470 9791
2608 5797
5935 6570
8115 8199
2878 8618
7477 9579
1554 6685
1275 7896
1899 6147
4827 5584
9748 9796
6273 7020
2232 9088
1817 9652
6531 9098
2035 4108
7414 7896
5930 6304
8604 8618
6676 9188
4178 8786
8856 9269
4893 9112
5010 5013
9250 9588
6334 9275
209 4436
4001 5222
3220 6934
1274 8731
3098 5701
3815 7656
5717 8141
7966 9746
2150 5231
1351 8720
8629 9399
6449 6899
6580 6839
3405 5908
7863 8909
4231 9881
9196 9438
4098 5260
9870 10001
6208 9687
2460 9832
1996 5789
6887 9595
4098 9656
5781 6335
9904 9923
2532 9745
6170 8569
7078 9452
7403 9858
6693 6904
8696 9011
542 8552
5071 8220
7068 7106
5091 8919
2149 5825
2713 4488
2969 3471
9524 9846
9070 9301
7901 8101
8468 9332
3650 6219
5567 6715
8323 9034
5543 7711
3259 4869
1214 8349
7982 8263
3812 7619
7946 8380
4303 4961
4878 8197
3462 6814
633 7396
9793 9999
6899 6907
2790 6663
6953 9577
9481 9588
6252 7426
3335 4896
2099 9447
2404 7088
6328 9053
5884 6134
2309 6260
9820 9907
5961 8183
8320 9171
7153 9489
5369 8385
8648 9279
7822 9895
9745 9774
9509 9811
6891 6925
8727 8763
1171 5841
1032 5555
3990 6102
8868 9422
6212 6781
1204 5600
8988 9933
8983 9491
6657 8777
5416 7237
2791 8454
8073 8749
5085 6068
4375 5315
184 2085
60 9087
5749 6157
573 6845
4066 6326
6409 6717
4946 6731
7822 9707
4339 5452
3813 7289
4743 9847
4181 7469
4418 9495
3536 3693
1897 6587
1989 6387
2994 6676
4711 9572
4945 5101
7698 8137
9821 9997
6239 9664
996 3311
7314 7398
4758 8125
9127 9893
8083 9798
1139 2414
5316 6824
9708 9823
4728 6149
4983 9484
782 8481
6008 9523
2505 8746
5495 9987
7540 8400
9543 10001
7918 9562
3697 8577
7089 8399
954 4000
3279 5513
3708 4743
6866 7650
6010 6862
1468 5851
8525 9306
9546 9943
1131 5359
6622 6896
6085 7444
1434 8453
5181 7384
800 9861
1334 7745
2391 2991
6049 8436
6698 7687
2340 5477
8430 8694
2508 4339
7949 8071
5092 6898
5805 8406
661 6672
4859 7337
9305 9781
8583 9132
9611 9779
7175 7322
7061 9485
7987 8266
5785 7049
5848 9633
7257 9530
4350 5444
5707 6202
1780 2898
8734 9260
363 5263
2690 7353
8533 9757
6576 7265
4532 5152
2942 6846
6783 7814
6028 9205
6606 8844
395 7915
4905 8564
8769 9312
6939 9442
9067 9875
9112 9597
4575 4824
8802 8977
4399 4677
9697 9920
9891 9966
2755 3248
7389 9480
8463 9607
2035 2630
8494 9101
222 5090
4010 5131
5310 8769
88 8461
3891 8624
4751 8508
144 579
5339 5661
5586 8997
1292 6542
5338 6637
363 9590
6446 7903
9363 9498
2213 6716
6252 7624
2730 9662
5486 8256
7329 9196
7790 9871
2227 8858
7011 9079
6293 9108
6236 7362
5292 9598
5792 7072
2398 6428
8335 8764
1337 2649
6346 8433
4832 5399
7710 8073
7599 7815
4030 8647
5475 7515
5524 6423
1313 2767
763 5498
7371 9003
8155 8585
6064 6768
2762 5546
2458 4699
7190 7967
9392 9771
3562 9089
6100 6190
7978 8496
9843 9987
2757 4150
5581 9729
8026 8186
4417 4754
478 6561
6655 8363
5565 5777
2471 6800
9425 9695
9225 9931
3630 9617
1118 6092
170 4226
8942 9755
18 8914
2744 9007
7586 9407
7019 9052
7006 7893
2045 9370
4329 8076
4744 7504
1772 6652
7401 7752
7321 8097
4702 8766
8618 9648
4329 4660
9792 9954
7180 9189
5756 6746
7006 8049
4920 8451
2296 2820
9162 9372
7778 9092
7910 9256
9405 9697
3719 5052
5934 7371
9738 9974
6585 9004
2565 6653
527 8167
9500 9769
6419 6870
5726 7949
7261 9072
2725 5420
1044 1464
6730 7553
9 6255
6654 7272
1850 7111
9596 9627
3611 9629
6556 9921
9207 9924
9420 9693
1185 2428
6160 8444
3967 4388
5168 9977
5533 7953
2758 8032
7780 9548
8686 9035
9177 9618
5418 7095
9506 9939
6665 8068
2070 5860
9456 9876
2093 9760
5094 9568
2295 4780
2615 4885
463 5477
713 8282
6081 6721
4760 5967
8886 9507
4292 9773
2221 4175
7825 9536
5334 7605
5640 8431
3130 5641
5265 7157
4897 7363
454 9277
4471 6612
7358 7729
419 1264
7696 9411
920 6130
4901 7971
4928 5305
5739 8493
3321 8260
6011 9477
8935 9222
9776 9792
3552 5070
2845 4822
1359 8491
7760 8799
8183 8231
6224 7801
202 2212
259 3090
7178 8610
1071 5157
5122 8207
2042 9164
9313 9566
7873 9234
6627 6912
712 3272
4484 6812
8746 9432
8930 9775
3095 6743
1683 3056
8087 8472
2514 7581
7324 7749
2725 9204
3056 6528
2759 7584
2359 4980
3727 4546
2488 3734
4521 5852
5836 8070
521 6317
5822 6441
2379 3266
8554 9868
6575 7036
707 6656
480 737
8961 9558
8093 8317
4027 7951
7243 9685
6709 9661
6134 7310
659 4851
2701 7844
9104 9376
6553 9053
2152 6019
4824 8183
4278 4970
3435 4303
7213 7508
4415 5415
9757 9866
1991 2426
5475 9354
1059 4059
9761 9931
8873 9135
4622 4809
8138 9622
9513 9849
5101 6342
3998 9974
4648 5179
5507 6468
9414 9765
8343 9278
2291 3851
4764 7687
3441 9280
8 4105
2074 2726
1148 9754
5952 6485
6428 8176
375 8426
1098 3912
4375 9719
6695 7207
9382 9678
4235 5354
8320 9873
9468 9701
5297 6156
15 5128
724 5691
1962 2906
7959 9801
6696 8952
4201 7508
6879 6951
5235 7871
6230 9852
920 8452
1351 7634
9358 9880
1223 3094
2352 2648
2667 3575
5457 8367
4212 9893
371 775
3663 4116
5428 9755
9705 9984
3133 4946
8707 9233
7938 9035
3184 7903
2751 4897
461 7762
9451 9787
3395 4706
7008 9130
8737 9810
6595 7410
6709 6761
7973 9628
1054 3631
2232 4506
2041 2518
7810 8234
4689 5818
685 4879
3508 6276
4423 6134
5702 6015
3917 7147
5851 6480
4063 5222
3367 9303
354 6221
5298 5422
3231 9112
7308 8000
2350 7387
3201 4166
3432 8086
3888 8337
3258 3273
3013 5631
8250 9212
6926 8680
9907 9980
556 2067
329 6619
4010 9319
5931 7622
2102 8508
2910 9682
2596 9728
415 5664
2350 2474
4647 5486
6734 9061
9114 9515
2479 4733
4325 6997
665 8466
3449 3481
2604 3779
6224 7020
8608 9730
9035 9872
5509 9591
367 5560
1782 5481
2415 5043
8529 8719
3023 3554
22 6569
4931 9856
8231 9556
4710 8055
6279 9934
4499 9792
4309 4868
7889 8438
6960 8942
1852 8193
7892 9941
4394 9837
8291 9548
1051 6438
7265 9146
2583 3080
2569 8993
2220 7998
5782 9053
8039 8843
3491 6382
34 9890
5609 6814
7833 8163
5125 7456
9069 9447
5420 7493
8763 9520
8789 9363
2812 8812
8169 8997
891 8371
4365 7973
4489 5531
2383 3473
1367 3352
4391 4629
1673 8697
5268 6621
8260 8438
888 5953
8064 8108
9909 9919
6221 7794
1242 3029
2635 5312
8823 9213
650 6615
7861 8489
2817 3677
8702 9858
1254 3372
3704 8036
4925 6420
1839 2898
3275 4664
4624 7076
832 2846
2306 9775
5427 6289
8835 9259
6561 7046
2848 5517
6449 8913
5675 8836
4050 8575
7853 9697
1953 8147
5720 6189
835 4981
1565 1939
8249 8307
2048 4879
6389 7239
6410 8345
9997 9999
1093 5859
2926 3661
7498 9027
5516 7276
9136 9448
6727 9065
2945 3657
4718 7710
9564 9661
7360 7840
8822 9976
9106 9410
1464 4612
4804 7640
9241 9522
6861 9522
7031 8229
7367 8962
6619 8785
4158 8843
1536 8466
9844 9896
377 9922
9884 9927
8759 9112
4523 7332
8327 8458
7867 8986
6212 6927
9698 9707
612 6067
5975 8483
8118 8715
9727 9780
4489 4970
5645 8853
5953 6271
9182 9362
3714 5020
5887 9393
7473 8728
9990 10001
5219 6191
8232 9941
7174 9460
8938 9436
5644 7921
224 8266
9126 9183
5450 8721
2343 3795
2292 8209
6227 7164
5095 9396
8089 9278
4096 5006
4975 9004
432 8447
601 7851
8573 9168
5377 6060
1682 6036
7068 7938
6334 8947
2723 5128
7559 8684
576 5441
7289 7593
5676 8303
4120 6256
1508 4331
7447 8108
8480 9094
2882 7387
2955 8629
9524 9707
3501 8598
9337 9927
5358 8068
723 8816
6949 8860
4180 9008
9383 9888
1890 3086
4119 9181
6121 7821
4841 6697
5817 6402
2524 5278
7360 9721
4404 5453
5554 9422
899 1744
9420 9834
4133 9522
5660 8798
849 5999
849 1362
2135 9118
7661 8587
6542 9003
4941 7410
8565 9308
1226 1560
2741 5396
5291 7836
4269 8644
3032 8010
7883 9354
9107 9402
9135 9190
5564 8679
4169 9254
5233 6117
22 1704
5298 7430
4599 7838
9542 9782
6222 8019
4237 8241
1803 8322
4249 9150
3391 5500
5133 9323
2431 6190
8769 10000
6638 7430
6928 9369
7315 9055
7061 8684
1020 6945
861 9722
5321 6882
6816 9514
6244 7803
7860 9706
9617 9992
881 4111
5877 9216
3010 5300
7781 9560
9976 10001
3451 9081
5016 6621
6172 8436
6484 6574
9122 9619
5628 8298
6613 9654
9352 9891
8596 9778
9401 9671
7180 7883
9200 9766
3184 5853
5036 8801
2665 5384
3479 7049
8639 9374
6467 7991
8152 9308
3393 6392
5728 8996
7429 9318
8429 9087
279 2388
2140 6373
6820 6991
5371 5757
7901 8551
5667 9211
4446 6230
9665 9723
3730 5685
796 1461
8600 9816
1508 8235
3460 9257
6990 9490
8745 9387
6149 8822
7732 9914
1146 3216
6345 7511
5918 7771
6669 8922
9043 9857
4247 9074
2420 6863
2615 5000
8422 8482
7364 7777
6316 9855
1409 4022
7262 9595
7701 9531
7825 9172
6105 9140
9637 9770
8010 9153
7334 7872
6510 7226
1102 5453
3610 5579
1695 9410
3270 9518
4847 7518
8708 9884
6261 8465
2055 3046
5291 5413
8862 8993
4159 6165
4702 8914
8708 9183
6762 8229
9993 9997
1573 5486
341 1883
2756 9512
9862 9959
1329 7584
4542 7138
9426 9448
9599 9879
1272 5522
5334 9226
4241 4608
2549 7411
8854 9895
5338 5869
9813 9985
9746 9848
746 1304
6875 8455
17 3348
4531 8530
1603 2004
6380 9718
5293 5882
445 5096
81 5913
3753 9000
9137 9211
4863 5909
7075 8739
9595 9915
4921 9746
897 5081
3198 6193
7538 9523
9798 9819
5895 6674
6864 9798
9718 9925
144 2715
4041 9937
7932 9189
6634 8300
647 6067
1089 7843
285 3232
909 8528
6735 9624
6443 7930
6675 6844
112 1784
7779 8691
3890 5466
2050 3263
1374 4010
9256 9946
3124 8731
6679 7871
7342 8747
9456 9654
1910 6411
5881 9111
9526 9757
3387 9221
5368 8314
2830 4144
6786 9952
571 3057
9963 9976
9222 9503
2621 4235
9612 9922
9184 9664
7259 8221
9984 9988
526 3805
4409 8117
9742 9994
3176 3595
2722 6652
4524 5554
2241 2901
8908 9832
6999 8942
5851 8133
7314 8689
5057 5506
7024 7521
4376 5812
3400 7775
309 2507
4941 7773
7542 8514
6959 9671
1616 8153
4134 6151
1823 4319
5365 9305
8498 9598
9397 9840
4314 7071
5334 5900
2769 5781
5783 9042
5873 9380
3260 5467
8520 9856
6872 8663
9686 9894
2242 8667
2302 7917
5154 7953
3664 7692
7162 9359
9055 9674
5333 6450
4746 6535
8481 8832
9596 9663
4655 7065
7992 8524
823 8284
9221 9990
632 6509
6675 9798
6128 8649
3016 4416
997 8855
5231 5280
5938 9279
6725 8453
4421 8589
4172 5643
6794 9153
601 8690
2151 6021
5189 9487
7228 9401
6144 8995
2275 4897
3978 4497
4193 5471
92 2864
6443 8859
1838 2397
5208 7212
1143 4483
1697 4360
4594 6794
8535 9010
9238 9392
4165 5716
3400 4615
3194 5050
4966 9792
1464 7041
1605 9209
5569 7627
9086 9245
5596 6056
4592 7894
3541 9646
4829 7240
6763 8227
4885 5506
7882 9636
7108 7917
1690 5981
9187 9501
4991 7811
288 5965
8463 9211
4319 4438
1360 7646
8246 8263
7814 9417
7413 9290
4710 6885
6078 6519
7212 9780
2108 5449
4227 8925
8318 8947
7823 9705
5411 5489
3540 9974
5538 7155
8501 9281
7184 9693
9802 9995
4520 6259
6367 9832
8457 8721
292 2790
6616 6965
8676 8863
7974 8224
6790 8904
1954 9076
9228 9581
1503 3263
1208 3704
5597 6382
8162 8837
6776 8156
123 6651
3946 4295
3182 3758
3656 9612
7387 8072
3321 5126
7333 8508
9229 9632
588 7409
4923 9449
3497 4694
6285 7782
252 2640
9102 9860
5323 6548
7158 9687
2337 9621
8163 8579
7477 7673
836 1133
2332 8965
5042 5802
4599 8835
8285 9196
4004 6738
5695 8137
9296 9690
6262 8637
6522 8096
3010 6745
5668 8505
8786 9654
7687 8408
8759 9043
7694 9876
2047 7973
441 2081
6278 7047
3455 9412
7471 7750
5833 8487
4206 8975
7600 9708
680 693
4348 8273
9997 9999
3474 4667
7198 8058
9783 9894
4237 9001
8001 8491
9561 9964
3491 7879
3869 7933
3818 4456
4957 7270
9716 9778
1561 5471
5420 6003
6942 8237
6678 6752
6545 8332
9951 10001
7024 8679
4057 8137
2528 4318
2281 6976
3792 9393
8015 9408
8483 9001
2466 6264
5079 6957
2923 4726
3425 6394
8079 9798
3218 3607
5814 8388
4608 6199
8264 9414
8698 8975
3136 5953
6804 9331
1593 9256
4438 8183
8047 8802
6160 6826
5094 9205
6889 9167
259 4388
1927 3846
7997 9095
8205 8639
7879 8279
4711 9775
5684 9203
3773 8663
6303 7631
7376 9820
5706 7917
1914 9504
640 7629
1951 5472
8158 9257
7992 8870
5205 5609
6348 7868
5500 7425
2291 5871
4462 6384
9274 9947
8961 9234
9251 9737
4288 7209
9179 9914
6440 8658
5107 8307
896 8308
7087 8457
5235 7793
5426 6918
381 8857
674 6768
6610 8605
4358 5839
7886 8145
4477 6012
741 9948
957 5937
2478 6573
1395 4528
2586 9375
6861 9521
1845 8895
7473 8218
6986 9216
7476 7782
216 1430
8729 9948
6119 6246
8153 8247
3942 9876
1708 6191
2575 9009
7767 8587
9021 9121
2227 4858
5016 8515
8179 9274
361 3351
1681 2729
2306 7672
8609 8964
9247 9708
1259 3199
512 7571
6503 9747
4423 7470
3456 5863
3405 4999
5462 8644
3036 4414
8405 9007
2456 7042
1731 4527
9773 9804
1950 4717
1707 3729
9280 9856
1265 2926
8441 8644
3174 5269
3879 8326
3187 5734
8213 8895
9081 9824
9806 9905
5760 9388
5309 7046
2047 3727
1047 3537
7380 7454
5667 7070
4817 9116
4392 8024
7200 8370
762 9506
9428 9945
4966 9397
810 8298
794 9174
8330 9244
7662 9452
2216 3429
5093 9873
7110 8374
2335 2365
1067 1370
1561 6256
3155 9735
3665 7225
583 6193
575 4223
1727 6546
9853 9946
292 411
4859 6125
2669 9302
1666 5583
4901 9885
6041 8237
4099 4102
3605 6289
1048 8510
2321 2343
2703 3807
3245 8219
5659 9566
9060 9365
2924 7405
6358 9385
5657 6551
1427 3800
2450 3699
2602 8195
673 7680
1152 7788
4151 9886
29 9905
4960 6494
2472 9041
6382 8888
2899 4063
1326 5433
2628 7616
2639 6503
6271 9013
4736 4742
8752 9048
1732 7683
5464 5806
4770 8171
914 2778
97 5838
4917 6636
1990 8558
8776 8968
2395 5555
878 9436
700 3548
9730 9812
6051 9157
1791 8394
3469 7833
5563 9324
5493 7182
7223 8596
1721 2395
2302 7757
2754 9071
3025 4674
9470 9868
1079 2293
2795 5066
2992 3012
7683 8996
