10
-309 98 -258 204
-303 83 -251 98
-218 111 -287 31
-145 204 -23 257
-129 272 59 272
-8 159 74 130
150 146 68 174
59 196 128 242
98 256 241 235
197 61 173 92
3
-100 10 -100 50
-50 100 50 100
100 10 100 50
5
-100 100 100 100
-80 120 80 120
-60 140 60 140
-40 160 40 160
-20 180 20 180
2
-50 50 0 50
-10 70 50 70
2
-50 50 0 50
0 70 50 70
2
-50 50 0 50
10 70 50 70

2
-10 1 10 1
-10 2 10 2
3
-10 1 10 1
-10 2 10 2
-10 3 10 3
3
-10 1 13 1
-10 2 12 2
-10 3 11 3
3
-8 1 13 1
-9 2 12 2
-10 3 11 3
3
-1 1 1 1
-2 2 2 2
-3 3 3 3
3
-1 1 1 1
-2 2 2 2
-2 3 2 3
4
-10 1 -5 1
-4 1 -3 1
-2 1 -1 1
0 1 1 1
5
0 1 1 1
0 2 2 2
0 3 3 3
0 4 4 4
0 5 5 5
0
