4
3
1
1
1
2
1
1
1
1
1
1
4
1
2
4
3
4
3
3
4
3
1
4
3
3
6
5
3
3
2
2
3
1
4
1
3
2
1
4
3
4
4
4
4
3
1
4
2
3
1
4
2
1
1
3
3
1
5
1
3
4
5
4
2
1
4
3
4
3
5
6
4
2
5
2
1
3
2
1
2
4
5
3
2
2
4
2
4
4
3
4
3
3
2
3
2
1
1
3
4
2
3
3
6
3
3
4
1
4
1
1
3
3
3
3
4
3
3
2
1
3
4
3
4
2
4
3
1
2
3
3
2
2
5
3
3
3
2
4
2
2
2
4
4
1
1
4
3
1
3
2
6
1
5
3
2
4
4
1
1
3
3
4
2
4
2
5
1
1
6
2
1
4
1
1
4
1
2
1
2
1
3
4
2
2
1
3
3
4
4
2
3
1
2
2
3
2
5
1
2
6
3
4
2
1
6
5
2
4
3
2
1
2
2
6
6
2
3
1
2
1
1
2
5
1
3
2
4
1
1
3
1
2
2
3
3
3
2
4
1
5
3
3
4
5
2
2
2
1
6
2
1
3
2
4
2
1
4
4
3
2
3
2
1
1
3
2
7
5
4
4
2
2
2
4
4
4
3
2
3
2
4
4
3
5
3
2
1
4
2
1
2
2
4
1
3
3
2
3
2
4
2
3
1
4
1
4
4
1
3
2
5
2
3
2
3
3
1
2
1
2
1
1
3
1
3
3
2
3
6
3
2
5
4
3
2
2
3
3
3
4
4
2
3
3
3
1
3
4
3
3
1
3
1
1
2
2
2
2
3
1
3
3
3
3
4
3
2
2
5
1
1
4
3
3
4
1
2
5
3
4
3
1
2
2
4
1
3
2
3
3
4
1
4
3
3
3
2
2
3
4
3
2
2
2
3
2
1
2
4
5
2
2
2
1
4
4
1
4
3
1
5
3
1
2
3
2
3
4
1
2
2
3
3
4
3
1
3
3
5
3
3
5
2
4
4
3
3
5
3
3
2
4
5
4
3
4
3
2
2
4
1
2
2
3
1
4
2
5
4
3
2
4
3
3
2
3
2
4
1
3
2
2
5
3
3
3
3
1
3
3
3
2
2
1
2
1
3
6
2
4
3
3
1
2
3
4
1
2
3
3
4
1
3
3
4
2
3
2
1
2
5
4
1
5
4
4
3
6
2
3
4
4
4
3
3
4
4
3
1
3
3
1
1
1
1
1
1
3
1
1
2
1
1
2
4
1
3
4
3
3
3
2
4
2
4
4
5
2
1
5
3
1
1
3
3
3
3
5
2
3
3
3
4
3
1
3
2
2
1
2
3
1
1
3
5
4
3
3
2
2
1
4
1
3
5
2
4
2
1
1
2
1
3
1
1
1
4
1
3
5
4
3
3
5
5
1
2
4
3
1
2
4
6
4
1
5
2
4
2
1
1
1
1
4
3
3
3
2
4
4
1
5
2
1
6
3
3
2
2
2
4
3
3
4
1
2
1
3
2
3
2
3
4
2
1
5
3
3
1
2
1
2
5
2
3
2
2
1
5
1
2
1
1
3
3
3
4
5
4
4
2
3
3
4
3
1
1
4
4
3
3
2
6
1
4
4
5
2
3
3
2
2
3
3
2
3
2
3
3
2
3
4
1
2
5
3
1
5
3
1
2
1
3
2
1
1
2
4
2
3
2
4
5
3
1
3
1
2
4
3
4
2
3
2
3
2
5
3
3
1
3
5
2
2
1
2
1
1
4
1
3
2
2
1
4
2
4
4
3
3
3
3
4
1
5
3
1
2
1
3
4
6
1
2
4
2
2
2
1
3
2
1
1
2
1
2
1
3
5
1
3
4
1
2
2
3
1
1
1
4
3
2
1
3
1
5
2
1
3
2
4
4
1
4
1
3
2
4
2
1
2
3
1
2
4
3
4
3
1
2
2
6
4
5
2
1
3
4
2
2
1
3
5
2
3
2
2
6
4
1
3
2
4
3
2
3
3
2
4
4
2
3
4
1
5
4
2
4
4
2
1
2
2
4
2
3
2
1
5
3
1
1
2
2
3
5
3
4
3
4
3
2
2
3
1
3
2
4
4
3
3
3
2
4
3
2
3
4
2
2
5
5
1
1
1
3
4
2
1
4
3
5
3
3
2
1
1
3
2
1
5
2
1
3
3
3
3
4
1
2
3
1
3
3
1
1
3
3
3
2
2
1
2
2
1
2
2
1
1
2
2
4
5
2
3
4
1
3
7
4
2
2
1
2
1
3
2
4
5
4
1
2
3
1
4
3
1
3
1
2
1
2
1
3
14
17
16
11
26
24
16
7
14
15
23
19
11
11
3
18
20
21
12
17
8
3
11
19
8
21
13
19
11
15
18
20
7
2
16
2
11
17
9
20
4
13
17
11
9
11
7
1
3
13
24
24
12
14
15
27
22
13
18
22
17
14
8
4
18
23
20
20
7
16
18
14
1
13
8
19
15
19
21
8
1
13
5
21
20
17
17
2
12
12
9
23
9
13
15
11
2
20
10
