4
5 5 9 5
-7 6 5 2
-2 8 6 3
0 6 1 4
8
-9 9 0 5
-2 4 -7 1
-3 9 -6 8
6 8 0 10
-6 6 -8 5
-9 5 -9 8
7 5 -1 2
8 10 8 1
8
4 6 -8 1
6 3 5 3
0 6 6 9
5 4 -6 1
6 4 8 1
-1 10 -7 8
-1 6 -8 7
-1 4 -1 5
10
-5 1 -9 5
6 8 8 1
0 3 -4 5
1 6 -8 10
-2 7 3 1
6 5 0 7
-7 9 -9 8
-3 1 0 1
-3 6 0 4
-7 8 -4 2
8
8 6 -4 4
0 10 -4 10
-2 9 -1 7
-1 5 -3 8
-5 7 -8 5
-7 9 -4 9
0 6 3 6
5 6 2 8
8
-9 6 -3 10
3 10 0 7
-8 9 -6 10
5 5 9 5
-7 6 5 2
7 6 1 7
-2 8 6 3
0 6 1 4
8
2 2 8 7
0 10 -4 7
-5 4 2 10
-1 3 -6 2
-8 1 3 10
-1 6 2 3
8 5 8 2
-5 2 -1 2
8
0 6 -3 10
-6 2 5 1
8 3 6 1
-7 5 -8 9
0 3 8 5
7 8 -3 3
-5 5 -5 2
7 9 -2 10
1
3 4 1 1
9
0 8 -6 7
1 10 6 3
8 5 9 2
-8 3 -8 10
4 10 7 10
1 4 -2 2
-1 3 1 9
4 2 0 2
-6 1 4 3
5
-4 10 0 2
5 10 0 1
-2 1 -3 4
4 10 2 10
0 9 -2 9
0
