1
50
01111011110110011100000110111010010001111100100001
00000100010111001000011110000010001100100011100111
01000011110101110101011100110111001000001000101011
01100110000001100001011001001110101101011011111010
01110100000110111001111100011000101010111010011011
10100010010111001110001001000011110011110111000111
01001000000101110000010010101010101111010011110110
01011110101110110101101101010001101000010110101010
01011110000100100100110110011011101010010111110111
00011011100111011010011000110110100000101010010010
11111110110011110000111111001011001100101110110010
00010000001010110000011101010110100001000000111001
00110010100001110100000110000101110101011101010010
10001001100100000111010110001110110000110000001110
11000100010001000110110110110011010001101110011010
01010100100001100010101011000101110100101100100000
00110011101111110010011100010000100000110101100110
01011010011100011011010111100100010101101011011011
11111011101110000001110110101011110100100110101010
11000110111110111000000000010111110111011010010101
11110110010111001101010111011111011111101010001001
10000101000010010001000001001010011111111011010001
10000010100011100111110001000101100001100111001110
00010110010000010001011010001101111110100010010011
00111101010100001001011000000110100101101001011010
11101010110011101011000110101101010100000101111111
01011101101111011001111110011110011110010001011001
01010110001011010110011111001000001010000000101100
01100101010110111101001010000100010001111101100001
11001111101000101010010000010001000111101001000010
00001001000010011100001101011101000011000010011100
11011010010101001100010010111000100111111100010101
11100000001000100100110001111110001001111110100100
01111011111100001000001010010111101011100011001101
10000100010111111111001011001111000000010010000110
10101101110101101000001000011010111011010110000001
11110001011111111110001011001000101000100100111101
01101001111001011010000101110000001010000000011110
00110011100110000001000001110010001101011001100011
01100000011100110110101111010110010011001100011100
01000111100101001010001101110010011111000101001000
01111010010101000101110110110110011001100010001011
10100000000111011000000011111101000011111001011110
10101001011101110011100100010011101111010100001110
00001100010011100101111110100111011101011111000110
11100101000001011010101000011100111100101101100111
11000110111010011001010100001101101100100000110010
10111001011110110110110110101100000100101100001011
10000000000100010001110000111011110110011000000000
00010011011011111010001010010110101001011011101010
