4
50 2
34 0
6 1
76 1
4
38 1
50 0
20 1
4 2
4
4 2
80 1
80 0
12 1
4
92 2
10 2
18 2
20 1
4
6 1
50 0
80 2
60 2
4
28 1
92 1
80 2
64 2
4
20 2
80 1
92 1
50 2
4
0 2
66 1
56 2
50 1
4
70 2
92 2
20 2
24 2
4
66 0
42 2
96 2
24 2
4
30 2
64 0
38 1
80 0
4
80 1
66 0
44 1
58 2
4
14 0
78 2
64 0
72 2
4
98 0
78 1
58 0
66 0
4
94 0
42 2
44 2
78 0
4
52 2
54 2
26 1
80 2
4
90 0
8 0
16 2
52 0
4
90 0
74 0
48 0
96 0
4
82 1
22 0
12 2
36 0
4
66 1
56 2
30 1
96 2
4
66 0
10 2
8 0
70 2
4
10 0
94 1
74 0
16 1
4
44 2
60 0
20 1
54 1
4
60 1
70 0
4 1
4 0
4
84 2
74 2
54 0
50 1
4
48 2
70 0
26 1
48 2
4
8 0
70 1
74 2
40 0
4
68 2
90 2
32 0
10 2
4
36 2
64 2
32 1
2 0
4
98 0
68 1
6 1
48 0
4
26 0
84 2
50 0
90 1
4
24 0
12 0
46 2
48 1
4
18 1
46 0
80 0
52 0
4
16 0
10 0
64 1
20 2
4
4 0
4 2
42 2
80 0
4
62 0
14 1
36 0
64 1
4
76 2
4 1
6 2
48 1
4
60 1
70 0
86 1
54 2
4
46 1
18 2
32 0
90 0
4
16 0
50 0
66 0
92 1
4
66 2
92 0
48 0
92 0
4
52 2
30 1
60 0
86 2
4
46 0
62 1
64 2
32 1
4
26 1
38 2
14 0
32 2
4
52 1
58 1
30 1
62 2
4
24 1
42 0
38 0
94 2
4
36 0
4 0
76 1
44 2
4
88 0
16 1
30 2
88 0
4
18 1
66 2
46 0
70 1
4
80 2
20 1
36 0
72 1
4
8 2
8 1
18 0
90 0
4
16 1
78 0
74 0
30 0
4
88 2
88 0
52 0
10 2
4
48 0
70 0
26 1
12 2
4
28 0
58 0
46 1
20 1
4
58 0
98 0
20 2
44 0
4
22 0
40 2
86 2
8 0
4
46 2
10 1
0 0
54 0
4
18 1
84 0
82 2
84 2
4
18 1
24 2
90 0
10 2
4
16 1
70 1
42 1
50 2
4
34 1
70 0
58 2
50 2
4
64 2
4 2
4 1
94 1
4
94 0
52 1
6 1
82 0
4
82 2
28 1
74 0
22 1
4
54 2
34 1
36 0
42 0
4
10 1
34 1
60 2
94 0
4
30 0
56 2
74 2
70 2
4
62 0
44 0
60 1
66 0
4
74 1
4 2
22 2
28 1
4
52 2
0 0
84 1
86 0
4
64 1
34 1
62 1
28 0
4
98 0
78 0
28 1
62 1
4
40 1
50 2
60 2
6 0
4
52 0
44 1
84 2
90 1
4
72 2
8 1
2 1
52 1
4
4 1
70 0
16 2
16 1
4
52 0
26 1
60 1
2 1
4
48 1
12 0
92 0
72 2
4
52 0
72 2
28 2
36 0
4
88 2
20 1
66 0
68 0
4
68 1
54 2
20 2
96 0
4
36 0
40 0
42 1
72 0
4
76 2
46 1
20 0
30 1
4
86 2
42 0
4 0
0 1
4
30 2
12 0
22 1
90 0
4
70 0
64 1
86 1
64 0
4
4 0
34 0
96 0
44 0
4
18 0
22 0
58 0
52 0
4
48 2
40 0
22 2
56 2
4
76 1
90 1
48 0
44 0
4
90 1
58 0
24 2
68 2
4
40 0
94 2
32 1
50 0
4
16 2
42 1
70 2
96 1
4
16 2
14 2
4 2
84 1
4
40 1
58 1
14 1
12 1
4
94 0
66 1
32 2
20 1
4
48 1
82 1
74 2
92 0
4
50 1
30 1
72 0
12 1
4
38 0
12 0
32 0
98 1
0
